;seqProtocolo;numProtocolo;codHash;tipStatusProtocolo;datDataEnvioProtocolo;codIpEnvio;qtdProcessosLote;qtdProcessosSucesso;qtdProcessosErro;siglaOrgao;grau;tamanhoArquivo;urlArquivo;flgExcluido;data;descStatusProtocolo
0;650439798;TJPE53819202109231632369046551;949ad69d4e7e9e5d33048579cf1d473b387291acc5a51a4b2a2927cd550c645a;7;1632369046560;;0;0;0;TJPE;G1;;2021/TJPE/09/G1/TJPE53819202109231632369046551;False;2021-09-23 00:50:46.560;Erro no arquivo
1;650439786;TJPE20091202109231632369039092;c7ba6d1cfbcbccd8ca17c84a55481f83e22ab24c03237cacbc5de5602900edfd;7;1632369039108;;0;0;0;TJPE;G1;;2021/TJPE/09/G1/TJPE20091202109231632369039092;False;2021-09-23 00:50:39.108;Erro no arquivo
2;650439774;TJPE60615202109231632369033482;e0186d43043f42e66cb76da02e563695e3ec15082ed51da9415f485a30a3220e;7;1632369033494;;0;0;0;TJPE;G1;;2021/TJPE/09/G1/TJPE60615202109231632369033482;False;2021-09-23 00:50:33.494;Erro no arquivo
3;650439763;TJPE87888202109231632369028477;9045835f0b0dd6000f7c6d2fbdbebd52b0ff42df156e0259be6c7dde73463ffa;7;1632369028484;;0;0;0;TJPE;G1;;2021/TJPE/09/G1/TJPE87888202109231632369028477;False;2021-09-23 00:50:28.484;Erro no arquivo
4;650439748;TJPE45458202109231632369016958;794191526b7ad24aed21201f446ac97085d934fe4328c84fc9b242570e86523c;3;1632369016965;;100;100;0;TJPE;JE;1009999.0;2021/TJPE/09/JE/TJPE45458202109231632369016958;False;2021-09-23 00:50:16.965;Processado com sucesso
5;650439737;TJPE57765202109231632369012330;13f145b4e47df85d6e0d1421ad2aca7d421558b05cf96db0ceac57656bd70ced;7;1632369012340;;0;0;0;TJPE;G1;;2021/TJPE/09/G1/TJPE57765202109231632369012330;False;2021-09-23 00:50:12.340;Erro no arquivo
6;650439723;TJPE19817202109231632369006710;d3887e18d672ebf12a6797bdd7ff945e609c9a77b1a18655a936ae60f9346254;7;1632369006720;;0;0;0;TJPE;G1;;2021/TJPE/09/G1/TJPE19817202109231632369006710;False;2021-09-23 00:50:06.720;Erro no arquivo
7;650439716;TJPE94636202109231632369002951;f0cdd7ad3475370f7674f233603470d9ba0e70542b3cb4eec41164652b9a9f13;7;1632369002975;;0;0;0;TJPE;G1;;2021/TJPE/09/G1/TJPE94636202109231632369002951;False;2021-09-23 00:50:02.975;Erro no arquivo
8;650439697;TJPE60654202109231632368994352;259e368cdb7b9f922c762d38642602423cdb97f25c8fe25bd37f0b36173a6b72;7;1632368994359;;0;0;0;TJPE;G1;;2021/TJPE/09/G1/TJPE60654202109231632368994352;False;2021-09-23 00:49:54.359;Erro no arquivo
9;650439695;TJPE31619202109231632368992780;458c445a6505b32acdca9c19d764147d9390037b44279ab665096a803ca2036c;7;1632368992787;;0;0;0;TJPE;G1;;2021/TJPE/09/G1/TJPE31619202109231632368992780;False;2021-09-23 00:49:52.787;Erro no arquivo
10;650439693;TJPE88729202109231632368991116;a72cd678c873b1cf3737231fc475eae166f2fb4d7275d53a5c2bef972fc7484c;7;1632368991125;;0;0;0;TJPE;G1;;2021/TJPE/09/G1/TJPE88729202109231632368991116;False;2021-09-23 00:49:51.125;Erro no arquivo
11;650439681;TJPE53305202109231632368988695;168a693b0602e4fb50dd9aa001c3758d4a984833b7ee276333a7e62654a62842;7;1632368988712;;0;0;0;TJPE;G1;;2021/TJPE/09/G1/TJPE53305202109231632368988695;False;2021-09-23 00:49:48.712;Erro no arquivo
12;650439678;TJPE71279202109231632368986914;017b5f268868dac62b65f4163d9941749a946b0b6382228dcbf16ed639111aab;3;1632368986918;;91;91;0;TJPE;G1;518334.0;2021/TJPE/09/G1/TJPE71279202109231632368986914;False;2021-09-23 00:49:46.918;Processado com sucesso
13;650439677;TJPE75946202109231632368985526;c1a3679885d0a466e61e66eb568d5720ac30c3903835908d8cafa6d26f6afbdc;7;1632368985541;;0;0;0;TJPE;G1;;2021/TJPE/09/G1/TJPE75946202109231632368985526;False;2021-09-23 00:49:45.541;Erro no arquivo
14;650439670;TJPE59014202109231632368983370;7e2cce4097c688a903b70a5047a74b7cc09f1bdd7a109f2e780b0248f0d2743d;7;1632368983377;;0;0;0;TJPE;G1;;2021/TJPE/09/G1/TJPE59014202109231632368983370;False;2021-09-23 00:49:43.377;Erro no arquivo
15;650439667;TJPE58380202109231632368981600;8df64118b7a6986a28ca5b7ee71d7da04fafd74ae5506a90ebdc5f2c444af70d;7;1632368981608;;0;0;0;TJPE;G1;;2021/TJPE/09/G1/TJPE58380202109231632368981600;False;2021-09-23 00:49:41.608;Erro no arquivo
16;650439665;TJPE14537202109231632368979801;73bc679a7d3c8da180580069d27b8cbf12cf6a026cd0fd334974e4f2842a7883;7;1632368979813;;0;0;0;TJPE;G1;;2021/TJPE/09/G1/TJPE14537202109231632368979801;False;2021-09-23 00:49:39.813;Erro no arquivo
17;650439660;TJPE35142202109231632368976672;11522313f04e545320c06847fc7fcf5c09256fc872a86a4cc095166fd0c87c14;7;1632368976683;;0;0;0;TJPE;G1;;2021/TJPE/09/G1/TJPE35142202109231632368976672;False;2021-09-23 00:49:36.683;Erro no arquivo
18;650439657;TJPE72873202109231632368974989;bee60cef3857978a8b0e890f04bab8bf3ae28b49169e4b8b8407d8e75c51f256;7;1632368975000;;0;0;0;TJPE;G1;;2021/TJPE/09/G1/TJPE72873202109231632368974989;False;2021-09-23 00:49:35.000;Erro no arquivo
19;650439652;TJPE30710202109231632368973113;876679e4a24ba2cb719c470649d37e380a49e9ba15546fa581434fa5dd97eeef;7;1632368973127;;0;0;0;TJPE;G1;;2021/TJPE/09/G1/TJPE30710202109231632368973113;False;2021-09-23 00:49:33.127;Erro no arquivo
20;650439648;TJPE31663202109231632368969276;f9b8da2c615d624a93eda9cf1c0f301e136c190e1a6c415beab0a370cc3c597d;3;1632368969293;;100;100;0;TJPE;G1;1509575.0;2021/TJPE/09/G1/TJPE31663202109231632368969276;False;2021-09-23 00:49:29.293;Processado com sucesso
21;650439639;TJPE91517202109231632368966208;6427220a2a31bf73d296d8d79db5896d4ef16f1cbfca5c9cc64a47b54d113f19;7;1632368966217;;0;0;0;TJPE;G1;;2021/TJPE/09/G1/TJPE91517202109231632368966208;False;2021-09-23 00:49:26.217;Erro no arquivo
22;650439635;TJPE13886202109231632368964004;d2d5b7ade36d72510273364f3020d66202805dd4f3b8f57193d040443452214b;7;1632368964013;;0;0;0;TJPE;G1;;2021/TJPE/09/G1/TJPE13886202109231632368964004;False;2021-09-23 00:49:24.013;Erro no arquivo
23;650439626;TJPE82596202109231632368958713;0d15eac795b1cc96f33d6e07941214a4501e1218f71a32ba4a73719c6826b774;7;1632368958722;;0;0;0;TJPE;G1;;2021/TJPE/09/G1/TJPE82596202109231632368958713;False;2021-09-23 00:49:18.722;Erro no arquivo
24;650439617;TJPE69521202109231632368952823;e6be0599601fb57fe420383ab9e213905e208ed3c7395bbb1b87a1f7d0246a7b;3;1632368952832;;100;100;0;TJPE;JE;1207531.0;2021/TJPE/09/JE/TJPE69521202109231632368952823;False;2021-09-23 00:49:12.832;Processado com sucesso
25;650439609;TJPE57839202109231632368948456;d3997a7fe4764b59c9b790083ad265d3fd7b5900edfcfe49ef1e236172d5d731;7;1632368948471;;0;0;0;TJPE;G1;;2021/TJPE/09/G1/TJPE57839202109231632368948456;False;2021-09-23 00:49:08.471;Erro no arquivo
26;650439594;TJPE27206202109231632368943889;625503ca3b7acede368ba2eeb38c8e3516baad7683754721759c43f14bf0bbe1;7;1632368943897;;0;0;0;TJPE;G1;;2021/TJPE/09/G1/TJPE27206202109231632368943889;False;2021-09-23 00:49:03.897;Erro no arquivo
27;650439587;TJPE33751202109231632368939064;95c8ff341f668035975c9de032aeee066b7f3c4c7bfce7f4f9533f8e434d8bc7;7;1632368939074;;0;0;0;TJPE;G1;;2021/TJPE/09/G1/TJPE33751202109231632368939064;False;2021-09-23 00:48:59.074;Erro no arquivo
28;650439566;TJPE51697202109231632368933165;c49d520ac05e23023d9516971caf1a3c5947bcc70ab8f7ae17814d1dee46e01d;7;1632368933176;;0;0;0;TJPE;G1;;2021/TJPE/09/G1/TJPE51697202109231632368933165;False;2021-09-23 00:48:53.176;Erro no arquivo
29;650439559;TJPE57945202109231632368931260;0e3685098ae8c6b6177836542306cea01f3f704e6b3ebb637d67f0accf301ea9;7;1632368931273;;0;0;0;TJPE;G1;;2021/TJPE/09/G1/TJPE57945202109231632368931260;False;2021-09-23 00:48:51.273;Erro no arquivo
30;650439553;TJPE65683202109231632368929141;824dbd2d63876d2a58018f6f9f6e0925f1286302d203bfc204209f909c79ecc0;3;1632368929158;;100;100;0;TJPE;G1;1467821.0;2021/TJPE/09/G1/TJPE65683202109231632368929141;False;2021-09-23 00:48:49.158;Processado com sucesso
31;650439544;TJPE86799202109231632368926966;f9576af736ed3dfc0b53125aa9c4e7830ee8cded2f94412f5303234e8d3e17fd;7;1632368926979;;0;0;0;TJPE;G1;;2021/TJPE/09/G1/TJPE86799202109231632368926966;False;2021-09-23 00:48:46.979;Erro no arquivo
32;650439539;TJPE71483202109231632368925126;1ee6a1afc85903e4008ef7ba257e9a7b1915f852e08020a25d87c5b308229c31;7;1632368925138;;0;0;0;TJPE;G1;;2021/TJPE/09/G1/TJPE71483202109231632368925126;False;2021-09-23 00:48:45.138;Erro no arquivo
33;650439536;TJPE67383202109231632368923499;31a82216e036251db42b5eddcb6cf733bbb92293639e6b3001aae080f17f62e5;3;1632368923517;;92;92;0;TJPE;G1;938528.0;2021/TJPE/09/G1/TJPE67383202109231632368923499;False;2021-09-23 00:48:43.517;Processado com sucesso
34;650439534;TJPE53598202109231632368921886;803a5fe959f042764599588297ac1c4d6c550246a188abf07f8bb2c0b69ac2d8;7;1632368921891;;0;0;0;TJPE;G1;;2021/TJPE/09/G1/TJPE53598202109231632368921886;False;2021-09-23 00:48:41.891;Erro no arquivo
35;650439531;TJPE15380202109231632368920445;9b0362f818ded3baf1312faf2ddbd54529faa49ad13c7a4b416e03636dd4e0ac;7;1632368920456;;0;0;0;TJPE;G1;;2021/TJPE/09/G1/TJPE15380202109231632368920445;False;2021-09-23 00:48:40.456;Erro no arquivo
36;650439526;TJPE63692202109231632368917270;f894e45a7770cbd06ee3869d33ec1fbdd283035861c46589a3b91dabdb31c1ac;7;1632368917282;;0;0;0;TJPE;G1;;2021/TJPE/09/G1/TJPE63692202109231632368917270;False;2021-09-23 00:48:37.282;Erro no arquivo
37;650439520;TJPE93419202109231632368915373;982125a2f4b88ebe0d9f76909e26ec69cbfd28198d91d6d5936512ec3d457eb5;7;1632368915387;;0;0;0;TJPE;G1;;2021/TJPE/09/G1/TJPE93419202109231632368915373;False;2021-09-23 00:48:35.387;Erro no arquivo
38;650439517;TJPE60243202109231632368913327;e63d416df0994c413e8f667b91fc1c25b3810229fb9e66fb4e018efffefb25c9;7;1632368913340;;0;0;0;TJPE;G1;;2021/TJPE/09/G1/TJPE60243202109231632368913327;False;2021-09-23 00:48:33.340;Erro no arquivo
39;650439513;TJPE79210202109231632368911545;9c776a8cba3d604f514c742ee1456685215758b41495e8c4baf2c78cc0338832;7;1632368911558;;0;0;0;TJPE;G1;;2021/TJPE/09/G1/TJPE79210202109231632368911545;False;2021-09-23 00:48:31.558;Erro no arquivo
0;650439510;TJPE59724202109231632368910146;6f06acf39432857d229b8c20cd90a420bcc9b33910fe454d7e3a8bb120e2ee20;7;1632368910155;;0;0;0;TJPE;G1;;2021/TJPE/09/G1/TJPE59724202109231632368910146;False;2021-09-23 00:48:30.155;Erro no arquivo
1;650439507;TJPE69955202109231632368908053;9622dbc53d603df3e4224d430d8c649f6cb6ccd276c7e1e4da75ddaadda08689;7;1632368908067;;0;0;0;TJPE;G1;;2021/TJPE/09/G1/TJPE69955202109231632368908053;False;2021-09-23 00:48:28.067;Erro no arquivo
2;650439501;TJPE18796202109231632368905931;1d957eaa072bc5e82feff36a154d6056b6f35c1d06765aed4ee5680dbdb09bf9;7;1632368905936;;0;0;0;TJPE;G1;;2021/TJPE/09/G1/TJPE18796202109231632368905931;False;2021-09-23 00:48:25.936;Erro no arquivo
3;650439497;TJPE36162202109231632368904587;8e369a02fa771b9051a302124a626b9ad60fc98ced73d218ba0194d241b769fe;7;1632368904600;;0;0;0;TJPE;G1;;2021/TJPE/09/G1/TJPE36162202109231632368904587;False;2021-09-23 00:48:24.600;Erro no arquivo
4;650439494;TJPE24227202109231632368902504;74c05efefa384efd557dfa0bf366b4ce32236c7f7d37607153e34d4debba4409;7;1632368902513;;0;0;0;TJPE;G1;;2021/TJPE/09/G1/TJPE24227202109231632368902504;False;2021-09-23 00:48:22.513;Erro no arquivo
5;650439488;TJPE77556202109231632368895093;df19614d045eb1ba4b925392168298abe5596a885e515ce802e19b534fd75762;7;1632368895121;;0;0;0;TJPE;G1;;2021/TJPE/09/G1/TJPE77556202109231632368895093;False;2021-09-23 00:48:15.121;Erro no arquivo
6;650439481;TJPE31800202109231632368891270;a5b2f5d2926982b00d4e3db0a875fb7786380a7a5a5ce063a50c3684d34409f7;7;1632368891284;;0;0;0;TJPE;G1;;2021/TJPE/09/G1/TJPE31800202109231632368891270;False;2021-09-23 00:48:11.284;Erro no arquivo
7;650439474;TJPE27421202109231632368885821;5d64c64fc967bba8dbc37dd276e9933e77266a4469917c6eafaaed7cd4d3194f;7;1632368885829;;0;0;0;TJPE;G1;;2021/TJPE/09/G1/TJPE27421202109231632368885821;False;2021-09-23 00:48:05.829;Erro no arquivo
8;650439464;TJPE58107202109231632368881367;190211d6de393aebef94d7f54c28ff241ae7c49e44ef30db88f11e7061206d9d;7;1632368881379;;0;0;0;TJPE;G1;;2021/TJPE/09/G1/TJPE58107202109231632368881367;False;2021-09-23 00:48:01.379;Erro no arquivo
9;650439451;TJPE78349202109231632368877877;f971343da1ad4f83c5edbe729c2ac086c49b09a0c5f548ed0a3c1d10f7359325;7;1632368877885;;0;0;0;TJPE;G1;;2021/TJPE/09/G1/TJPE78349202109231632368877877;False;2021-09-23 00:47:57.885;Erro no arquivo
10;650439433;TJPE21984202109231632368867640;a7cf3d4c67a24504ae471e76ab0d2b3db3a289f09e14c9a4e13bb3b98999778b;7;1632368867648;;0;0;0;TJPE;G1;;2021/TJPE/09/G1/TJPE21984202109231632368867640;False;2021-09-23 00:47:47.648;Erro no arquivo
11;650439422;TJPE46225202109231632368859335;7318a2863949366808e7f98e6180ea66bb34e2888c3f1daa31588db8ebdf6c44;3;1632368859349;;100;100;0;TJPE;JE;1260512.0;2021/TJPE/09/JE/TJPE46225202109231632368859335;False;2021-09-23 00:47:39.349;Processado com sucesso
12;650439414;TJPE89183202109231632368850973;2fa3625fc23f6773d3197b484daa2bbce48cfcdbc20c7f93469152e7fc193dfa;3;1632368850983;;100;100;0;TJPE;JE;1202332.0;2021/TJPE/09/JE/TJPE89183202109231632368850973;False;2021-09-23 00:47:30.983;Processado com sucesso
13;650439401;TJPE39807202109231632368844594;0acddc6042af811c9f2db9150bd67818c72b571d81cda228830c86276d8fb692;7;1632368844601;;0;0;0;TJPE;G1;;2021/TJPE/09/G1/TJPE39807202109231632368844594;False;2021-09-23 00:47:24.601;Erro no arquivo
14;650439389;TJPE33457202109231632368838268;a6401eddde93fe6d10ca6c86306ac7c42fce23e0fa271592a16f82bc6abee3bf;7;1632368838286;;0;0;0;TJPE;G1;;2021/TJPE/09/G1/TJPE33457202109231632368838268;False;2021-09-23 00:47:18.286;Erro no arquivo
15;650439386;TJPE32305202109231632368835115;7c4441d39456357ef17a9df238686cffdcbcca7ecd95e01007a6d30343b7e321;7;1632368835134;;0;0;0;TJPE;G1;;2021/TJPE/09/G1/TJPE32305202109231632368835115;False;2021-09-23 00:47:15.134;Erro no arquivo
16;650439379;TJPE98450202109231632368830695;56e19eb02e72f52431c8a7d84a8bb1852aa48e7a899ccd8757d72f4faff9b0f7;7;1632368830710;;0;0;0;TJPE;G1;;2021/TJPE/09/G1/TJPE98450202109231632368830695;False;2021-09-23 00:47:10.710;Erro no arquivo
17;650439370;TJPE57462202109231632368824236;395456da6ec52f6fd149b26e8e534efb5ae8f5479b2acaf87197fdc0f94853c7;7;1632368824246;;0;0;0;TJPE;G1;;2021/TJPE/09/G1/TJPE57462202109231632368824236;False;2021-09-23 00:47:04.246;Erro no arquivo
18;650439363;TJPE41924202109231632368820349;323dcf6b3953743199095d68107d1e151ac5723db02bc539284aa80973856ec9;3;1632368820362;;100;100;0;TJPE;JE;1079318.0;2021/TJPE/09/JE/TJPE41924202109231632368820349;False;2021-09-23 00:47:00.362;Processado com sucesso
19;650439342;TJPE43365202109231632368814903;3b9f31473cb3df152d5defdefe51037325fbd64dbbad7d0901e2258f15451d66;7;1632368814912;;0;0;0;TJPE;G1;;2021/TJPE/09/G1/TJPE43365202109231632368814903;False;2021-09-23 00:46:54.912;Erro no arquivo
20;650439324;TJPE41755202109231632368804535;46f738e7a5563451a52ce7ea7a05b9374ebbddf14834c309aa8fa50da7991b37;7;1632368804543;;0;0;0;TJPE;G1;;2021/TJPE/09/G1/TJPE41755202109231632368804535;False;2021-09-23 00:46:44.543;Erro no arquivo
21;650439315;TJPE91851202109231632368797762;d4cac07e726744ca17355af66661a9f5fb384db49125b3e31226cd621702ce3a;7;1632368797774;;0;0;0;TJPE;G1;;2021/TJPE/09/G1/TJPE91851202109231632368797762;False;2021-09-23 00:46:37.774;Erro no arquivo
22;650439306;TJPE22377202109231632368792974;9aefecbed5e08dfd35057111ac34d6e89271bda7065bc73d103ac8bf992a7fbe;7;1632368792989;;0;0;0;TJPE;G1;;2021/TJPE/09/G1/TJPE22377202109231632368792974;False;2021-09-23 00:46:32.989;Erro no arquivo
23;650439291;TJPE30435202109231632368786585;98334a825b5cf26c7c9382041c8bb62ee13518caab0e889aaf3389eb0dbadd7e;7;1632368786597;;0;0;0;TJPE;G1;;2021/TJPE/09/G1/TJPE30435202109231632368786585;False;2021-09-23 00:46:26.597;Erro no arquivo
24;650439283;TJPE60134202109231632368782800;c30999b8bd0a61370b9f1bcf439bf1874cd888d8b7bb77d487d3fe86e230d1f0;7;1632368782809;;0;0;0;TJPE;G1;;2021/TJPE/09/G1/TJPE60134202109231632368782800;False;2021-09-23 00:46:22.809;Erro no arquivo
25;650439275;TJPE72972202109231632368778306;3d30d8570bd66267d707d5daae5d3223e7980288cb5d91a8075041fd0ba63d7c;7;1632368778315;;0;0;0;TJPE;G1;;2021/TJPE/09/G1/TJPE72972202109231632368778306;False;2021-09-23 00:46:18.315;Erro no arquivo
26;650439264;TJPE71180202109231632368773028;b69a6832fed29ddfeed7bc4e0aed3a401255bcb986b4b8b463a45db3788caaa4;3;1632368773036;;100;100;0;TJPE;JE;1103305.0;2021/TJPE/09/JE/TJPE71180202109231632368773028;False;2021-09-23 00:46:13.036;Processado com sucesso
27;650439237;TJPE63585202109231632368762789;c88d06ae73c5f58f3a967d8fff4d8e2ea0a205a6f974e005b1514d39d09e273f;7;1632368762810;;0;0;0;TJPE;G1;;2021/TJPE/09/G1/TJPE63585202109231632368762789;False;2021-09-23 00:46:02.810;Erro no arquivo
28;650439231;TJPE26326202109231632368760484;80a84e4d4afb53db88c72af515c7a0ce3201e8a8ae127ec42d6de93e4a1e55d6;7;1632368760493;;0;0;0;TJPE;G1;;2021/TJPE/09/G1/TJPE26326202109231632368760484;False;2021-09-23 00:46:00.493;Erro no arquivo
29;650439224;TJPE61764202109231632368756043;8ec28b76f25141bfbe9cc40585df846824843ef9380a464ab541086e85948af0;7;1632368756059;;0;0;0;TJPE;G1;;2021/TJPE/09/G1/TJPE61764202109231632368756043;False;2021-09-23 00:45:56.059;Erro no arquivo
30;650439213;TJPE65072202109231632368751655;221f53f72a79982b33188c35495313cf1e52f055f206eddf072e9257c58237fa;7;1632368751664;;0;0;0;TJPE;G1;;2021/TJPE/09/G1/TJPE65072202109231632368751655;False;2021-09-23 00:45:51.664;Erro no arquivo
31;650439207;TJPE98092202109231632368747778;9d29bb5a63da482bf4860f6964d0c9e0ef225877c67813515e5739551b5bcc6c;7;1632368747792;;0;0;0;TJPE;G1;;2021/TJPE/09/G1/TJPE98092202109231632368747778;False;2021-09-23 00:45:47.792;Erro no arquivo
32;650439198;TJPE22418202109231632368743253;d6ba2b94acf8ca42828e2fe558cb0ce8b4de831271f727d4dc2abcff516d542b;7;1632368743273;;0;0;0;TJPE;G1;;2021/TJPE/09/G1/TJPE22418202109231632368743253;False;2021-09-23 00:45:43.273;Erro no arquivo
33;650439183;TJPE43828202109231632368735886;94bda0f578828455e47c0bd7003318efe9f6ccde6a00ada062480aafea388460;7;1632368735895;;0;0;0;TJPE;G1;;2021/TJPE/09/G1/TJPE43828202109231632368735886;False;2021-09-23 00:45:35.895;Erro no arquivo
34;650439171;TJPE59630202109231632368728965;02440a08d81f08bcf4e1390560feabaa2a87766442f28776365613b8feedeb2a;7;1632368728974;;0;0;0;TJPE;G1;;2021/TJPE/09/G1/TJPE59630202109231632368728965;False;2021-09-23 00:45:28.974;Erro no arquivo
35;650439164;TJPE68999202109231632368724139;9c8e26c59098e80b3edead32193c19d0e1688cb314d50287e691c09f25b3051a;7;1632368724147;;0;0;0;TJPE;G1;;2021/TJPE/09/G1/TJPE68999202109231632368724139;False;2021-09-23 00:45:24.147;Erro no arquivo
36;650439158;TJPE64703202109231632368720265;c4e6ecd5136eb170310891d28ad0e563dfa640eacce4d360557c7f95b2403f5d;7;1632368720274;;0;0;0;TJPE;G1;;2021/TJPE/09/G1/TJPE64703202109231632368720265;False;2021-09-23 00:45:20.274;Erro no arquivo
37;650439135;TJPE47666202109231632368708781;3bb09512027b8be3e91c98e6914604a8f1445f7e90239074e87fa0c67850baaf;3;1632368708793;;100;100;0;TJPE;JE;1096114.0;2021/TJPE/09/JE/TJPE47666202109231632368708781;False;2021-09-23 00:45:08.793;Processado com sucesso
38;650439131;TJPE76792202109231632368704848;557c15ed618354ccfe2d082b445951f02baa3b420736ab12dfc5ac7661f6efcd;7;1632368704856;;0;0;0;TJPE;G1;;2021/TJPE/09/G1/TJPE76792202109231632368704848;False;2021-09-23 00:45:04.856;Erro no arquivo
39;650439128;TJPE96304202109231632368702191;aac55fc18b862c090c39078a2075e1fc3dca06138d43074e2dc6a35864b9c7cc;7;1632368702199;;0;0;0;TJPE;JE;;2021/TJPE/09/JE/TJPE96304202109231632368702191;False;2021-09-23 00:45:02.199;Erro no arquivo
0;650439123;TJPE21938202109231632368700199;880db3603898eef91a253e6a0ffeebd8b844772e6922dd66a80052f5e4b1fe3b;7;1632368700222;;0;0;0;TJPE;G1;;2021/TJPE/09/G1/TJPE21938202109231632368700199;False;2021-09-23 00:45:00.222;Erro no arquivo
1;650439119;TJPE87570202109231632368698182;ccdc59eea2352275e931f1bd345883328a5c2ddfdeba1820dfc3aff5e0012d15;3;1632368698190;;95;95;0;TJPE;G1;1043834.0;2021/TJPE/09/G1/TJPE87570202109231632368698182;False;2021-09-23 00:44:58.190;Processado com sucesso
2;650439113;TJPE71081202109231632368696444;3bbac1d80529bf9e2995c078cbb9d0883b35182e04ab53bafcc583f6903393ea;3;1632368696460;;100;100;0;TJPE;JE;1379483.0;2021/TJPE/09/JE/TJPE71081202109231632368696444;False;2021-09-23 00:44:56.460;Processado com sucesso
3;650439107;TJPE94623202109231632368694172;15ffc8b1af25888e98e31c8297bd49d4280e81f3a61dae7616726263e732ea99;7;1632368694180;;0;0;0;TJPE;G1;;2021/TJPE/09/G1/TJPE94623202109231632368694172;False;2021-09-23 00:44:54.180;Erro no arquivo
4;650439100;TJPE84744202109231632368692222;5119999e523c7ccf250fff0ae06f60fcc42c8a9abf32358cef9f69d8725df060;7;1632368692231;;0;0;0;TJPE;G1;;2021/TJPE/09/G1/TJPE84744202109231632368692222;False;2021-09-23 00:44:52.231;Erro no arquivo
5;650439097;TJPE45359202109231632368690116;426391980eeb06c82ff327101517720155cdaf2cc256e157ce80836abe98b579;7;1632368690124;;0;0;0;TJPE;G1;;2021/TJPE/09/G1/TJPE45359202109231632368690116;False;2021-09-23 00:44:50.124;Erro no arquivo
6;650439093;TJPE80789202109231632368688502;35cdb37d316f4cba30de622dd35f7ceb219ccae47198d9678e138a512bc25ade;7;1632368688515;;0;0;0;TJPE;G1;;2021/TJPE/09/G1/TJPE80789202109231632368688502;False;2021-09-23 00:44:48.515;Erro no arquivo
7;650439085;TJPE52137202109231632368686497;3efa22f399c7afbb38de93d23c6a41084162f3ea14b8775d072c6f2289b21873;3;1632368686519;;100;100;0;TJPE;JE;1266881.0;2021/TJPE/09/JE/TJPE52137202109231632368686497;False;2021-09-23 00:44:46.519;Processado com sucesso
8;650439076;TJPE43759202109231632368684281;f24d871aecc9daa14803e2e1c58341124ec55768a4941c680b5fa168c8c39967;7;1632368684293;;0;0;0;TJPE;G1;;2021/TJPE/09/G1/TJPE43759202109231632368684281;False;2021-09-23 00:44:44.293;Erro no arquivo
9;650439074;TJPE76759202109231632368681993;3232ddd886d560b3e27400e44763908f3955e23018d14b1fade6a60f32463e31;3;1632368682014;;100;100;0;TJPE;G1;1176123.0;2021/TJPE/09/G1/TJPE76759202109231632368681993;False;2021-09-23 00:44:42.014;Processado com sucesso
10;650439070;TJPE21837202109231632368680155;8adabbc32e21e7cc17804281917d33de316a0314258ad19c69b233fb85530c51;7;1632368680176;;0;0;0;TJPE;G1;;2021/TJPE/09/G1/TJPE21837202109231632368680155;False;2021-09-23 00:44:40.176;Erro no arquivo
11;650439064;TJPE33654202109231632368678127;63bfcfd3f63ceff0a4b528fcfc838238d59f70a5ca5912513532c7f8ad41c793;3;1632368678144;;100;100;0;TJPE;G1;1392854.0;2021/TJPE/09/G1/TJPE33654202109231632368678127;False;2021-09-23 00:44:38.144;Processado com sucesso
12;650439060;TJPE94147202109231632368675876;01eb96002b553c6a5f366793cc3b9a34b7082e9b20249ff5d6065ec860025b13;7;1632368675886;;0;0;0;TJPE;G1;;2021/TJPE/09/G1/TJPE94147202109231632368675876;False;2021-09-23 00:44:35.886;Erro no arquivo
13;650439057;TJPE21407202109231632368674052;00dba384997c3e333e5e92aad22c12ca1049c7c15cb53698114765cb121f4c2b;7;1632368674061;;0;0;0;TJPE;G1;;2021/TJPE/09/G1/TJPE21407202109231632368674052;False;2021-09-23 00:44:34.061;Erro no arquivo
14;650439049;TJPE56006202109231632368665678;3785cd6a14e849fe0be1d12fc5773b0045ccb594e2e9d8f0833a0b0822d6b121;7;1632368665689;;0;0;0;TJPE;G1;;2021/TJPE/09/G1/TJPE56006202109231632368665678;False;2021-09-23 00:44:25.689;Erro no arquivo
15;650439034;TJPE48455202109231632368657816;51044e19b5c5e3dbd0d192601f23ec50a0ea2f93514e1e82b1c87dd7688c4ec4;7;1632368657825;;0;0;0;TJPE;G1;;2021/TJPE/09/G1/TJPE48455202109231632368657816;False;2021-09-23 00:44:17.825;Erro no arquivo
16;650439019;TJPE21687202109231632368648418;906dfe768fc91d13d8f28d544bce87bfe76021bbccc1233d03026f96b6a80008;7;1632368648426;;0;0;0;TJPE;G1;;2021/TJPE/09/G1/TJPE21687202109231632368648418;False;2021-09-23 00:44:08.426;Erro no arquivo
17;650439007;TJPE78389202109231632368642724;cb0e3af7dcde5b4b1e2ca86fdae0fa325338e7bcb094eb44ac17484e41f602bf;7;1632368642747;;0;0;0;TJPE;G1;;2021/TJPE/09/G1/TJPE78389202109231632368642724;False;2021-09-23 00:44:02.747;Erro no arquivo
18;650439001;TJPE11769202109231632368638457;8af6d89333a9b36d3b623e0c1b804af8bc4f923ad0cb57cb1e2a044419af0010;7;1632368638466;;0;0;0;TJPE;G1;;2021/TJPE/09/G1/TJPE11769202109231632368638457;False;2021-09-23 00:43:58.466;Erro no arquivo
19;650438994;TJPE86553202109231632368635614;ea783b1ca18e8a7cdc521bd5a7b75e798f4cca1eb14496dc789fd0b92d5bf174;7;1632368635624;;0;0;0;TJPE;G1;;2021/TJPE/09/G1/TJPE86553202109231632368635614;False;2021-09-23 00:43:55.624;Erro no arquivo
20;650438989;TJPE75610202109231632368633539;1292f4837ed369e636b2937aabaf3f0208ceeb5f61c68dfcb427d32d971126cd;7;1632368633547;;0;0;0;TJPE;G1;;2021/TJPE/09/G1/TJPE75610202109231632368633539;False;2021-09-23 00:43:53.547;Erro no arquivo
21;650438961;TJPE46484202109231632368620108;8399323cf653a9ebd83fa09e7da75be1a63f62468481b586dbf9f77c027e3c10;7;1632368620116;;0;0;0;TJPE;G1;;2021/TJPE/09/G1/TJPE46484202109231632368620108;False;2021-09-23 00:43:40.116;Erro no arquivo
22;650438959;TJPE13400202109231632368618369;1f7ef30c04bd78f4a75d1b9aabb818b8541822991fa791c0427e7d7f01db7cb8;7;1632368618386;;0;0;0;TJPE;G1;;2021/TJPE/09/G1/TJPE13400202109231632368618369;False;2021-09-23 00:43:38.386;Erro no arquivo
23;650438956;TJPE51941202109231632368616857;8a406d02125c9679a22476d035203e4150316fd940c011f4bba80a96e1797b3c;7;1632368616866;;0;0;0;TJPE;G1;;2021/TJPE/09/G1/TJPE51941202109231632368616857;False;2021-09-23 00:43:36.866;Erro no arquivo
24;650438952;TJPE15848202109231632368614904;5f37e54287bb18c59f5bc5a3ef2b78f675445f216bbc2fd43e5952d38ec2032d;7;1632368614916;;0;0;0;TJPE;G1;;2021/TJPE/09/G1/TJPE15848202109231632368614904;False;2021-09-23 00:43:34.916;Erro no arquivo
25;650438949;TJPE54665202109231632368612918;5c6526dca432adae0a05ca24b39a6dd4377605e0fd10bebd348f84c9325c6447;7;1632368612933;;0;0;0;TJPE;G1;;2021/TJPE/09/G1/TJPE54665202109231632368612918;False;2021-09-23 00:43:32.933;Erro no arquivo
26;650438942;TJPE54574202109231632368610883;3ce450db98cf9d5de017e30badfbe866b31f33d04b41bc63e3e93ef8bccaf017;3;1632368610895;;100;100;0;TJPE;JE;1566059.0;2021/TJPE/09/JE/TJPE54574202109231632368610883;False;2021-09-23 00:43:30.895;Processado com sucesso
27;650438937;TJPE16695202109231632368608331;e48d634b3ae8982d6ed8529917b843c2ba9425ffa6ab1d2fd273496d368098ab;7;1632368608338;;0;0;0;TJPE;G1;;2021/TJPE/09/G1/TJPE16695202109231632368608331;False;2021-09-23 00:43:28.338;Erro no arquivo
28;650438934;TJPE34100202109231632368606306;1f01224f7c913d5d07ff523e82e9f9bc3c45aa0fe2a710d86a540a42127c5e40;3;1632368606338;;100;100;0;TJPE;G1;1686159.0;2021/TJPE/09/G1/TJPE34100202109231632368606306;False;2021-09-23 00:43:26.338;Processado com sucesso
29;650438926;TJPE69863202109231632368601020;b47e7992fee3793ef3380a05f386cd814dc516859f713052cb758631cf9d7ddb;7;1632368601028;;0;0;0;TJPE;G1;;2021/TJPE/09/G1/TJPE69863202109231632368601020;False;2021-09-23 00:43:21.028;Erro no arquivo
30;650438906;TJPE83976202109231632368594799;cbaa431cd75d4b2fa557edae2e76821a7dc809a31bf55e0b933c2bf46f65b218;7;1632368594813;;0;0;0;TJPE;G1;;2021/TJPE/09/G1/TJPE83976202109231632368594799;False;2021-09-23 00:43:14.813;Erro no arquivo
31;650438893;TJPE69765202109231632368585522;d886ace2ea7f010de057380fd66b691026459a86cea31b0fbd6f196c5650f1a2;7;1632368585548;;0;0;0;TJPE;G1;;2021/TJPE/09/G1/TJPE69765202109231632368585522;False;2021-09-23 00:43:05.548;Erro no arquivo
32;650438877;TJPE44151202109231632368577082;eb5182f45426c99ccfb61fde22ff42430769ee91e093f1106d45a204478275c2;7;1632368577091;;0;0;0;TJPE;G1;;2021/TJPE/09/G1/TJPE44151202109231632368577082;False;2021-09-23 00:42:57.091;Erro no arquivo
33;650438868;TJPE71816202109231632368571636;2b8d07b7e7bb39a752dd885d159bf8299aec9c5fa59c90ca0501e0ec6b935383;7;1632368571644;;0;0;0;TJPE;G1;;2021/TJPE/09/G1/TJPE71816202109231632368571636;False;2021-09-23 00:42:51.644;Erro no arquivo
34;650438866;TJPE17606202109231632368569814;52065b55d87983086771d57ea6ca1040240782fc116cd3c1245835baf16a7daf;7;1632368569823;;0;0;0;TJPE;G1;;2021/TJPE/09/G1/TJPE17606202109231632368569814;False;2021-09-23 00:42:49.823;Erro no arquivo
35;650438864;TJPE79375202109231632368567725;c9c0011d9e0d77e28d3b6dcb1638d458850e9a487a56c52f1371e6f1dfa1e92a;7;1632368567737;;0;0;0;TJPE;G1;;2021/TJPE/09/G1/TJPE79375202109231632368567725;False;2021-09-23 00:42:47.737;Erro no arquivo
36;650438859;TJPE50802202109231632368565215;11c5e7ead75ca9c3c623968ab097f38f8b99633569210d2eef8511c3b11eb4e6;7;1632368565228;;0;0;0;TJPE;G1;;2021/TJPE/09/G1/TJPE50802202109231632368565215;False;2021-09-23 00:42:45.228;Erro no arquivo
37;650438857;TJPE65760202109231632368563242;f4bc3e446f670fe1511a00eb70be9c0fcbd951438a36b927f16f823b7f2d8ef9;7;1632368563250;;0;0;0;TJPE;G1;;2021/TJPE/09/G1/TJPE65760202109231632368563242;False;2021-09-23 00:42:43.250;Erro no arquivo
38;650438853;TJPE37308202109231632368560763;5eb8d34674edc713ec829891e5277628cd59bb50b121fac08aa49ec0f6e1fdb8;7;1632368560778;;0;0;0;TJPE;G1;;2021/TJPE/09/G1/TJPE37308202109231632368560763;False;2021-09-23 00:42:40.778;Erro no arquivo
39;650438851;TJPE43964202109231632368558168;2429858760d4bb678d3f38cf0db64b79130c4a65f1a32e8bffdd1a39ce45dc07;7;1632368558181;;0;0;0;TJPE;G1;;2021/TJPE/09/G1/TJPE43964202109231632368558168;False;2021-09-23 00:42:38.181;Erro no arquivo
0;650438849;TJPE59349202109231632368555972;4ecbc0f8dd0347b4031838ee726aa31e225b97cf0bb1a874c73b081755b8fccb;3;1632368555986;;100;100;0;TJPE;JE;1305681.0;2021/TJPE/09/JE/TJPE59349202109231632368555972;False;2021-09-23 00:42:35.986;Processado com sucesso
1;650438845;TJPE25112202109231632368553735;c78c277d41da75d01f90943db38533dc6827edb310b70a22f1859ce05c9abf04;7;1632368553744;;0;0;0;TJPE;G1;;2021/TJPE/09/G1/TJPE25112202109231632368553735;False;2021-09-23 00:42:33.744;Erro no arquivo
2;650438842;TJPE72408202109231632368551706;fc69fa991d21d52a044cb7d30719c07912972be49e6585e265c28aeefef23df9;7;1632368551716;;0;0;0;TJPE;G1;;2021/TJPE/09/G1/TJPE72408202109231632368551706;False;2021-09-23 00:42:31.716;Erro no arquivo
3;650438836;TJPE41026202109231632368549492;15ef26b246e887c9d8c4bd7ad700b67e6eefb34aa20580fb27774636a0fc43de;7;1632368549502;;0;0;0;TJPE;G1;;2021/TJPE/09/G1/TJPE41026202109231632368549492;False;2021-09-23 00:42:29.502;Erro no arquivo
4;650438829;TJPE69309202109231632368547239;ae2397254320d27251ae05091149a1f0b295c9e82fe23577eca18b975eec6fb5;3;1632368547249;;100;100;0;TJPE;JE;1215811.0;2021/TJPE/09/JE/TJPE69309202109231632368547239;False;2021-09-23 00:42:27.249;Processado com sucesso
5;650438825;TJPE91479202109231632368545109;2e481850b2bbfbc447300aaa795c1c399420dc0dde5e26072e7fb321a66d2430;7;1632368545119;;0;0;0;TJPE;G1;;2021/TJPE/09/G1/TJPE91479202109231632368545109;False;2021-09-23 00:42:25.119;Erro no arquivo
6;650438820;TJPE79901202109231632368543182;4428b841cafabfbfaf68c9fb9433857a6b2c27d73762b842e362be0682f4ac7c;3;1632368543196;;100;100;0;TJPE;JE;1204573.0;2021/TJPE/09/JE/TJPE79901202109231632368543182;False;2021-09-23 00:42:23.196;Processado com sucesso
7;650438810;TJPE77694202109231632368540827;e3d1eceeeecf5107834c8ebb389678ddbd163118d4c678f4fdb034b821b30878;7;1632368540838;;0;0;0;TJPE;G1;;2021/TJPE/09/G1/TJPE77694202109231632368540827;False;2021-09-23 00:42:20.838;Erro no arquivo
8;650438796;TJPE87306202109231632368534404;be7794530c6c74018586f6708ab3c25ee044ee0d2039b5ad74f0d4723fe8d306;3;1632368534413;;100;100;0;TJPE;JE;1284987.0;2021/TJPE/09/JE/TJPE87306202109231632368534404;False;2021-09-23 00:42:14.413;Processado com sucesso
9;650438791;TJPE47950202109231632368530631;cba68b35377f9c4aa245deaceab8080129453b16272ce340d7ee08f63a7e916f;7;1632368530655;;0;0;0;TJPE;G1;;2021/TJPE/09/G1/TJPE47950202109231632368530631;False;2021-09-23 00:42:10.655;Erro no arquivo
10;650438777;TJPE74589202109231632368524678;5b7dabba095a3c40184e76154c5585469e107a82979c3f12112d95926759a806;7;1632368524685;;0;0;0;TJPE;G1;;2021/TJPE/09/G1/TJPE74589202109231632368524678;False;2021-09-23 00:42:04.685;Erro no arquivo
11;650438770;TJPE65006202109231632368520538;1b11b2eb5a62acf6e1a1c954aa881f2c90cd499784b86c6b7ad060f2e0019dc2;7;1632368520548;;0;0;0;TJPE;G1;;2021/TJPE/09/G1/TJPE65006202109231632368520538;False;2021-09-23 00:42:00.548;Erro no arquivo
12;650438758;TJPE17062202109231632368514637;d38587db1d42c80ceea473b83f87d3d11ef819c15a64e626ebf99660ac170540;3;1632368514646;;100;100;0;TJPE;JE;1191981.0;2021/TJPE/09/JE/TJPE17062202109231632368514637;False;2021-09-23 00:41:54.646;Processado com sucesso
13;650438751;TJPE39529202109231632368510282;0f6f07e6842771ccfc4c7f0089efeffe46c1887c0aa4dbda1e5497cdf303d829;7;1632368510297;;0;0;0;TJPE;G1;;2021/TJPE/09/G1/TJPE39529202109231632368510282;False;2021-09-23 00:41:50.297;Erro no arquivo
14;650438740;TJPE78059202109231632368504858;f382e2848e6b633678295157976279a2fb639ca96a25861433abcba43bcccc27;7;1632368504867;;0;0;0;TJPE;G1;;2021/TJPE/09/G1/TJPE78059202109231632368504858;False;2021-09-23 00:41:44.867;Erro no arquivo
15;650438731;TJPE96496202109231632368497724;03a09ce0a23fa4e081f17151ad16507196a82ecbe94eef489bd8fc0e9a85277f;7;1632368497733;;0;0;0;TJPE;JE;;2021/TJPE/09/JE/TJPE96496202109231632368497724;False;2021-09-23 00:41:37.733;Erro no arquivo
16;650438721;TJPE75882202109231632368491169;70aaf675565d4623852faa6a4d212cf20ae3fbc8fd70d5c2bfd5dcded12513d8;7;1632368491184;;0;0;0;TJPE;G1;;2021/TJPE/09/G1/TJPE75882202109231632368491169;False;2021-09-23 00:41:31.184;Erro no arquivo
17;650438716;TJPE24345202109231632368487394;fa1f3c4b08b266795a517ba041541a77f8e3cf725969d1864b1b7497c652a319;7;1632368487402;;0;0;0;TJPE;G1;;2021/TJPE/09/G1/TJPE24345202109231632368487394;False;2021-09-23 00:41:27.402;Erro no arquivo
18;650438706;TJPE57535202109231632368481981;f722ff18c5968f1ed9a7e91dc59888d54dc1fb44e33dae6dff2e2a67c7748caf;7;1632368481989;;0;0;0;TJPE;G1;;2021/TJPE/09/G1/TJPE57535202109231632368481981;False;2021-09-23 00:41:21.989;Erro no arquivo
19;650438702;TJPE71519202109231632368478696;67e62f77d6fe73dc5a516f0cccadbc70bd8591005ac6f11e35737092c8d54dd5;7;1632368478702;;0;0;0;TJPE;G1;;2021/TJPE/09/G1/TJPE71519202109231632368478696;False;2021-09-23 00:41:18.702;Erro no arquivo
20;650438699;TJPE49398202109231632368474520;572631c333db2b325619738420a018d82a1bbcf7cc393dcb671df28f4578f315;3;1632368474530;;100;100;0;TJPE;JE;1303487.0;2021/TJPE/09/JE/TJPE49398202109231632368474520;False;2021-09-23 00:41:14.530;Processado com sucesso
21;650438684;TJPE24821202109231632368468231;7fc0fcdb485ef99b2fe7919d252b81f2905963c70588e7501373ac4d52698ff9;7;1632368468240;;0;0;0;TJPE;G1;;2021/TJPE/09/G1/TJPE24821202109231632368468231;False;2021-09-23 00:41:08.240;Erro no arquivo
22;650438674;TJPE24957202109231632368464063;f657be1459afbe3bdc6b6287c192cda35935b22c3ebaa2b7aee18b06714702f8;7;1632368464075;;0;0;0;TJPE;G1;;2021/TJPE/09/G1/TJPE24957202109231632368464063;False;2021-09-23 00:41:04.075;Erro no arquivo
23;650438666;TJPE30221202109231632368459865;9eee739cb0a6eebd71ba904f57f62871b5d4b029d2ea7c5fb72ae4e01403c1b8;7;1632368459874;;0;0;0;TJPE;G1;;2021/TJPE/09/G1/TJPE30221202109231632368459865;False;2021-09-23 00:40:59.874;Erro no arquivo
24;650438649;TJPE65011202109231632368451822;09b7f0922fc603086dcdd91018edb27b9de60ce6ac248fcf622f522a0049cb93;7;1632368451830;;0;0;0;TJPE;G1;;2021/TJPE/09/G1/TJPE65011202109231632368451822;False;2021-09-23 00:40:51.830;Erro no arquivo
25;650438632;TJPE60935202109231632368445434;3e35e97c9ca3810e10c566c0ba8d765b69c8ef787263c6b060f5f8155b6fac6c;7;1632368445443;;0;0;0;TJPE;G1;;2021/TJPE/09/G1/TJPE60935202109231632368445434;False;2021-09-23 00:40:45.443;Erro no arquivo
26;650438616;TJPE47353202109231632368439809;1b56876e59fc4c5c1a5872b638cdb236209b1a06c3645d56ef482585046647ca;7;1632368439818;;0;0;0;TJPE;G1;;2021/TJPE/09/G1/TJPE47353202109231632368439809;False;2021-09-23 00:40:39.818;Erro no arquivo
27;650438606;TJPE93866202109231632368434493;d57f32c8d48e0254cca21bc6f451c629c617f6ee6179588d21ae7b9bac92c9f5;7;1632368434499;;0;0;0;TJPE;G1;;2021/TJPE/09/G1/TJPE93866202109231632368434493;False;2021-09-23 00:40:34.499;Erro no arquivo
28;650438597;TJPE43850202109231632368428932;042dbf243aedb67684c6346487e92c0a5518bc4fa07efd387465fa3a2314d8a0;7;1632368428945;;0;0;0;TJPE;G1;;2021/TJPE/09/G1/TJPE43850202109231632368428932;False;2021-09-23 00:40:28.945;Erro no arquivo
29;650438592;TJPE31473202109231632368426143;bdfe73372e2e64b01db1335d230db5bf430b4e571fcd9ac4ae615ba7b1b73268;7;1632368426152;;0;0;0;TJPE;G1;;2021/TJPE/09/G1/TJPE31473202109231632368426143;False;2021-09-23 00:40:26.152;Erro no arquivo
30;650438584;TJPE75363202109231632368422210;81e11388a87ef06e07d5d8cd8459deab9eb0d5d5897819d8b60ab48c15cd09dd;7;1632368422218;;0;0;0;TJPE;G1;;2021/TJPE/09/G1/TJPE75363202109231632368422210;False;2021-09-23 00:40:22.218;Erro no arquivo
31;650438571;TJPE96589202109231632368414924;ff3c477e986038f213a661a4f720be9f627e7bfe113b44441de2dd0388960557;3;1632368414946;;100;100;0;TJPE;JE;1180483.0;2021/TJPE/09/JE/TJPE96589202109231632368414924;False;2021-09-23 00:40:14.946;Processado com sucesso
32;650438553;TJPE13860202109231632368408549;46d20ce1bcf539968e6ec0439002514ebfc5560f51d9a5f4ff5313d3db038821;7;1632368408555;;0;0;0;TJPE;G1;;2021/TJPE/09/G1/TJPE13860202109231632368408549;False;2021-09-23 00:40:08.555;Erro no arquivo
33;650438549;TJPE32912202109231632368405561;50b675ad0a5793ff588f4d460a7290c0db839ab23b0ce68898a459679704937d;3;1632368405571;;100;100;0;TJPE;JE;1182632.0;2021/TJPE/09/JE/TJPE32912202109231632368405561;False;2021-09-23 00:40:05.571;Processado com sucesso
34;650438543;TJPE87149202109231632368403518;c254f9d029645477a8fa3cb2cca21d0ac18fddde21aa000b6e98a4afa5e33e9c;7;1632368403523;;0;0;0;TJPE;G1;;2021/TJPE/09/G1/TJPE87149202109231632368403518;False;2021-09-23 00:40:03.523;Erro no arquivo
35;650438541;TJPE32278202109231632368402027;4ced11378d4a0c6ccc9d306dfe05d1ee0795a1dcf437ef8ffd5418d0a38e34bd;7;1632368402043;;0;0;0;TJPE;G1;;2021/TJPE/09/G1/TJPE32278202109231632368402027;False;2021-09-23 00:40:02.043;Erro no arquivo
36;650438537;TJPE39923202109231632368399821;71dd4422543cd2a30cde8177ea3bd2a325c81354f457a2f929fb1a24a6eb21bf;7;1632368399830;;0;0;0;TJPE;G1;;2021/TJPE/09/G1/TJPE39923202109231632368399821;False;2021-09-23 00:39:59.830;Erro no arquivo
37;650438534;TJPE52038202109231632368397989;697be254aa19e2323563637d5a8911ccb49fa94f3127fe8ea80ef0468563ff18;7;1632368398000;;0;0;0;TJPE;G1;;2021/TJPE/09/G1/TJPE52038202109231632368397989;False;2021-09-23 00:39:58.000;Erro no arquivo
38;650438526;TJPE82046202109231632368395775;75c79abec97e1300bb22df88d3bb98f07d0cc290e6588e4bd0a06b6be1080978;7;1632368395787;;0;0;0;TJPE;G1;;2021/TJPE/09/G1/TJPE82046202109231632368395775;False;2021-09-23 00:39:55.787;Erro no arquivo
39;650438524;TJPE45104202109231632368394022;d2e8e1114ee312c70b6f76d017677383804b43ba91109857477d25236367e66f;7;1632368394045;;0;0;0;TJPE;G1;;2021/TJPE/09/G1/TJPE45104202109231632368394022;False;2021-09-23 00:39:54.045;Erro no arquivo
0;650438519;TJPE27493202109231632368392050;86b31ff35671a619d3d88deacb0d69a0861dd95257eefb12b2f9f914ff41c933;3;1632368392061;;100;100;0;TJPE;G1;1375710.0;2021/TJPE/09/G1/TJPE27493202109231632368392050;False;2021-09-23 00:39:52.061;Processado com sucesso
1;650438514;TJPE50088202109231632368389741;804d77fbeadaa97ec64d8355461c9fbad99c345d0e27f912a88371e595712efa;7;1632368389749;;0;0;0;TJPE;G1;;2021/TJPE/09/G1/TJPE50088202109231632368389741;False;2021-09-23 00:39:49.749;Erro no arquivo
2;650438511;TJPE56275202109231632368387976;625e2c1fec21137179606107824577295a8d769c86a768145cea85e99ad17b3d;7;1632368387990;;0;0;0;TJPE;G1;;2021/TJPE/09/G1/TJPE56275202109231632368387976;False;2021-09-23 00:39:47.990;Erro no arquivo
3;650438504;TJPE27153202109231632368385938;432844938a67ad9fd9b0add8ec8789fce2dad4d2931d6a45dc2d29eac9fbef35;7;1632368385952;;0;0;0;TJPE;G1;;2021/TJPE/09/G1/TJPE27153202109231632368385938;False;2021-09-23 00:39:45.952;Erro no arquivo
4;650438497;TJPE12618202109231632368383853;9b647cc3487144999225e99faf5fd8651f61fdd15f5b42690780dee4bd273c34;7;1632368383872;;0;0;0;TJPE;G1;;2021/TJPE/09/G1/TJPE12618202109231632368383853;False;2021-09-23 00:39:43.872;Erro no arquivo
5;650438493;TJPE74048202109231632368381835;a6fb89c1f6e7127aed20457351de42b4e03d2c628570b80c69d89aa556458df8;7;1632368381844;;0;0;0;TJPE;G1;;2021/TJPE/09/G1/TJPE74048202109231632368381835;False;2021-09-23 00:39:41.844;Erro no arquivo
6;650438489;TJPE37767202109231632368379823;5463972f0f938bc1c30994ac8a7c98e6ffeef11239b290f29af5a5ecdb0a671b;7;1632368379832;;0;0;0;TJPE;G1;;2021/TJPE/09/G1/TJPE37767202109231632368379823;False;2021-09-23 00:39:39.832;Erro no arquivo
7;650438486;TJPE89351202109231632368377962;a2ced114ec6645a05a7a885dc82894d7a3a6b10af0deccdcb656006bffb1944d;7;1632368377967;;0;0;0;TJPE;G1;;2021/TJPE/09/G1/TJPE89351202109231632368377962;False;2021-09-23 00:39:37.967;Erro no arquivo
8;650438485;TJPE22261202109231632368376745;84c102f73ad600d4e96bf3d33e5aee998e73f8e8a76b329afe83b48d7e4b7d08;7;1632368376755;;0;0;0;TJPE;G1;;2021/TJPE/09/G1/TJPE22261202109231632368376745;False;2021-09-23 00:39:36.755;Erro no arquivo
9;650438483;TJPE84375202109231632368374765;de452abb22c7467b661338a16c401eef00fb6f00b8766b652a369afcb9bdcb27;7;1632368374773;;0;0;0;TJPE;G1;;2021/TJPE/09/G1/TJPE84375202109231632368374765;False;2021-09-23 00:39:34.773;Erro no arquivo
10;650438470;TJPE48584202109231632368368417;f551645cfad7288b1ed5af90078d52596532fd8d4261eedc54ef8e63a983a098;7;1632368368438;;0;0;0;TJPE;G1;;2021/TJPE/09/G1/TJPE48584202109231632368368417;False;2021-09-23 00:39:28.438;Erro no arquivo
11;650438458;TJPE23390202109231632368361390;e724c6580ff7cce110ad35c03a3cc847fd1b1f52124f991a4639e712ea156ff1;7;1632368361415;;0;0;0;TJPE;G1;;2021/TJPE/09/G1/TJPE23390202109231632368361390;False;2021-09-23 00:39:21.415;Erro no arquivo
12;650438449;TJPE89076202109231632368356055;ee50ae082d2eb827a9d29e34fbefdb9db100b9f84378299e61201dc3bc71d4b1;7;1632368356063;;0;0;0;TJPE;G1;;2021/TJPE/09/G1/TJPE89076202109231632368356055;False;2021-09-23 00:39:16.063;Erro no arquivo
13;650438442;TJPE94840202109231632368349401;a0430f139d4044524e20c80d1d683d7c3e2a669b706bc040757ff822d1c0515d;7;1632368349410;;0;0;0;TJPE;G1;;2021/TJPE/09/G1/TJPE94840202109231632368349401;False;2021-09-23 00:39:09.410;Erro no arquivo
14;650438433;TJPE99839202109231632368343050;34c53931dcee9ad06cd967f7d241a691511d89b0df4544aa3124b626804e2621;7;1632368343058;;0;0;0;TJPE;G1;;2021/TJPE/09/G1/TJPE99839202109231632368343050;False;2021-09-23 00:39:03.058;Erro no arquivo
15;650438429;TJPE21325202109231632368341243;903ca27007740864c382855381e682e01f87d2a7e772575d1eeb66b884790fdc;7;1632368341253;;0;0;0;TJPE;G1;;2021/TJPE/09/G1/TJPE21325202109231632368341243;False;2021-09-23 00:39:01.253;Erro no arquivo
16;650438422;TJPE24235202109231632368338462;683311d617675e2f798433e97db07254bdfea13d02c0025f2dd3324ae49dbeb9;7;1632368338476;;0;0;0;TJPE;G1;;2021/TJPE/09/G1/TJPE24235202109231632368338462;False;2021-09-23 00:38:58.476;Erro no arquivo
17;650438419;TJPE91383202109231632368336569;9b5c475dca488fe10b7bb0bafdb7d6b8a73518d88f53e086e3bd72fd97af2d70;7;1632368336582;;0;0;0;TJPE;G1;;2021/TJPE/09/G1/TJPE91383202109231632368336569;False;2021-09-23 00:38:56.582;Erro no arquivo
18;650438414;TJPE99850202109231632368334710;7e51690a7fa00093f5417ec1940077591d2ed144bcc06c59a6b58dc60be0b83b;7;1632368334730;;0;0;0;TJPE;G1;;2021/TJPE/09/G1/TJPE99850202109231632368334710;False;2021-09-23 00:38:54.730;Erro no arquivo
19;650438412;TJPE46426202109231632368332430;a6167f48d0ed0de09696b168d35560eb0a3aef019ceda3bd5801b7ec259cce91;7;1632368332438;;0;0;0;TJPE;G1;;2021/TJPE/09/G1/TJPE46426202109231632368332430;False;2021-09-23 00:38:52.438;Erro no arquivo
20;650438408;TJPE95736202109231632368330531;3be2d0511610fcadf37882f281cf2e992531a68da70e8a44cab9ae99a3657111;7;1632368330539;;0;0;0;TJPE;G1;;2021/TJPE/09/G1/TJPE95736202109231632368330531;False;2021-09-23 00:38:50.539;Erro no arquivo
21;650438406;TJPE84746202109231632368328512;079429456a39ec900b994443434daa011503d84ac896c9d56404a8519620987b;7;1632368328521;;0;0;0;TJPE;G1;;2021/TJPE/09/G1/TJPE84746202109231632368328512;False;2021-09-23 00:38:48.521;Erro no arquivo
22;650438402;TJPE44682202109231632368326437;8c6d05604c956ab14e7c4dd4624757b9000c70b77932f331019cb4c4d26422dc;3;1632368326453;;100;100;0;TJPE;JE;1374335.0;2021/TJPE/09/JE/TJPE44682202109231632368326437;False;2021-09-23 00:38:46.453;Processado com sucesso
23;650438400;TJPE59574202109231632368324094;89b5a412f56f916979a64474da72181a9be1ac4512891659a41318a7f7dcbbed;7;1632368324106;;0;0;0;TJPE;G1;;2021/TJPE/09/G1/TJPE59574202109231632368324094;False;2021-09-23 00:38:44.106;Erro no arquivo
24;650438397;TJPE27737202109231632368321634;82282f553865139194f4a092eda75cc6e518d98a15d47ed58edbe3ff674697b1;7;1632368321643;;0;0;0;TJPE;G1;;2021/TJPE/09/G1/TJPE27737202109231632368321634;False;2021-09-23 00:38:41.643;Erro no arquivo
25;650438395;TJPE17862202109231632368319638;731a420944f6c19d8b2d7c92f746b0d0f35656d5105f39ea919a357696d3b157;7;1632368319650;;0;0;0;TJPE;G1;;2021/TJPE/09/G1/TJPE17862202109231632368319638;False;2021-09-23 00:38:39.650;Erro no arquivo
26;650438390;TJPE12563202109231632368317700;56d2f1a31c7f2cbd2c1d1ce54f0716b650c029517b09679aaff586f4ee16000b;7;1632368317708;;0;0;0;TJPE;G1;;2021/TJPE/09/G1/TJPE12563202109231632368317700;False;2021-09-23 00:38:37.708;Erro no arquivo
27;650438387;TJPE38963202109231632368315686;c2c8287e5731b35a71d7993de9746445d9b07b4e068965c95a9d75dc75662f74;7;1632368315696;;0;0;0;TJPE;G1;;2021/TJPE/09/G1/TJPE38963202109231632368315686;False;2021-09-23 00:38:35.696;Erro no arquivo
28;650438384;TJPE72453202109231632368312983;11b5ef52a0253f59ec8876408892b4ade65bba5b27ce52bd74b8752ef3a50515;7;1632368313001;;0;0;0;TJPE;G1;;2021/TJPE/09/G1/TJPE72453202109231632368312983;False;2021-09-23 00:38:33.001;Erro no arquivo
29;650438374;TJPE58797202109231632368308288;7a4eb8ad82b98e4f5ffd82b66348ec2588da95ad241e2eb45d9fcc7f6f68ff21;7;1632368308297;;0;0;0;TJPE;G1;;2021/TJPE/09/G1/TJPE58797202109231632368308288;False;2021-09-23 00:38:28.297;Erro no arquivo
30;650438365;TJPE52780202109231632368304257;e7b09853b669416e7242a0b996c22deb858f0124e66322f314d0f0a6e868598f;7;1632368304270;;0;0;0;TJPE;G1;;2021/TJPE/09/G1/TJPE52780202109231632368304257;False;2021-09-23 00:38:24.270;Erro no arquivo
31;650438360;TJPE38115202109231632368298221;28b18dbac7e7b6bd42e6c488611c9f2bbb3060c4d6afa25140d29660d435452c;7;1632368298255;;0;0;0;TJPE;G1;;2021/TJPE/09/G1/TJPE38115202109231632368298221;False;2021-09-23 00:38:18.255;Erro no arquivo
32;650438345;TJPE25808202109231632368291486;b5b3d6336301ba16fbe92fa1c56c851d483d80142996cb4d904864a9786956ce;3;1632368291495;;100;100;0;TJPE;JE;1103934.0;2021/TJPE/09/JE/TJPE25808202109231632368291486;False;2021-09-23 00:38:11.495;Processado com sucesso
33;650438335;TJPE96424202109231632368287213;cbb8c9c253368a7a531a5ef058fe289e61cbde2c88f659a78b57fb1a7e11906d;7;1632368287218;;0;0;0;TJPE;G1;;2021/TJPE/09/G1/TJPE96424202109231632368287213;False;2021-09-23 00:38:07.218;Erro no arquivo
34;650438333;TJPE99958202109231632368284973;d862cf209686dfd3027ef5dbe2a3bf17152dda730913b7beaf6b965e48174091;7;1632368284983;;0;0;0;TJPE;G1;;2021/TJPE/09/G1/TJPE99958202109231632368284973;False;2021-09-23 00:38:04.983;Erro no arquivo
35;650438322;TJPE36510202109231632368280545;f19c2b88614ab9ec82a7e5f0530004f1957b3f9d4d6d1c59b7c8ffb6874da125;7;1632368280551;;0;0;0;TJPE;G1;;2021/TJPE/09/G1/TJPE36510202109231632368280545;False;2021-09-23 00:38:00.551;Erro no arquivo
36;650438318;TJPE27570202109231632368279001;3d84dfc277e29cba3b09cdf125f4bd19abd69588505b3290e71ac10db7722e42;7;1632368279015;;0;0;0;TJPE;G1;;2021/TJPE/09/G1/TJPE27570202109231632368279001;False;2021-09-23 00:37:59.015;Erro no arquivo
37;650438312;TJPE45008202109231632368276998;925aa76680ae01cd5abc1d481744b02bc0f3c2da8bc2468d0b1518e336c888ee;7;1632368277018;;0;0;0;TJPE;G1;;2021/TJPE/09/G1/TJPE45008202109231632368276998;False;2021-09-23 00:37:57.018;Erro no arquivo
38;650438309;TJPE90982202109231632368275202;daa36176f74bfa1560f42c356273cc6ac1097c926c08e00d3b1f13658b82fa07;3;1632368275211;;100;100;0;TJPE;JE;1185363.0;2021/TJPE/09/JE/TJPE90982202109231632368275202;False;2021-09-23 00:37:55.211;Processado com sucesso
39;650438306;TJPE89257202109231632368273341;b3e7d3dc585e4ed32c8c56dacc770ead256ed807913249df52ae65c791da8dd0;7;1632368273354;;0;0;0;TJPE;G1;;2021/TJPE/09/G1/TJPE89257202109231632368273341;False;2021-09-23 00:37:53.354;Erro no arquivo
0;650438300;TJPE23806202109231632368271334;ad3ca008a690d2e560b3f8bd8c2bac0af60763d57fe0cf4a2491d038721e4bb7;7;1632368271343;;0;0;0;TJPE;JE;;2021/TJPE/09/JE/TJPE23806202109231632368271334;False;2021-09-23 00:37:51.343;Erro no arquivo
1;650438277;TJPE83959202109231632368257521;2fdeae96735cbb4062ff5f57cbfe8245b3ce948792611ee5a8342f2338ba264e;7;1632368257530;;0;0;0;TJPE;G1;;2021/TJPE/09/G1/TJPE83959202109231632368257521;False;2021-09-23 00:37:37.530;Erro no arquivo
2;650438273;TJPE16821202109231632368255459;a0cef524570c0d2c8dc200d3a3aaad48ca127733061c5689ec1ba3f2c2695ba1;7;1632368255483;;0;0;0;TJPE;G1;;2021/TJPE/09/G1/TJPE16821202109231632368255459;False;2021-09-23 00:37:35.483;Erro no arquivo
3;650438270;TJPE45907202109231632368253475;03149a47568d16a130f2f7e181ae03b8874aec8b233e7fca28960ae771f3d835;7;1632368253485;;0;0;0;TJPE;G1;;2021/TJPE/09/G1/TJPE45907202109231632368253475;False;2021-09-23 00:37:33.485;Erro no arquivo
4;650438269;TJPE74048202109231632368251914;bbc79f23e8d6c0c482144cb7d0697343e01c75c319ec2d462a4b416272adcfce;7;1632368251923;;0;0;0;TJPE;G1;;2021/TJPE/09/G1/TJPE74048202109231632368251914;False;2021-09-23 00:37:31.923;Erro no arquivo
5;650438262;TJPE68060202109231632368250041;84ef949af991bc45e99d069b24cb2792fcaa17920b66b090637dd6426e304837;7;1632368250048;;0;0;0;TJPE;G1;;2021/TJPE/09/G1/TJPE68060202109231632368250041;False;2021-09-23 00:37:30.048;Erro no arquivo
6;650438255;TJPE92400202109231632368245721;374a6af715ac262da5f10c9944d825733def6e53cd7128a8e84c92e7581a4d6b;7;1632368245730;;0;0;0;TJPE;G1;;2021/TJPE/09/G1/TJPE92400202109231632368245721;False;2021-09-23 00:37:25.730;Erro no arquivo
7;650438241;TJPE55454202109231632368240512;85f1872fed52fd216ee139139ec6792abb7f1db7d3f76343fa3076436fb6ff1d;7;1632368240522;;0;0;0;TJPE;G1;;2021/TJPE/09/G1/TJPE55454202109231632368240512;False;2021-09-23 00:37:20.522;Erro no arquivo
8;650438235;TJPE32511202109231632368235217;d699cdd52ae8be1cca066f3604c1a190799d0a512785ebffce79a1c081925678;7;1632368235232;;0;0;0;TJPE;G1;;2021/TJPE/09/G1/TJPE32511202109231632368235217;False;2021-09-23 00:37:15.232;Erro no arquivo
9;650438229;TJPE33803202109231632368231005;36289d285c55e38814125bc8eef17999bcd1096be0ecaf54bd9c62e852733304;7;1632368231019;;0;0;0;TJPE;G1;;2021/TJPE/09/G1/TJPE33803202109231632368231005;False;2021-09-23 00:37:11.019;Erro no arquivo
10;650438206;TJPE72594202109231632368219088;50a811e0b84ab3eb7600726d0e3d92d8c697caa8b12f65764019ffd771cb18e3;7;1632368219097;;0;0;0;TJPE;G1;;2021/TJPE/09/G1/TJPE72594202109231632368219088;False;2021-09-23 00:36:59.097;Erro no arquivo
11;650438198;TJPE59239202109231632368216892;6c80a291c08bc0b3b19a01b28f2a9748653539bcd8f6bd765383e92be944bd5a;7;1632368216900;;0;0;0;TJPE;G1;;2021/TJPE/09/G1/TJPE59239202109231632368216892;False;2021-09-23 00:36:56.900;Erro no arquivo
12;650438196;TJPE61444202109231632368215190;190422730f36250a7f1c2c69f337f417cf00885f8aadb82aa3af138bd1e5e89c;7;1632368215198;;0;0;0;TJPE;G1;;2021/TJPE/09/G1/TJPE61444202109231632368215190;False;2021-09-23 00:36:55.198;Erro no arquivo
13;650438192;TJPE11258202109231632368213283;6870ea8c848e04978a810546274a9e3eaa12175f86f23c29c0a6f34fedbef4f4;7;1632368213293;;0;0;0;TJPE;G1;;2021/TJPE/09/G1/TJPE11258202109231632368213283;False;2021-09-23 00:36:53.293;Erro no arquivo
14;650438190;TJPE61142202109231632368211077;cafdf5beac78811e0fdf5efc40deb6cf953f9d578d6c516f5725db626e6f336a;7;1632368211083;;0;0;0;TJPE;G1;;2021/TJPE/09/G1/TJPE61142202109231632368211077;False;2021-09-23 00:36:51.083;Erro no arquivo
15;650438186;TJPE44553202109231632368209519;1a99f19f0fa214a5f6133e4174ba796e64032ff51fb1b1bf996b7233f3fac3d7;7;1632368209531;;0;0;0;TJPE;JE;;2021/TJPE/09/JE/TJPE44553202109231632368209519;False;2021-09-23 00:36:49.531;Erro no arquivo
16;650438183;TJPE28457202109231632368207680;effcf22292f7273e4b15f5c443ed72eac94cccdd26c7277e14205744fc907965;3;1632368207703;;93;93;0;TJPE;G1;1222013.0;2021/TJPE/09/G1/TJPE28457202109231632368207680;False;2021-09-23 00:36:47.703;Processado com sucesso
17;650438178;TJPE60326202109231632368205353;981afb154788355ff60ff75ae06acc9f8151f700e012df56c5b678f9d68c29a1;7;1632368205366;;0;0;0;TJPE;G1;;2021/TJPE/09/G1/TJPE60326202109231632368205353;False;2021-09-23 00:36:45.366;Erro no arquivo
18;650438176;TJPE37547202109231632368203550;138d6d75646586957a30ff7b9a8c5249221a136f78e31905010398d2cff3abde;7;1632368203567;;0;0;0;TJPE;G1;;2021/TJPE/09/G1/TJPE37547202109231632368203550;False;2021-09-23 00:36:43.567;Erro no arquivo
19;650438173;TJPE53710202109231632368200809;b3029dc62f666f3664be14c687330697ada8765f52a7558b1bea63254cdc7bb8;7;1632368200817;;0;0;0;TJPE;G1;;2021/TJPE/09/G1/TJPE53710202109231632368200809;False;2021-09-23 00:36:40.817;Erro no arquivo
20;650438170;TJPE75720202109231632368198782;8aecbc4a1df90c3df03ab56e0f4e430c757ce6c30a465faa7d5723d68f6e7659;7;1632368198821;;0;0;0;TJPE;G1;;2021/TJPE/09/G1/TJPE75720202109231632368198782;False;2021-09-23 00:36:38.821;Erro no arquivo
21;650438162;TJPE76596202109231632368196142;0a29692708ebd7187d9dfefaac3e710fcb2f34594a04312e34f19f671e76d275;7;1632368196150;;0;0;0;TJPE;JE;;2021/TJPE/09/JE/TJPE76596202109231632368196142;False;2021-09-23 00:36:36.150;Erro no arquivo
22;650438159;TJPE34356202109231632368194046;618378db388009f719607c81c6a5e4004021e03eeb1d7caf0ef6e4c5ae44ad95;7;1632368194056;;0;0;0;TJPE;G1;;2021/TJPE/09/G1/TJPE34356202109231632368194046;False;2021-09-23 00:36:34.056;Erro no arquivo
23;650438156;TJPE71096202109231632368191843;e7d19ccf9308a6f2f45b85baac2937f1ba5bacc02d681c788c3bcd73fe0fd32f;7;1632368191852;;0;0;0;TJPE;G1;;2021/TJPE/09/G1/TJPE71096202109231632368191843;False;2021-09-23 00:36:31.852;Erro no arquivo
24;650438146;TJPE16219202109231632368189171;1b36c53acb07e2b9e5d21609e86d7007041e2925703120c0859ba1ad90d38da5;7;1632368189179;;0;0;0;TJPE;G1;;2021/TJPE/09/G1/TJPE16219202109231632368189171;False;2021-09-23 00:36:29.179;Erro no arquivo
25;650438133;TJPE87017202109231632368187336;3af4d45b89e74458ef98ceccb9c4824546d04d87b8422e4c3c38aa81c4c0ce16;7;1632368187343;;0;0;0;TJPE;G1;;2021/TJPE/09/G1/TJPE87017202109231632368187336;False;2021-09-23 00:36:27.343;Erro no arquivo
26;650438119;TJPE53610202109231632368182098;9f4d94250cad7fdd335bbe87b2ab374646ce9c61bbbba203997d7c4b2e783029;7;1632368182106;;0;0;0;TJPE;G1;;2021/TJPE/09/G1/TJPE53610202109231632368182098;False;2021-09-23 00:36:22.106;Erro no arquivo
27;650438112;TJPE52793202109231632368178882;2e02123bc4766c6454c53c53a1d79643c0fe61f510c261aa11982b522db3ecb7;3;1632368178895;;100;100;0;TJPE;JE;1110303.0;2021/TJPE/09/JE/TJPE52793202109231632368178882;False;2021-09-23 00:36:18.895;Processado com sucesso
28;650438097;TJPE34651202109231632368174628;172b980a057801d8a7a910a4d38a405f5a3194b8acc8e7d366a29e445d3f32a5;7;1632368174636;;0;0;0;TJPE;G1;;2021/TJPE/09/G1/TJPE34651202109231632368174628;False;2021-09-23 00:36:14.636;Erro no arquivo
29;650438084;TJPE14513202109231632368166015;cb9bee470ec866e5eafc599588d29cbba698cb72667820be3958e6151006b3f3;7;1632368166023;;0;0;0;TJPE;G1;;2021/TJPE/09/G1/TJPE14513202109231632368166015;False;2021-09-23 00:36:06.023;Erro no arquivo
30;650438078;TJPE20052202109231632368161263;8dffa7f00dc199b9bd320de5fb431da35a60fba61b2d667292166918d1020387;7;1632368161272;;0;0;0;TJPE;G1;;2021/TJPE/09/G1/TJPE20052202109231632368161263;False;2021-09-23 00:36:01.272;Erro no arquivo
31;650438064;TJPE39022202109231632368157539;3caf00cb1790f2be574f203ed163790fca550f852996c3c06f77a611b577e203;7;1632368157562;;0;0;0;TJPE;G1;;2021/TJPE/09/G1/TJPE39022202109231632368157539;False;2021-09-23 00:35:57.562;Erro no arquivo
32;650438046;TJPE67366202109231632368153449;13cc695cbf455ffe4c84799a022134a114d4b73ac0c5a3c8ff1267644f59afa0;7;1632368153457;;0;0;0;TJPE;G1;;2021/TJPE/09/G1/TJPE67366202109231632368153449;False;2021-09-23 00:35:53.457;Erro no arquivo
33;650438041;TJPE68200202109231632368149631;2bb8a78fbbdd4d359dd214a0e6019b9645b41b232ecb4dada4c4091fd4e6b5a1;7;1632368149639;;0;0;0;TJPE;G1;;2021/TJPE/09/G1/TJPE68200202109231632368149631;False;2021-09-23 00:35:49.639;Erro no arquivo
34;650438029;TJPE22232202109231632368145036;69d0412ac2e9dfda375f514b42bdd871f57b8901a89e1a8948863bf7d4fb7950;7;1632368145044;;0;0;0;TJPE;G1;;2021/TJPE/09/G1/TJPE22232202109231632368145036;False;2021-09-23 00:35:45.044;Erro no arquivo
35;650438022;TJPE82190202109231632368140458;50f8e69cbcbeca7632749876323e260652d1b458922fadef0025a28d5106d7f3;7;1632368140469;;0;0;0;TJPE;G1;;2021/TJPE/09/G1/TJPE82190202109231632368140458;False;2021-09-23 00:35:40.469;Erro no arquivo
36;650438010;TJPE98878202109231632368136333;191415187c6d3b65a442e7ea66528b20b1042a19e09cbe2d47a1e70b5eb4a7f4;7;1632368136339;;0;0;0;TJPE;G1;;2021/TJPE/09/G1/TJPE98878202109231632368136333;False;2021-09-23 00:35:36.339;Erro no arquivo
37;650438009;TJPE46105202109231632368134063;468c3102b49905989c67747fc0b423599095f97307e9d3109c0c95a43011269a;7;1632368134074;;0;0;0;TJPE;G1;;2021/TJPE/09/G1/TJPE46105202109231632368134063;False;2021-09-23 00:35:34.074;Erro no arquivo
38;650438006;TJPE37862202109231632368130376;348e3bb8bb4edc56bd0b21698517a3a314c5280fac2a7ca88c0ed2d7a739747b;3;1632368130391;;100;100;0;TJPE;JE;1288939.0;2021/TJPE/09/JE/TJPE37862202109231632368130376;False;2021-09-23 00:35:30.391;Processado com sucesso
39;650437998;TJPE44438202109231632368124917;122ce7ca641c0def22baccf72cd6424ed409469af0544023aa0e47f4b0814b4f;7;1632368124923;;0;0;0;TJPE;G1;;2021/TJPE/09/G1/TJPE44438202109231632368124917;False;2021-09-23 00:35:24.923;Erro no arquivo
0;650437995;TJPE76024202109231632368122043;3adf659588a37d9fa79fc6360087d54461c3c6130b84ffc48ec6f6cf0f5148a7;3;1632368122054;;89;89;0;TJPE;G1;923389.0;2021/TJPE/09/G1/TJPE76024202109231632368122043;False;2021-09-23 00:35:22.054;Processado com sucesso
1;650437989;TJPE54319202109231632368116196;176cf0bf2a0e6d9854f587d411e316919a07c01a37bb5486d3070eb69c2a145f;7;1632368116207;;0;0;0;TJPE;G1;;2021/TJPE/09/G1/TJPE54319202109231632368116196;False;2021-09-23 00:35:16.207;Erro no arquivo
2;650437988;TJPE65644202109231632368113684;2c560706cc5cf1586866dff417b2c4b66fdb4f91e90e7dcb85e15b6d8cd76a85;7;1632368113707;;0;0;0;TJPE;G1;;2021/TJPE/09/G1/TJPE65644202109231632368113684;False;2021-09-23 00:35:13.707;Erro no arquivo
3;650437981;TJPE28707202109231632368109340;db6bad5fa643217ba801861e0562bf6ebdb125c32e6ec272e3f2e87674a2d482;7;1632368109363;;0;0;0;TJPE;G1;;2021/TJPE/09/G1/TJPE28707202109231632368109340;False;2021-09-23 00:35:09.363;Erro no arquivo
4;650437975;TJPE16738202109231632368106237;b483e08a4a5a3adbe742a54e2e8cf87fdc110cbfc8a2d8240fad7d1043908484;3;1632368106243;;99;99;0;TJPE;G1;748415.0;2021/TJPE/09/G1/TJPE16738202109231632368106237;False;2021-09-23 00:35:06.243;Processado com sucesso
5;650437964;TJPE56548202109231632368098685;351cbdf57dc125700dc42c5829d22968e6ed01a51e8a02f7e0750ea8f3169647;3;1632368098694;;100;100;0;TJPE;JE;1193201.0;2021/TJPE/09/JE/TJPE56548202109231632368098685;False;2021-09-23 00:34:58.694;Processado com sucesso
6;650437959;TJPE17799202109231632368092073;9eb4e080b4c2d6cd39829d272809958744796bf8a4387992ea86aa79f5e6bccd;7;1632368092083;;0;0;0;TJPE;G1;;2021/TJPE/09/G1/TJPE17799202109231632368092073;False;2021-09-23 00:34:52.083;Erro no arquivo
7;650437902;TJPE65006202109231632368058898;08ec0396de8ee5618dda3515eda249f095664a0b60fd6dea43fdf6d28f525d34;7;1632368058920;;0;0;0;TJPE;G1;;2021/TJPE/09/G1/TJPE65006202109231632368058898;False;2021-09-23 00:34:18.920;Erro no arquivo
8;650437896;TJPE59151202109231632368056125;66e75e4bbf7dfd166c69788ab4728040da05eb5ab82a328afc0e146ab1ae9db9;3;1632368056134;;100;100;0;TJPE;JE;1231285.0;2021/TJPE/09/JE/TJPE59151202109231632368056125;False;2021-09-23 00:34:16.134;Processado com sucesso
9;650437892;TJPE10908202109231632368053997;ef2e290b819fdfde3e4b978c3b8cc090ea92f81d2b53a752ab3891d1d9897618;3;1632368054005;;100;100;0;TJPE;JE;1059422.0;2021/TJPE/09/JE/TJPE10908202109231632368053997;False;2021-09-23 00:34:14.005;Processado com sucesso
10;650437886;TJPE46356202109231632368051978;9ef2af182a262bd278a146696d6b1159c183d03ef0625bb0ff5520d4109d0509;7;1632368051989;;0;0;0;TJPE;G1;;2021/TJPE/09/G1/TJPE46356202109231632368051978;False;2021-09-23 00:34:11.989;Erro no arquivo
11;650437871;TJPE23000202109231632368046047;63df902da74ab84826aa468b64e3ac9e13e53a1d8c2efe3eaaa479fb6a32c30b;7;1632368046060;;0;0;0;TJPE;G1;;2021/TJPE/09/G1/TJPE23000202109231632368046047;False;2021-09-23 00:34:06.060;Erro no arquivo
12;650437868;TJPE47060202109231632368039315;cb76d07884942acdac442d77c5ade448e58f8c0ba9635c1cd9ad730dbcff73c6;7;1632368039326;;0;0;0;TJPE;G1;;2021/TJPE/09/G1/TJPE47060202109231632368039315;False;2021-09-23 00:33:59.326;Erro no arquivo
13;650437862;TJPE71949202109231632368034592;ed1ec798642df37b21f30c466b50bba108bd9d634a6197f10b12db6bdd380f16;7;1632368034600;;0;0;0;TJPE;G1;;2021/TJPE/09/G1/TJPE71949202109231632368034592;False;2021-09-23 00:33:54.600;Erro no arquivo
14;650437860;TJPE80076202109231632368030545;7d6a010f2bb3da840a23ae637dd317c6d5cb19cfb757bd18874838ea619ea7a7;7;1632368030576;;0;0;0;TJPE;G1;;2021/TJPE/09/G1/TJPE80076202109231632368030545;False;2021-09-23 00:33:50.576;Erro no arquivo
15;650437854;TJPE89286202109231632368025719;8480cdf4b2a47c050bae643ae4e9806f3d96fba6b5ec5d7f1e98502cd3e777ec;7;1632368025727;;0;0;0;TJPE;G1;;2021/TJPE/09/G1/TJPE89286202109231632368025719;False;2021-09-23 00:33:45.727;Erro no arquivo
16;650437838;TJPE73108202109231632368017801;4b9c5b23fa2271b18bcfd66eb276548ca5cba3af89be3ba4730b7674dcaa0a94;3;1632368017819;;100;100;0;TJPE;JE;1029853.0;2021/TJPE/09/JE/TJPE73108202109231632368017801;False;2021-09-23 00:33:37.819;Processado com sucesso
17;650437832;TJPE78023202109231632368013559;7f1f0593de7db0d1e98c144eb0eb8be25000e25b3f7849fb4c871297a84fa3ce;7;1632368013567;;0;0;0;TJPE;G1;;2021/TJPE/09/G1/TJPE78023202109231632368013559;False;2021-09-23 00:33:33.567;Erro no arquivo
18;650437818;TJPE51876202109231632368008375;1a6af41ad5c5373f79a452e0fd941c4f52ec388759bbe57067878b43719f06ef;7;1632368008385;;0;0;0;TJPE;G1;;2021/TJPE/09/G1/TJPE51876202109231632368008375;False;2021-09-23 00:33:28.385;Erro no arquivo
19;650437815;TJPE35029202109231632368002358;9c23ab07201a390b7a6172a4d3bc317ffae813758739a65879b02e00c267785e;7;1632368002367;;0;0;0;TJPE;G1;;2021/TJPE/09/G1/TJPE35029202109231632368002358;False;2021-09-23 00:33:22.367;Erro no arquivo
20;650437806;TJPE49099202109231632367993634;3bf622908b446798b6c73e2416e401c881e78e9d8612a71a8fa4f525618aa9aa;7;1632367993642;;0;0;0;TJPE;G1;;2021/TJPE/09/G1/TJPE49099202109231632367993634;False;2021-09-23 00:33:13.642;Erro no arquivo
21;650437799;TJPE96974202109231632367988371;04a751390da2b6be3741fc7abfea995d256b985b2c2a84fbca2e93396b373ac9;7;1632367988392;;0;0;0;TJPE;G1;;2021/TJPE/09/G1/TJPE96974202109231632367988371;False;2021-09-23 00:33:08.392;Erro no arquivo
22;650437789;TJPE21513202109231632367980279;c2c8287e5731b35a71d7993de9746445d9b07b4e068965c95a9d75dc75662f74;7;1632367980289;;0;0;0;TJPE;G1;;2021/TJPE/09/G1/TJPE21513202109231632367980279;False;2021-09-23 00:33:00.289;Erro no arquivo
23;650437778;TJPE23241202109231632367969012;11b5ef52a0253f59ec8876408892b4ade65bba5b27ce52bd74b8752ef3a50515;7;1632367969073;;0;0;0;TJPE;G1;;2021/TJPE/09/G1/TJPE23241202109231632367969012;False;2021-09-23 00:32:49.073;Erro no arquivo
24;650437774;TJPE44721202109231632367961059;7a4eb8ad82b98e4f5ffd82b66348ec2588da95ad241e2eb45d9fcc7f6f68ff21;7;1632367961069;;0;0;0;TJPE;G1;;2021/TJPE/09/G1/TJPE44721202109231632367961059;False;2021-09-23 00:32:41.069;Erro no arquivo
25;650437772;TJPE77241202109231632367952259;e7b09853b669416e7242a0b996c22deb858f0124e66322f314d0f0a6e868598f;7;1632367952272;;0;0;0;TJPE;G1;;2021/TJPE/09/G1/TJPE77241202109231632367952259;False;2021-09-23 00:32:32.272;Erro no arquivo
26;650437766;TJPE90196202109231632367939983;28b18dbac7e7b6bd42e6c488611c9f2bbb3060c4d6afa25140d29660d435452c;7;1632367939999;;0;0;0;TJPE;G1;;2021/TJPE/09/G1/TJPE90196202109231632367939983;False;2021-09-23 00:32:19.999;Erro no arquivo
27;650437758;TJPE74229202109231632367928736;b5b3d6336301ba16fbe92fa1c56c851d483d80142996cb4d904864a9786956ce;5;1632367928745;;100;0;0;TJPE;JE;1103934.0;2021/TJPE/09/JE/TJPE74229202109231632367928736;False;2021-09-23 00:32:08.745;Duplicado
28;650437756;TJPE18162202109231632367925207;fc3f33e722eaf8bc72e296fdde391542ab814895c434f8895eab3f8a9f3487f1;7;1632367925227;;0;0;0;TJPE;JE;;2021/TJPE/09/JE/TJPE18162202109231632367925207;False;2021-09-23 00:32:05.227;Erro no arquivo
29;650437746;TJPE60329202109231632367916971;cbb8c9c253368a7a531a5ef058fe289e61cbde2c88f659a78b57fb1a7e11906d;7;1632367916976;;0;0;0;TJPE;G1;;2021/TJPE/09/G1/TJPE60329202109231632367916971;False;2021-09-23 00:31:56.976;Erro no arquivo
30;650437738;TJPE46778202109231632367909221;d862cf209686dfd3027ef5dbe2a3bf17152dda730913b7beaf6b965e48174091;7;1632367909227;;0;0;0;TJPE;G1;;2021/TJPE/09/G1/TJPE46778202109231632367909221;False;2021-09-23 00:31:49.227;Erro no arquivo
31;650437726;TJPE90333202109231632367899678;f19c2b88614ab9ec82a7e5f0530004f1957b3f9d4d6d1c59b7c8ffb6874da125;7;1632367899685;;0;0;0;TJPE;G1;;2021/TJPE/09/G1/TJPE90333202109231632367899678;False;2021-09-23 00:31:39.685;Erro no arquivo
32;650437712;TJPE65336202109231632367892788;3d84dfc277e29cba3b09cdf125f4bd19abd69588505b3290e71ac10db7722e42;7;1632367892799;;0;0;0;TJPE;G1;;2021/TJPE/09/G1/TJPE65336202109231632367892788;False;2021-09-23 00:31:32.799;Erro no arquivo
33;650437704;TJPE62710202109231632367885576;925aa76680ae01cd5abc1d481744b02bc0f3c2da8bc2468d0b1518e336c888ee;7;1632367885584;;0;0;0;TJPE;G1;;2021/TJPE/09/G1/TJPE62710202109231632367885576;False;2021-09-23 00:31:25.584;Erro no arquivo
34;650437687;TJPE83750202109231632367877735;daa36176f74bfa1560f42c356273cc6ac1097c926c08e00d3b1f13658b82fa07;5;1632367877748;;100;0;0;TJPE;JE;1185363.0;2021/TJPE/09/JE/TJPE83750202109231632367877735;False;2021-09-23 00:31:17.748;Duplicado
35;650437678;TJPE68695202109231632367870530;b3e7d3dc585e4ed32c8c56dacc770ead256ed807913249df52ae65c791da8dd0;7;1632367870542;;0;0;0;TJPE;G1;;2021/TJPE/09/G1/TJPE68695202109231632367870530;False;2021-09-23 00:31:10.542;Erro no arquivo
36;650437615;TJPE77192202109231632367838199;1eb655a11bbcfeb476574821d7ea441093dcd6ba9c5565429a85007f88c36fdf;7;1632367838208;;0;0;0;TJPE;G1;;2021/TJPE/09/G1/TJPE77192202109231632367838199;False;2021-09-23 00:30:38.208;Erro no arquivo
37;650437611;TJPE86630202109231632367833513;3a09196d4926573d39563517770e4fdc69a51f521894f573321bb93634ec03e7;7;1632367833522;;0;0;0;TJPE;G1;;2021/TJPE/09/G1/TJPE86630202109231632367833513;False;2021-09-23 00:30:33.522;Erro no arquivo
38;650437600;TJPE39043202109231632367827258;454ae5e82c7988e3fd8018d83d56aa3e76733b6220a639603b2bf7878f645b8a;7;1632367827267;;0;0;0;TJPE;G1;;2021/TJPE/09/G1/TJPE39043202109231632367827258;False;2021-09-23 00:30:27.267;Erro no arquivo
39;650437574;TJPE65296202109231632367814313;7c86fed019ae37e76709684c64bdb1861fbae89205fb4483aeeb81122926687f;7;1632367814328;;0;0;0;TJPE;G1;;2021/TJPE/09/G1/TJPE65296202109231632367814313;False;2021-09-23 00:30:14.328;Erro no arquivo
0;650437557;TJPE63357202109231632367807692;9919070cdbeafe985a95106e196091e12d37413eebac2076b71f5004f36d2e4f;7;1632367807701;;0;0;0;TJPE;G1;;2021/TJPE/09/G1/TJPE63357202109231632367807692;False;2021-09-23 00:30:07.701;Erro no arquivo
1;650437546;TJPE23811202109231632367802640;ec8cb07f3786bfe2f5848d2dd5b4da03cb819ee0faf588cfb6eaff5e33226e82;7;1632367802650;;0;0;0;TJPE;G1;;2021/TJPE/09/G1/TJPE23811202109231632367802640;False;2021-09-23 00:30:02.650;Erro no arquivo
2;650437542;TJPE23045202109231632367795646;0bfa74f0a3e7ad58e6362690019a86000d75da089439a7712aba55262b0ba416;7;1632367795719;;0;0;0;TJPE;G1;;2021/TJPE/09/G1/TJPE23045202109231632367795646;False;2021-09-23 00:29:55.719;Erro no arquivo
3;650437527;TJPE47955202109231632367791625;b5a2cd1b45dc98bcd1c4df2e39d7d1ec3a4ae3f58147927bdf58eca671b1fa8b;7;1632367791639;;0;0;0;TJPE;G1;;2021/TJPE/09/G1/TJPE47955202109231632367791625;False;2021-09-23 00:29:51.639;Erro no arquivo
4;650437510;TJPE41722202109231632367787162;709d9c572bbfb84298d883c02d0e85f4519a8f8953e05451ed8492c7b7bf94c7;7;1632367787168;;0;0;0;TJPE;G1;;2021/TJPE/09/G1/TJPE41722202109231632367787162;False;2021-09-23 00:29:47.168;Erro no arquivo
5;650437502;TJPE65824202109231632367784371;1fa7ff4bf36f0502aecf7765c663392e3a3fca6b0e333d6d5ac58b8d0672a789;7;1632367784381;;0;0;0;TJPE;G1;;2021/TJPE/09/G1/TJPE65824202109231632367784371;False;2021-09-23 00:29:44.381;Erro no arquivo
6;650437481;TJPE38890202109231632367778725;7dd138c11bb41e803bd87fb74c72e04219b6c7d6944ed980fceb2384e0cdcbb3;7;1632367778736;;0;0;0;TJPE;G1;;2021/TJPE/09/G1/TJPE38890202109231632367778725;False;2021-09-23 00:29:38.736;Erro no arquivo
7;650437478;TJPE99161202109231632367774412;9cc929a660a102d99a5a43b0bdb88779c107e77ea51504a5e5be9332a4d1db0a;7;1632367774419;;0;0;0;TJPE;G1;;2021/TJPE/09/G1/TJPE99161202109231632367774412;False;2021-09-23 00:29:34.419;Erro no arquivo
8;650437462;TJPE40648202109231632367766967;294454b4f045bc5954f24c7beb53b79120a9e7bbc0f47b53963cc58881f34565;7;1632367766974;;0;0;0;TJPE;G1;;2021/TJPE/09/G1/TJPE40648202109231632367766967;False;2021-09-23 00:29:26.974;Erro no arquivo
9;650437456;TJPE60816202109231632367764915;17d4131cfb145a09ce5b7f68665db9f3d5406d200874d4f9a3603c0b135c3bb6;7;1632367764925;;0;0;0;TJPE;G1;;2021/TJPE/09/G1/TJPE60816202109231632367764915;False;2021-09-23 00:29:24.925;Erro no arquivo
10;650437447;TJPE69369202109231632367762163;175b101d4170cfce077bd74cd301e109a30b4511121de310f9acda3a07033aaa;7;1632367762189;;0;0;0;TJPE;G1;;2021/TJPE/09/G1/TJPE69369202109231632367762163;False;2021-09-23 00:29:22.189;Erro no arquivo
11;650437436;TJPE25462202109231632367756982;d7e87747506a3839dbb4d7ce1f006939b64bc69ae80df49b3fd13ae31fdae9f9;7;1632367756999;;0;0;0;TJPE;G1;;2021/TJPE/09/G1/TJPE25462202109231632367756982;False;2021-09-23 00:29:16.999;Erro no arquivo
12;650437428;TJPE15726202109231632367753077;49152273e2ac4e3030b871ffad88e9bd1940ad75ecb6ebd48d0be2162a7f83c1;7;1632367753087;;0;0;0;TJPE;G1;;2021/TJPE/09/G1/TJPE15726202109231632367753077;False;2021-09-23 00:29:13.087;Erro no arquivo
13;650437423;TJPE13855202109231632367750909;2103de5ad9e1bbd0dfd4ca2cb89e2c3f543bf248699c8ef60e9d4f6d346addec;3;1632367750923;;100;100;0;TJPE;JE;1252986.0;2021/TJPE/09/JE/TJPE13855202109231632367750909;False;2021-09-23 00:29:10.923;Processado com sucesso
14;650437419;TJPE32890202109231632367748490;ed7b5bd53d9beb99e1d0dde9e963111ced365b93c389a7906caaa7b35f9402d1;7;1632367748516;;0;0;0;TJPE;G1;;2021/TJPE/09/G1/TJPE32890202109231632367748490;False;2021-09-23 00:29:08.516;Erro no arquivo
15;650437415;TJPE65343202109231632367746297;3a757c1d693fcbf56c98933e2fb54e150d9471f0f9125bebfb1301253f8428ba;3;1632367746323;;100;100;0;TJPE;JE;1367194.0;2021/TJPE/09/JE/TJPE65343202109231632367746297;False;2021-09-23 00:29:06.323;Processado com sucesso
16;650437409;TJPE40822202109231632367743405;f491f211d447923740551010c60acbbef1697092155927dbe6136e3175257889;3;1632367743421;;100;100;0;TJPE;G1;1599485.0;2021/TJPE/09/G1/TJPE40822202109231632367743405;False;2021-09-23 00:29:03.421;Processado com sucesso
17;650437404;TJPE76993202109231632367740835;d40869500294926f8d1ea204b695eb1a7facad637f828f315b4008bf42f637c8;7;1632367740843;;0;0;0;TJPE;G1;;2021/TJPE/09/G1/TJPE76993202109231632367740835;False;2021-09-23 00:29:00.843;Erro no arquivo
18;650437393;TJPE75236202109231632367737995;fd6b966e64a84d4c8e3dca702e3a5fe11330f8d3f3f7b7d0b7e6ea235f78b8c1;7;1632367738030;;0;0;0;TJPE;G1;;2021/TJPE/09/G1/TJPE75236202109231632367737995;False;2021-09-23 00:28:58.030;Erro no arquivo
19;650437381;TJPE64659202109231632367723509;049c193318eb0340496f22ce62a0266ec310c2d8d80df4f9d62417f3309ccfc4;7;1632367723521;;0;0;0;TJPE;G1;;2021/TJPE/09/G1/TJPE64659202109231632367723509;False;2021-09-23 00:28:43.521;Erro no arquivo
20;650437379;TJPE94411202109231632367721715;5763090f3feb09cc51aaac6c5cb3b8368b4d2250b00185ce491b07caad79817a;7;1632367721728;;0;0;0;TJPE;G1;;2021/TJPE/09/G1/TJPE94411202109231632367721715;False;2021-09-23 00:28:41.728;Erro no arquivo
21;650437367;TJPE63898202109231632367714414;46b64b9865136dbffb90760affd18913d18bdf3539d7e7b9576560166ca7f12c;7;1632367714424;;0;0;0;TJPE;G1;;2021/TJPE/09/G1/TJPE63898202109231632367714414;False;2021-09-23 00:28:34.424;Erro no arquivo
22;650437358;TJPE70587202109231632367710204;014c329a584d8321792bbe667899a0ff8ae41005d7219f39a9175897c462675e;7;1632367710226;;0;0;0;TJPE;G1;;2021/TJPE/09/G1/TJPE70587202109231632367710204;False;2021-09-23 00:28:30.226;Erro no arquivo
23;650437347;TJPE86242202109231632367705249;b1d7942254b6adcab938488c62ec81b586e94cfec97ffe178ba30ba17f7c0ddb;7;1632367705257;;0;0;0;TJPE;G1;;2021/TJPE/09/G1/TJPE86242202109231632367705249;False;2021-09-23 00:28:25.257;Erro no arquivo
24;650437334;TJPE27049202109231632367700322;f378645167c56d3dce30f9ea68a27aa6641677359d1c8e64b20e4b78f39d7ede;7;1632367700333;;0;0;0;TJPE;G1;;2021/TJPE/09/G1/TJPE27049202109231632367700322;False;2021-09-23 00:28:20.333;Erro no arquivo
25;650437326;TJPE73316202109231632367690998;ad12d2fc7df1d3ee88098e2582583c5dd042b900df4428018275fc28631ef351;7;1632367691004;;0;0;0;TJPE;G1;;2021/TJPE/09/G1/TJPE73316202109231632367690998;False;2021-09-23 00:28:11.004;Erro no arquivo
26;650437312;TJPE81900202109231632367685251;1c68ec598aa0765f104345116600631010ff5d44ed536a10c23c862d6181d2b1;7;1632367685260;;0;0;0;TJPE;G1;;2021/TJPE/09/G1/TJPE81900202109231632367685251;False;2021-09-23 00:28:05.260;Erro no arquivo
27;650437286;TJPE24443202109231632367675724;0afefab26d8a8b78a7f55567af018082c25d58fbc8506421d5678d4445dbe330;3;1632367675749;;100;100;0;TJPE;G1;1342427.0;2021/TJPE/09/G1/TJPE24443202109231632367675724;False;2021-09-23 00:27:55.749;Processado com sucesso
28;650437276;TJPE24486202109231632367671477;de64784e4fc77133152e83ef449fb6a4bca633a8104fea3d6e901ee4882a0d46;7;1632367671490;;0;0;0;TJPE;G1;;2021/TJPE/09/G1/TJPE24486202109231632367671477;False;2021-09-23 00:27:51.490;Erro no arquivo
29;650437269;TJPE71797202109231632367665225;4a7045e053fc7a2f9a8e3062c80b663196ada37d9612b048ea8eb9ff13be3d4b;7;1632367665232;;0;0;0;TJPE;G1;;2021/TJPE/09/G1/TJPE71797202109231632367665225;False;2021-09-23 00:27:45.232;Erro no arquivo
30;650437252;TJPE57915202109231632367656498;49cb8ee9f1fcc78a5ea0e098276e00714ad4a7eac92e9b16bd89b54cb81556d7;7;1632367656505;;0;0;0;TJPE;G1;;2021/TJPE/09/G1/TJPE57915202109231632367656498;False;2021-09-23 00:27:36.505;Erro no arquivo
31;650437244;TJPE80776202109231632367654121;876f399d31310cbc3483eb70f661937ac288fb485f2d8bcebaa3dc922b574af8;7;1632367654131;;0;0;0;TJPE;G1;;2021/TJPE/09/G1/TJPE80776202109231632367654121;False;2021-09-23 00:27:34.131;Erro no arquivo
32;650437239;TJPE94216202109231632367651685;d1ec26f9d2f066261a8f64eaa5b140cf981aaddaef8c467ed0745b14991b9ca6;7;1632367651697;;0;0;0;TJPE;G1;;2021/TJPE/09/G1/TJPE94216202109231632367651685;False;2021-09-23 00:27:31.697;Erro no arquivo
33;650437236;TJPE45088202109231632367649468;8bc787f8ef736c563a9dc588149da7cfdbe39978ce7845fc70611b05293ddc2a;7;1632367649490;;0;0;0;TJPE;G1;;2021/TJPE/09/G1/TJPE45088202109231632367649468;False;2021-09-23 00:27:29.490;Erro no arquivo
34;650437228;TJPE89657202109231632367647098;5dc24c1476d7b7b06913bdc90722b651c5c289ee55e30c7385b2fdccf0e092ba;7;1632367647106;;0;0;0;TJPE;G1;;2021/TJPE/09/G1/TJPE89657202109231632367647098;False;2021-09-23 00:27:27.106;Erro no arquivo
35;650437227;TJPE69535202109231632367645148;1bf2cc2155f29a1998668b7c2affe9986cf49f906eaf750751f3d19e996dc65f;7;1632367645156;;0;0;0;TJPE;JE;;2021/TJPE/09/JE/TJPE69535202109231632367645148;False;2021-09-23 00:27:25.156;Erro no arquivo
36;650437223;TJPE31349202109231632367643063;5fc48034fc9e533265c4b7db2bc4dca115a47160f741aa4b9ae7d1c5a9bc81f3;7;1632367643071;;0;0;0;TJPE;G1;;2021/TJPE/09/G1/TJPE31349202109231632367643063;False;2021-09-23 00:27:23.071;Erro no arquivo
37;650437220;TJPE50262202109231632367640941;262cc462ffd40254c76c94815c00ee64c6ed619f3234af358f027482ad65eee6;3;1632367640951;;100;100;0;TJPE;G1;1434513.0;2021/TJPE/09/G1/TJPE50262202109231632367640941;False;2021-09-23 00:27:20.951;Processado com sucesso
38;650437217;TJPE82561202109231632367638123;e7c80a2c2ce8db16115118566d4bb63e5438b9f5e6b25c133975d2657984884d;7;1632367638134;;0;0;0;TJPE;G1;;2021/TJPE/09/G1/TJPE82561202109231632367638123;False;2021-09-23 00:27:18.134;Erro no arquivo
39;650437213;TJPE95327202109231632367636007;62cc567ca253f71a7725b2d21eb464397f564ab84ba550db338c93ac8a87804d;7;1632367636016;;0;0;0;TJPE;G1;;2021/TJPE/09/G1/TJPE95327202109231632367636007;False;2021-09-23 00:27:16.016;Erro no arquivo
0;650437212;TJPE14768202109231632367633793;7cc937cb330c75929762de828420860bcdefab467efb414ee143b5989db671a1;7;1632367633802;;0;0;0;TJPE;G1;;2021/TJPE/09/G1/TJPE14768202109231632367633793;False;2021-09-23 00:27:13.802;Erro no arquivo
1;650437209;TJPE23667202109231632367631276;5d8696f30c77608189fe5a4ac8843b306ff6e4b845c9129a902324a74768ad14;7;1632367631289;;0;0;0;TJPE;G1;;2021/TJPE/09/G1/TJPE23667202109231632367631276;False;2021-09-23 00:27:11.289;Erro no arquivo
2;650437202;TJPE36600202109231632367628797;32dcb6b3ab4b97d20f56308f508a80234230b637f1b19a26f22ed90615b6693d;7;1632367628813;;0;0;0;TJPE;G1;;2021/TJPE/09/G1/TJPE36600202109231632367628797;False;2021-09-23 00:27:08.813;Erro no arquivo
3;650437199;TJPE89810202109231632367626722;a295b017cde8ff437d7cbea3dffdf5e352cf1e3bba632c2b6534eba43845c17e;7;1632367626736;;0;0;0;TJPE;G1;;2021/TJPE/09/G1/TJPE89810202109231632367626722;False;2021-09-23 00:27:06.736;Erro no arquivo
4;650437196;TJPE42806202109231632367624654;b7ad715293e0c50cf7689589249163535cea76e8b232ba2d71fad027019ce957;7;1632367624663;;0;0;0;TJPE;G1;;2021/TJPE/09/G1/TJPE42806202109231632367624654;False;2021-09-23 00:27:04.663;Erro no arquivo
5;650437191;TJPE31661202109231632367618616;ab3bdc2a80acb7b25ffdf2d600d71623436592dcd97329c33cf130c0ecd2da05;7;1632367618621;;0;0;0;TJPE;G1;;2021/TJPE/09/G1/TJPE31661202109231632367618616;False;2021-09-23 00:26:58.621;Erro no arquivo
6;650437182;TJPE76524202109231632367614338;f1fc3ba605c5ef2d9cc43d7a78870cc6c217d06acf61f88f2f7fb1ee52a7b4b8;3;1632367614351;;100;100;0;TJPE;JE;1143598.0;2021/TJPE/09/JE/TJPE76524202109231632367614338;False;2021-09-23 00:26:54.351;Processado com sucesso
7;650437175;TJPE28391202109231632367605371;a9e9589c87307406fc39117786655265575884ac242c9bf2d5cba681fde84da7;7;1632367605381;;0;0;0;TJPE;G1;;2021/TJPE/09/G1/TJPE28391202109231632367605371;False;2021-09-23 00:26:45.381;Erro no arquivo
8;650437168;TJPE33168202109231632367601498;b14325fc322f8a26d1bf0bced423c44a484a42dbbb13be116c25738d2d8b4776;7;1632367601508;;0;0;0;TJPE;G1;;2021/TJPE/09/G1/TJPE33168202109231632367601498;False;2021-09-23 00:26:41.508;Erro no arquivo
9;650437162;TJPE17339202109231632367593571;c18a91ada162cccc78239943cea44c664a89f61a15edbce2d51b21b5bad43c3e;7;1632367593590;;0;0;0;TJPE;G1;;2021/TJPE/09/G1/TJPE17339202109231632367593571;False;2021-09-23 00:26:33.590;Erro no arquivo
10;650437157;TJPE25135202109231632367590364;fb8773a0a06e8b3e2d7211af213d72d2c140669447fe584bf8a8b39370caeca4;7;1632367590372;;0;0;0;TJPE;G1;;2021/TJPE/09/G1/TJPE25135202109231632367590364;False;2021-09-23 00:26:30.372;Erro no arquivo
11;650437149;TJPE19387202109231632367584316;0f6662103e83287ced105ba090d5cf85d1f35219ee7d0a0dfad1acc0c8f7bd19;7;1632367584325;;0;0;0;TJPE;G1;;2021/TJPE/09/G1/TJPE19387202109231632367584316;False;2021-09-23 00:26:24.325;Erro no arquivo
12;650437142;TJPE52990202109231632367580710;52199a5a72ef40f011d0bd2f22a67572d2b90e2897d0b5ae913a7345013e268b;3;1632367580720;;100;100;0;TJPE;JE;1271799.0;2021/TJPE/09/JE/TJPE52990202109231632367580710;False;2021-09-23 00:26:20.720;Processado com sucesso
13;650437138;TJPE33239202109231632367576302;7904edbed289815d92ec8b2bf798d2ca8331847abe761422afd27805efd62146;7;1632367576309;;0;0;0;TJPE;G1;;2021/TJPE/09/G1/TJPE33239202109231632367576302;False;2021-09-23 00:26:16.309;Erro no arquivo
14;650437135;TJPE20368202109231632367569771;2cedb88c6c674d6ad803290cf62f6cd24f97947ffbf52839102f83e7aaa9f6b1;7;1632367569785;;0;0;0;TJPE;G1;;2021/TJPE/09/G1/TJPE20368202109231632367569771;False;2021-09-23 00:26:09.785;Erro no arquivo
15;650437129;TJPE55531202109231632367563197;f113f875fb3804b90338cb390b37782b1100842c94c7cebe0d76fd154d8c40a5;7;1632367563205;;0;0;0;TJPE;G1;;2021/TJPE/09/G1/TJPE55531202109231632367563197;False;2021-09-23 00:26:03.205;Erro no arquivo
16;650437117;TJPE81847202109231632367558267;6d91e3d4f9c0b2e8c4d8f4f15d9fc19484fd4075d6ca87b72345dbd7c710e904;7;1632367558281;;0;0;0;TJPE;G1;;2021/TJPE/09/G1/TJPE81847202109231632367558267;False;2021-09-23 00:25:58.281;Erro no arquivo
17;650437114;TJPE15250202109231632367553230;b3ebe0df39e6cfe5a782db3c16cd29e9305d40160d4faece974fdd4ba3c64f2b;7;1632367553246;;0;0;0;TJPE;G1;;2021/TJPE/09/G1/TJPE15250202109231632367553230;False;2021-09-23 00:25:53.246;Erro no arquivo
18;650437106;TJPE30063202109231632367549563;3509e04724b4c47c2f3771d345b1f593979ba429abb96872c5d8188fb33bb7c3;7;1632367549572;;0;0;0;TJPE;G1;;2021/TJPE/09/G1/TJPE30063202109231632367549563;False;2021-09-23 00:25:49.572;Erro no arquivo
19;650437092;TJPE32042202109231632367541650;e852cf980a3b4ae82af9ed0cbb680b779b580ee3865a197db3a7b5a4b0e2eaf3;7;1632367541667;;0;0;0;TJPE;G1;;2021/TJPE/09/G1/TJPE32042202109231632367541650;False;2021-09-23 00:25:41.667;Erro no arquivo
20;650437081;TJPE16857202109231632367532114;8a997503015a9a5b174c4732013b0cc8e91f2485f9a2d93608fedd252849f56b;7;1632367532129;;0;0;0;TJPE;G1;;2021/TJPE/09/G1/TJPE16857202109231632367532114;False;2021-09-23 00:25:32.129;Erro no arquivo
21;650437075;TJPE26818202109231632367526499;bc17cd66d838614357aecbb166ab8d269c4cea4b9ad0a9b7059b49ef631cb8d7;7;1632367526516;;0;0;0;TJPE;G1;;2021/TJPE/09/G1/TJPE26818202109231632367526499;False;2021-09-23 00:25:26.516;Erro no arquivo
22;650437067;TJPE43859202109231632367518874;d456bd8acec995e1501980c44b663339b1de325b40f0342e411783f19264dec2;7;1632367518882;;0;0;0;TJPE;G1;;2021/TJPE/09/G1/TJPE43859202109231632367518874;False;2021-09-23 00:25:18.882;Erro no arquivo
23;650437064;TJPE35290202109231632367512395;9f7a4a20f4991ae7c9a0709439c81d23370759171006a9e13018813e2381daa8;7;1632367512408;;0;0;0;TJPE;G1;;2021/TJPE/09/G1/TJPE35290202109231632367512395;False;2021-09-23 00:25:12.408;Erro no arquivo
24;650437050;TJPE36988202109231632367503456;1426de891e66bf5fd8d1a57dcf109092a8de0e3e5f3178f66dbc3e80a86a46e7;7;1632367503471;;0;0;0;TJPE;G1;;2021/TJPE/09/G1/TJPE36988202109231632367503456;False;2021-09-23 00:25:03.471;Erro no arquivo
25;650437036;TJPE74497202109231632367490074;53984c5276c9c03ea7312c2aedea87cff79b0d2c0da050e2bf1d2002602784cb;7;1632367490082;;0;0;0;TJPE;G1;;2021/TJPE/09/G1/TJPE74497202109231632367490074;False;2021-09-23 00:24:50.082;Erro no arquivo
26;650437028;TJPE69760202109231632367484965;d75a6cd581d0259699baac1ff70057af4236fc2bfb934c7017f4a67de5cf3a66;3;1632367484973;;100;100;0;TJPE;JE;1045743.0;2021/TJPE/09/JE/TJPE69760202109231632367484965;False;2021-09-23 00:24:44.973;Processado com sucesso
27;650437022;TJPE23580202109231632367477940;93f136e900d9257e2069a8aedd427c49a243a7268988cbb249d42cf337212983;7;1632367477953;;0;0;0;TJPE;G1;;2021/TJPE/09/G1/TJPE23580202109231632367477940;False;2021-09-23 00:24:37.953;Erro no arquivo
28;650437016;TJPE84441202109231632367471001;f79c30e1357b7f57840e7d9df57b87c9df795820af95626ddbde0a55b7504916;7;1632367471011;;0;0;0;TJPE;G1;;2021/TJPE/09/G1/TJPE84441202109231632367471001;False;2021-09-23 00:24:31.011;Erro no arquivo
29;650437006;TJPE90208202109231632367464628;1eb0ca697262509a90b68b6e52d83073ccf55ab5831b67772d2c740c1accfa2e;7;1632367464642;;0;0;0;TJPE;G1;;2021/TJPE/09/G1/TJPE90208202109231632367464628;False;2021-09-23 00:24:24.642;Erro no arquivo
30;650436999;TJPE27616202109231632367457119;21da9cdc2e0833b1d9495628713a68d3066eecd294866e8f1f34a743ed5d6a7c;7;1632367457131;;0;0;0;TJPE;G1;;2021/TJPE/09/G1/TJPE27616202109231632367457119;False;2021-09-23 00:24:17.131;Erro no arquivo
31;650436995;TJPE18895202109231632367451068;b7979b057730f00fb1acb123f7daa125d0cc0451c79b60dcce865fe7bb041982;7;1632367451077;;0;0;0;TJPE;G1;;2021/TJPE/09/G1/TJPE18895202109231632367451068;False;2021-09-23 00:24:11.077;Erro no arquivo
32;650436994;TJPE23365202109231632367447524;5604df85656394c655cf6a3a67afe9f6a6ded0330828ebabbae323cc4f5b98ca;7;1632367447533;;0;0;0;TJPE;G1;;2021/TJPE/09/G1/TJPE23365202109231632367447524;False;2021-09-23 00:24:07.533;Erro no arquivo
33;650436991;TJPE45621202109231632367443553;fc59003ec2c115aef6fdbb65b360980785e17e76bc7567aa310917fce99fc461;7;1632367443560;;0;0;0;TJPE;G1;;2021/TJPE/09/G1/TJPE45621202109231632367443553;False;2021-09-23 00:24:03.560;Erro no arquivo
34;650436986;TJPE64876202109231632367438491;96ab92f8ff967732ea1280048a4585a6515880fbb8ae9716d2531d086a750d37;7;1632367438498;;0;0;0;TJPE;G1;;2021/TJPE/09/G1/TJPE64876202109231632367438491;False;2021-09-23 00:23:58.498;Erro no arquivo
35;650436978;TJPE61102202109231632367431564;66955ca28909f3af4fa6abe85abc866ca63c26deb1f5f6b5b643e569d2ce0a0c;7;1632367431572;;0;0;0;TJPE;G1;;2021/TJPE/09/G1/TJPE61102202109231632367431564;False;2021-09-23 00:23:51.572;Erro no arquivo
36;650436973;TJPE65585202109231632367423510;c584e5972bbccbfb9a2e64c7cb33fa4d42356458c00e0fb56fbd0973ae7ac3fe;7;1632367423518;;0;0;0;TJPE;G1;;2021/TJPE/09/G1/TJPE65585202109231632367423510;False;2021-09-23 00:23:43.518;Erro no arquivo
37;650436972;TJPE69793202109231632367421933;fecb280e25c0469fdd5d5dd6d355b86eee0bf8bae274ab5d74709d2f0865e0a1;7;1632367421938;;0;0;0;TJPE;G1;;2021/TJPE/09/G1/TJPE69793202109231632367421933;False;2021-09-23 00:23:41.938;Erro no arquivo
38;650436969;TJPE14208202109231632367420388;adb90f1e55bcdbe77ce021903abbeedb2561a47adb2f29bcc8532f4a3ce5fee2;7;1632367420396;;0;0;0;TJPE;G1;;2021/TJPE/09/G1/TJPE14208202109231632367420388;False;2021-09-23 00:23:40.396;Erro no arquivo
39;650436964;TJPE57728202109231632367418177;9ae87bba937bfc79d3b8ebd43c32e3e0d46f1f72f2604286688b6a4fca4d5ea2;7;1632367418187;;0;0;0;TJPE;G1;;2021/TJPE/09/G1/TJPE57728202109231632367418177;False;2021-09-23 00:23:38.187;Erro no arquivo
0;650436962;TJPE92086202109231632367416094;6a4bfeec8dc19e966490d77f2209dff466da41f283dde286b6de9feb4fab2bc3;7;1632367416107;;0;0;0;TJPE;G1;;2021/TJPE/09/G1/TJPE92086202109231632367416094;False;2021-09-23 00:23:36.107;Erro no arquivo
1;650436961;TJPE26376202109231632367414591;4fd1a92e2bce2d2f69f44ffd439cb1083cf2e9e0fae4a0fc01089bac62be86b2;7;1632367414600;;0;0;0;TJPE;G1;;2021/TJPE/09/G1/TJPE26376202109231632367414591;False;2021-09-23 00:23:34.600;Erro no arquivo
2;650436959;TJPE10887202109231632367412737;ece20858f40e9f510039cd98717c50b023465ca9366368ce73b41afdb6dfd735;7;1632367412749;;0;0;0;TJPE;G1;;2021/TJPE/09/G1/TJPE10887202109231632367412737;False;2021-09-23 00:23:32.749;Erro no arquivo
3;650436954;TJPE54772202109231632367410819;0a80665d00401bdd3bf0c466fc4d7fc611504760aa4e0feb741db9c285ec9e2c;7;1632367410827;;0;0;0;TJPE;G1;;2021/TJPE/09/G1/TJPE54772202109231632367410819;False;2021-09-23 00:23:30.827;Erro no arquivo
4;650436952;TJPE26919202109231632367408905;a385ab16c1cffc77a429b644c9f165d748250ee5d3acc26fa59b586a92f96493;7;1632367408915;;0;0;0;TJPE;G1;;2021/TJPE/09/G1/TJPE26919202109231632367408905;False;2021-09-23 00:23:28.915;Erro no arquivo
5;650436949;TJPE59212202109231632367407251;e097e64275443c3e35c9b6309b273db2916ff0480579c2f726e77d4a13a38024;7;1632367407260;;0;0;0;TJPE;G1;;2021/TJPE/09/G1/TJPE59212202109231632367407251;False;2021-09-23 00:23:27.260;Erro no arquivo
6;650436948;TJPE50910202109231632367405280;31cd2cbc4d634c703c7fdada9acbbec7edc3d28a87567302501f5e42e29a35b4;7;1632367405306;;0;0;0;TJPE;G1;;2021/TJPE/09/G1/TJPE50910202109231632367405280;False;2021-09-23 00:23:25.306;Erro no arquivo
7;650436947;TJPE35678202109231632367403010;490ee229cb8c603b48d0f69e93dad96a7691cf8871d0d780bb41c6f95b18d546;7;1632367403032;;0;0;0;TJPE;G1;;2021/TJPE/09/G1/TJPE35678202109231632367403010;False;2021-09-23 00:23:23.032;Erro no arquivo
8;650436944;TJPE25725202109231632367400913;016f5091adc21621821664186484b03e79f08b7fa8b5da1f94cad01ff6b5f3ed;7;1632367400924;;0;0;0;TJPE;G1;;2021/TJPE/09/G1/TJPE25725202109231632367400913;False;2021-09-23 00:23:20.924;Erro no arquivo
9;650436942;TJPE75759202109231632367398531;ba6f27967e0203c4f1e3194267b114d55865798450d6f41291a53574cec95334;7;1632367398541;;0;0;0;TJPE;G1;;2021/TJPE/09/G1/TJPE75759202109231632367398531;False;2021-09-23 00:23:18.541;Erro no arquivo
10;650436938;TJPE35195202109231632367394118;7fde5bee48f9a5638f3734b9b4765e6e4a57ca0ca71264a1318162a5a1c09f1a;7;1632367394126;;0;0;0;TJPE;G1;;2021/TJPE/09/G1/TJPE35195202109231632367394118;False;2021-09-23 00:23:14.126;Erro no arquivo
11;650436934;TJPE63969202109231632367387120;175b101d4170cfce077bd74cd301e109a30b4511121de310f9acda3a07033aaa;7;1632367387129;;0;0;0;TJPE;G1;;2021/TJPE/09/G1/TJPE63969202109231632367387120;False;2021-09-23 00:23:07.129;Erro no arquivo
12;650436928;TJPE36377202109231632367380143;d7e87747506a3839dbb4d7ce1f006939b64bc69ae80df49b3fd13ae31fdae9f9;7;1632367380154;;0;0;0;TJPE;G1;;2021/TJPE/09/G1/TJPE36377202109231632367380143;False;2021-09-23 00:23:00.154;Erro no arquivo
13;650436922;TJPE28874202109231632367373363;49152273e2ac4e3030b871ffad88e9bd1940ad75ecb6ebd48d0be2162a7f83c1;7;1632367373377;;0;0;0;TJPE;G1;;2021/TJPE/09/G1/TJPE28874202109231632367373363;False;2021-09-23 00:22:53.377;Erro no arquivo
14;650436917;TJPE83774202109231632367366441;2103de5ad9e1bbd0dfd4ca2cb89e2c3f543bf248699c8ef60e9d4f6d346addec;5;1632367366451;;100;0;0;TJPE;JE;1252986.0;2021/TJPE/09/JE/TJPE83774202109231632367366441;False;2021-09-23 00:22:46.451;Duplicado
15;650436906;TJPE37386202109231632367359407;ed7b5bd53d9beb99e1d0dde9e963111ced365b93c389a7906caaa7b35f9402d1;7;1632367359417;;0;0;0;TJPE;G1;;2021/TJPE/09/G1/TJPE37386202109231632367359407;False;2021-09-23 00:22:39.417;Erro no arquivo
16;650436904;TJPE59450202109231632367352427;3a757c1d693fcbf56c98933e2fb54e150d9471f0f9125bebfb1301253f8428ba;5;1632367352443;;100;0;0;TJPE;JE;1367194.0;2021/TJPE/09/JE/TJPE59450202109231632367352427;False;2021-09-23 00:22:32.443;Duplicado
17;650436894;TJPE69870202109231632367341209;f491f211d447923740551010c60acbbef1697092155927dbe6136e3175257889;5;1632367341229;;100;0;0;TJPE;G1;1599485.0;2021/TJPE/09/G1/TJPE69870202109231632367341209;False;2021-09-23 00:22:21.229;Duplicado
18;650436885;TJPE76985202109231632367329090;d40869500294926f8d1ea204b695eb1a7facad637f828f315b4008bf42f637c8;7;1632367329099;;0;0;0;TJPE;G1;;2021/TJPE/09/G1/TJPE76985202109231632367329090;False;2021-09-23 00:22:09.099;Erro no arquivo
19;650436879;TJPE89230202109231632367323681;425ed5abd720dbce1f6940ad43ac1b40502e85445b16ab2f08bf7312a625a5a8;7;1632367323704;;0;0;0;TJPE;G1;;2021/TJPE/09/G1/TJPE89230202109231632367323681;False;2021-09-23 00:22:03.704;Erro no arquivo
21;650436828;TJPE93522202109231632367261116;6ca2bb14aae6b515c90c1016957c85af2fb2f35feb3a49e47528ced00f8ab8a3;7;1632367261120;;0;0;0;TJPE;G1;;2021/TJPE/09/G1/TJPE93522202109231632367261116;False;2021-09-23 00:21:01.120;Erro no arquivo
22;650436822;TJPE44610202109231632367257655;53b7db3720bcb144648c1f1fd730fc3a7d8dc00205f71f421da9bc6bc96b8d5a;7;1632367257667;;0;0;0;TJPE;G1;;2021/TJPE/09/G1/TJPE44610202109231632367257655;False;2021-09-23 00:20:57.667;Erro no arquivo
23;650436818;TJPE70129202109231632367254191;4a2cda135c98bd42b049cf8f347b0d4a800cf7b82c84d8e77226f8d5b0370ac8;7;1632367254210;;0;0;0;TJPE;G1;;2021/TJPE/09/G1/TJPE70129202109231632367254191;False;2021-09-23 00:20:54.210;Erro no arquivo
24;650436810;TJPE10221202109231632367247568;fcde47aeff4100252182f62f2f3706ebacddb9f6433ad30e3d6397599be0ed7f;7;1632367247574;;0;0;0;TJPE;G1;;2021/TJPE/09/G1/TJPE10221202109231632367247568;False;2021-09-23 00:20:47.574;Erro no arquivo
25;650436806;TJPE56198202109231632367243647;2ab7d90a604f7ca2282601640d2cd52643ccaedc0052789d737dfc8f5fd28af8;3;1632367243658;;100;100;0;TJPE;JE;1352035.0;2021/TJPE/09/JE/TJPE56198202109231632367243647;False;2021-09-23 00:20:43.658;Processado com sucesso
26;650436801;TJPE93714202109231632367236220;3ef2ec0446e2abf0bc0177e6299f716a36a0c7aeaca04e34e4df83f2cc89754f;7;1632367236237;;0;0;0;TJPE;G1;;2021/TJPE/09/G1/TJPE93714202109231632367236220;False;2021-09-23 00:20:36.237;Erro no arquivo
27;650436794;TJPE78758202109231632367231549;9a6e2c862e46f865113c9fa8cd48b8a2f52e7c8668952ea03ea9f0763c0bf76a;7;1632367231557;;0;0;0;TJPE;G1;;2021/TJPE/09/G1/TJPE78758202109231632367231549;False;2021-09-23 00:20:31.557;Erro no arquivo
28;650436789;TJPE15450202109231632367228194;94da56b6f3e446e7be7515b3288c3d85a5ffe11711fa652f2b7c5ec53f8f3d1e;7;1632367228201;;0;0;0;TJPE;G1;;2021/TJPE/09/G1/TJPE15450202109231632367228194;False;2021-09-23 00:20:28.201;Erro no arquivo
29;650436782;TJPE46132202109231632367224336;1860f3ccd4913d2c7d3619bf7cf63baa0260c0553c5431eab8fd37582b4ce85d;7;1632367224350;;0;0;0;TJPE;G1;;2021/TJPE/09/G1/TJPE46132202109231632367224336;False;2021-09-23 00:20:24.350;Erro no arquivo
30;650436778;TJPE23818202109231632367220554;351a56d956e8793963adbbf2b848b014a06d096b7ab4b657afc41554c6c8013f;3;1632367220567;;100;100;0;TJPE;G1;1656499.0;2021/TJPE/09/G1/TJPE23818202109231632367220554;False;2021-09-23 00:20:20.567;Processado com sucesso
31;650436773;TJPE63696202109231632367212475;dec1a1fe6777dbfd6e28976e76fb94d913800d08027503c03025857c4e2bfef0;7;1632367212483;;0;0;0;TJPE;JE;;2021/TJPE/09/JE/TJPE63696202109231632367212475;False;2021-09-23 00:20:12.483;Erro no arquivo
32;650436766;TJPE94780202109231632367206532;b31a077e133cd97f09881f15d4656cc97bb048d079c3c0799421a9950546934f;7;1632367206542;;0;0;0;TJPE;G1;;2021/TJPE/09/G1/TJPE94780202109231632367206532;False;2021-09-23 00:20:06.542;Erro no arquivo
33;650436753;TJPE69299202109231632367198086;4b858e2032ccc8fc500ab39484643cb7cfef83568271ee2bf2dd290960976097;7;1632367198103;;0;0;0;TJPE;G1;;2021/TJPE/09/G1/TJPE69299202109231632367198086;False;2021-09-23 00:19:58.103;Erro no arquivo
34;650436743;TJPE42997202109231632367193202;6be2cf5cfcbe7d822b6e154f92b573678ec4478ff2de2ea353256dddab3f0e3d;3;1632367193215;;100;100;0;TJPE;G1;1132657.0;2021/TJPE/09/G1/TJPE42997202109231632367193202;False;2021-09-23 00:19:53.215;Processado com sucesso
35;650436740;TJPE51738202109231632367191134;414d9ef98e6fec37eb89ff73017464607b91a8e05107d5b3c168154a3fd05fd6;7;1632367191143;;0;0;0;TJPE;G1;;2021/TJPE/09/G1/TJPE51738202109231632367191134;False;2021-09-23 00:19:51.143;Erro no arquivo
36;650436732;TJPE67167202109231632367189247;44a0ecb86ce8ea197c7f3ffacbb1796c14ae30261758b6e082a2da3593200480;7;1632367189252;;0;0;0;TJPE;G1;;2021/TJPE/09/G1/TJPE67167202109231632367189247;False;2021-09-23 00:19:49.252;Erro no arquivo
37;650436729;TJPE25724202109231632367187614;b4de3427d48c4ec43ed7abcf5655a3e23c0bc0f37cccd3d0449b91af8ddf5d0a;7;1632367187627;;0;0;0;TJPE;G1;;2021/TJPE/09/G1/TJPE25724202109231632367187614;False;2021-09-23 00:19:47.627;Erro no arquivo
38;650436723;TJPE85027202109231632367185062;14a9aba2816111cce08e73245b0ef631d174379e462caebddab7ff50f7bf5145;7;1632367185075;;0;0;0;TJPE;G1;;2021/TJPE/09/G1/TJPE85027202109231632367185062;False;2021-09-23 00:19:45.075;Erro no arquivo
39;650436706;TJPE61935202109231632367171154;738cfda32afb1f33e325849c47a4422961265e70e1d68c3adf29ed20ed776a25;3;1632367171175;;100;100;0;TJPE;JE;1154702.0;2021/TJPE/09/JE/TJPE61935202109231632367171154;False;2021-09-23 00:19:31.175;Processado com sucesso
0;650436704;TJPE52190202109231632367169069;337b2a0061770cfab63a832a062e2d2520b6758a9c9baebf9eb49fd08df286f9;7;1632367169080;;0;0;0;TJPE;G1;;2021/TJPE/09/G1/TJPE52190202109231632367169069;False;2021-09-23 00:19:29.080;Erro no arquivo
1;650436703;TJPE43066202109231632367166889;a05e03809e98ea72cdf1850e00f5e35b15af652aff538fa72c45705340c02718;7;1632367166898;;0;0;0;TJPE;G1;;2021/TJPE/09/G1/TJPE43066202109231632367166889;False;2021-09-23 00:19:26.898;Erro no arquivo
2;650436700;TJPE22262202109231632367164840;8df20c940b68b138c919c6fbea54875ef72c986da89a3aac07cfeb8f36397734;7;1632367164851;;0;0;0;TJPE;G1;;2021/TJPE/09/G1/TJPE22262202109231632367164840;False;2021-09-23 00:19:24.851;Erro no arquivo
3;650436698;TJPE85998202109231632367163260;1e18e471874776159c9887dd38f0caa65da3df13f5e4e4ff8c1733239f390009;3;1632367163270;;100;100;0;TJPE;G1;1360919.0;2021/TJPE/09/G1/TJPE85998202109231632367163260;False;2021-09-23 00:19:23.270;Processado com sucesso
4;650436695;TJPE42021202109231632367161165;0c83e8b1528f9c32dcb933b1e69071bbaa7d277cb561c22a9995faa7f178fa1d;7;1632367161171;;0;0;0;TJPE;G1;;2021/TJPE/09/G1/TJPE42021202109231632367161165;False;2021-09-23 00:19:21.171;Erro no arquivo
5;650436689;TJPE57675202109231632367158431;78fa10d9daf8f096a58660e2a339c066b60ff8b7fc3acc9aa8eab4c03471effe;3;1632367158439;;100;100;0;TJPE;JE;1014607.0;2021/TJPE/09/JE/TJPE57675202109231632367158431;False;2021-09-23 00:19:18.439;Processado com sucesso
6;650436684;TJPE61016202109231632367150425;c59ee710a5b03cd8acf8a7a4d6cf6830b20bddfc5a28b35b0391ce3c63a4d956;7;1632367150436;;0;0;0;TJPE;G1;;2021/TJPE/09/G1/TJPE61016202109231632367150425;False;2021-09-23 00:19:10.436;Erro no arquivo
7;650436681;TJPE33861202109231632367147701;45c51f746163c974226d7837d6052cc916077a43925807d06693d80cea195414;7;1632367147711;;0;0;0;TJPE;G1;;2021/TJPE/09/G1/TJPE33861202109231632367147701;False;2021-09-23 00:19:07.711;Erro no arquivo
8;650436677;TJPE57201202109231632367142378;ad030dd674d685301eda891472168f530f3f21c4ef2f541bd0687126bee11f32;7;1632367142384;;0;0;0;TJPE;G1;;2021/TJPE/09/G1/TJPE57201202109231632367142378;False;2021-09-23 00:19:02.384;Erro no arquivo
9;650436673;TJPE68912202109231632367139316;34e71720db29242bff4d5f66515630ff30cdecd5469cef05586e1351577047dc;7;1632367139322;;0;0;0;TJPE;G1;;2021/TJPE/09/G1/TJPE68912202109231632367139316;False;2021-09-23 00:18:59.322;Erro no arquivo
10;650436658;TJPE15847202109231632367129444;71dcfffbbc2dce2064d945733716a9e53abc79810e0916c4352c48421750b26a;7;1632367129457;;0;0;0;TJPE;G1;;2021/TJPE/09/G1/TJPE15847202109231632367129444;False;2021-09-23 00:18:49.457;Erro no arquivo
11;650436651;TJPE57398202109231632367124913;60abb38c05b3352660e845fa260be63bbb9761faeca5ca13c64960a092c99953;7;1632367124924;;0;0;0;TJPE;G1;;2021/TJPE/09/G1/TJPE57398202109231632367124913;False;2021-09-23 00:18:44.924;Erro no arquivo
12;650436643;TJPE80761202109231632367118355;3ceee6aca8d784c58139b97e99bb3bff1adfda118cef6b257ae3015297417cd7;7;1632367118368;;0;0;0;TJPE;G1;;2021/TJPE/09/G1/TJPE80761202109231632367118355;False;2021-09-23 00:18:38.368;Erro no arquivo
13;650436640;TJPE13928202109231632367112725;58f1d2ce7fd90c77f9b21b2e995d727cb32f1d04d8e6615041d779e6f36c50db;7;1632367112734;;0;0;0;TJPE;G1;;2021/TJPE/09/G1/TJPE13928202109231632367112725;False;2021-09-23 00:18:32.734;Erro no arquivo
14;650436635;TJPE87890202109231632367109184;6e32d7e8fd7a37381e72dc366c3c5c92a0e632c853d61ccc0db7eb1cd6ae508a;7;1632367109191;;0;0;0;TJPE;G1;;2021/TJPE/09/G1/TJPE87890202109231632367109184;False;2021-09-23 00:18:29.191;Erro no arquivo
15;650436626;TJPE67813202109231632367105563;f85e5792283796aca8fbdd643f88cee61a7ea89ec5ac1d10a64d568531b470d2;3;1632367105592;;100;100;0;TJPE;G1;1563098.0;2021/TJPE/09/G1/TJPE67813202109231632367105563;False;2021-09-23 00:18:25.592;Processado com sucesso
16;650436608;TJPE64103202109231632367098092;32427f216d73612c7b4629b37c237c9448530da65c7a30d5f96e05dba5b19474;7;1632367098157;;0;0;0;TJPE;G1;;2021/TJPE/09/G1/TJPE64103202109231632367098092;False;2021-09-23 00:18:18.157;Erro no arquivo
17;650436606;TJPE87795202109231632367095835;3886e1fba29f37a6547cf33bedf6252fe4f7012b01b4e0b4f9dab6395edfb9db;7;1632367095844;;0;0;0;TJPE;G1;;2021/TJPE/09/G1/TJPE87795202109231632367095835;False;2021-09-23 00:18:15.844;Erro no arquivo
18;650436601;TJPE96973202109231632367093220;5ad30355d441e390b61cc840f52154ed98268f767eb46d1e1c5f31f5f0e0db08;7;1632367093231;;0;0;0;TJPE;G1;;2021/TJPE/09/G1/TJPE96973202109231632367093220;False;2021-09-23 00:18:13.231;Erro no arquivo
19;650436596;TJPE37961202109231632367086715;0270ca8e3d8f2f72c92b2d9b94a5f33ebad22e7169c80ed97d8ffd6507fe21ac;7;1632367086728;;0;0;0;TJPE;G1;;2021/TJPE/09/G1/TJPE37961202109231632367086715;False;2021-09-23 00:18:06.728;Erro no arquivo
20;650436592;TJPE83861202109231632367083694;3e4da219c9919b83cda00bef7ec3c3df4336159cd2e6eb5aa7fcf86749391c8a;7;1632367083699;;0;0;0;TJPE;G1;;2021/TJPE/09/G1/TJPE83861202109231632367083694;False;2021-09-23 00:18:03.699;Erro no arquivo
21;650436588;TJPE29775202109231632367078410;4104cd48b331fac57a0a90acd784b1982683c2e3d4d062aa782e25a2146c2c10;7;1632367078418;;0;0;0;TJPE;G1;;2021/TJPE/09/G1/TJPE29775202109231632367078410;False;2021-09-23 00:17:58.418;Erro no arquivo
22;650436581;TJPE89115202109231632367072933;5282ad47cc8f5bed8d30f2b6dbbb24a9743f96881759b7b5060033734079cf63;7;1632367072944;;0;0;0;TJPE;G1;;2021/TJPE/09/G1/TJPE89115202109231632367072933;False;2021-09-23 00:17:52.944;Erro no arquivo
23;650436568;TJPE64779202109231632367066783;ec95d81ad79c6189ad755c8f2b797995cf693306ce63e01932185adca7653984;7;1632367066804;;0;0;0;TJPE;G1;;2021/TJPE/09/G1/TJPE64779202109231632367066783;False;2021-09-23 00:17:46.804;Erro no arquivo
24;650436564;TJPE23796202109231632367063869;276d85fb3038b83ab7e03eab01998d4967ad4f28f892e8743465cc064678cdcb;7;1632367063877;;0;0;0;TJPE;G1;;2021/TJPE/09/G1/TJPE23796202109231632367063869;False;2021-09-23 00:17:43.877;Erro no arquivo
25;650436559;TJPE48349202109231632367059829;50270f7914d8660a88523625c45f80593708a0b77e8a94b678032899aa0a60ba;7;1632367059843;;0;0;0;TJPE;G1;;2021/TJPE/09/G1/TJPE48349202109231632367059829;False;2021-09-23 00:17:39.843;Erro no arquivo
26;650436556;TJPE29312202109231632367056175;72306147f597d7a356f62352b937789c4c53bbbff27acba24169803a5f2ba879;7;1632367056187;;0;0;0;TJPE;G1;;2021/TJPE/09/G1/TJPE29312202109231632367056175;False;2021-09-23 00:17:36.187;Erro no arquivo
27;650436552;TJPE26563202109231632367051935;4b8148e7deee3b1241b68b9f133218c049616bdb0d164e0b64089d630d9d3cdc;7;1632367051946;;0;0;0;TJPE;G1;;2021/TJPE/09/G1/TJPE26563202109231632367051935;False;2021-09-23 00:17:31.946;Erro no arquivo
28;650436539;TJPE70119202109231632367044620;bc5c9d76f7d054904e32ae490808c68bb66e62e56d369a6fdfe77e250f0a2666;7;1632367044642;;0;0;0;TJPE;G1;;2021/TJPE/09/G1/TJPE70119202109231632367044620;False;2021-09-23 00:17:24.642;Erro no arquivo
29;650436531;TJPE82206202109231632367041747;18b295d8575d2cff0fc5d6977b0b0d627c66daf3667a2a49820c03cd2141c09d;3;1632367041755;;92;92;0;TJPE;G1;1097210.0;2021/TJPE/09/G1/TJPE82206202109231632367041747;False;2021-09-23 00:17:21.755;Processado com sucesso
30;650436516;TJPE14378202109231632367036891;249db3e36680a7a462050d62517c5dac8c12e1fba8229b3166151a5164310cb9;7;1632367036899;;0;0;0;TJPE;G1;;2021/TJPE/09/G1/TJPE14378202109231632367036891;False;2021-09-23 00:17:16.899;Erro no arquivo
31;650436503;TJPE87402202109231632367033068;f10bb284a317fdf663b527b2bcc944a7836a9d063a198e87774bfc7d16f0815c;7;1632367033079;;0;0;0;TJPE;G1;;2021/TJPE/09/G1/TJPE87402202109231632367033068;False;2021-09-23 00:17:13.079;Erro no arquivo
32;650436496;TJPE14708202109231632367028855;60b4d69ce1c2beef69c58506f56bbe013fe5343353962c96686719b7558e2d26;7;1632367028866;;0;0;0;TJPE;G1;;2021/TJPE/09/G1/TJPE14708202109231632367028855;False;2021-09-23 00:17:08.866;Erro no arquivo
33;650436493;TJPE99881202109231632367027188;c2ebcf110f4150b45a6537a7d4c346cac05333c91e7040508b25fe3269a34b1b;7;1632367027198;;0;0;0;TJPE;G1;;2021/TJPE/09/G1/TJPE99881202109231632367027188;False;2021-09-23 00:17:07.198;Erro no arquivo
34;650436490;TJPE42796202109231632367025229;ccc45454316b12b413cce952d3ce4ac01e3f9c491ce08885b7b9ca42429170be;7;1632367025239;;0;0;0;TJPE;G1;;2021/TJPE/09/G1/TJPE42796202109231632367025229;False;2021-09-23 00:17:05.239;Erro no arquivo
35;650436482;TJPE59075202109231632367023019;7aeb782607a206991ba8d7ce87f37df5ab114c43703bd106451f8fa33436a4c6;3;1632367023042;;100;100;0;TJPE;G1;1068183.0;2021/TJPE/09/G1/TJPE59075202109231632367023019;False;2021-09-23 00:17:03.042;Processado com sucesso
36;650436479;TJPE32766202109231632367020897;e3077dc311c4a57de78bb344862d7785884f472f1b70fe12cb27a7750c0af1b3;7;1632367020906;;0;0;0;TJPE;G1;;2021/TJPE/09/G1/TJPE32766202109231632367020897;False;2021-09-23 00:17:00.906;Erro no arquivo
37;650436475;TJPE93565202109231632367018897;f5d7e76c0cc31944c041f3aa180848aaf108c0a3d37c1c2c6b3c1a4a7db5453a;7;1632367018906;;0;0;0;TJPE;G1;;2021/TJPE/09/G1/TJPE93565202109231632367018897;False;2021-09-23 00:16:58.906;Erro no arquivo
38;650436470;TJPE80928202109231632367017128;ca08649259aa713d84f3d8b966c7626be3b966147614e8ece38eb1e4f10c1c18;7;1632367017149;;0;0;0;TJPE;G1;;2021/TJPE/09/G1/TJPE80928202109231632367017128;False;2021-09-23 00:16:57.149;Erro no arquivo
39;650436468;TJPE31563202109231632367015280;c269afdead7963d4763ba2f4907d61a1c0ab0d6c2a7d889af9d8415f1f981b72;7;1632367015288;;0;0;0;TJPE;G1;;2021/TJPE/09/G1/TJPE31563202109231632367015280;False;2021-09-23 00:16:55.288;Erro no arquivo
0;650436466;TJPE32789202109231632367013479;0d789c3b0f93d634f85132bb0a3747a8f70ad32e3a91f6a990d441ac55f5b5c7;7;1632367013495;;0;0;0;TJPE;G1;;2021/TJPE/09/G1/TJPE32789202109231632367013479;False;2021-09-23 00:16:53.495;Erro no arquivo
1;650436461;TJPE50581202109231632367011137;ffdea22e0a847faabcc805a133c18710665fbac8e03deb05fc779e60d8ab5552;7;1632367011145;;0;0;0;TJPE;G1;;2021/TJPE/09/G1/TJPE50581202109231632367011137;False;2021-09-23 00:16:51.145;Erro no arquivo
2;650436458;TJPE82291202109231632367009369;56e71feb493d863c43d54b5b4fbe4282651c38fc56289c3bf95481fb576f9425;7;1632367009379;;0;0;0;TJPE;G1;;2021/TJPE/09/G1/TJPE82291202109231632367009369;False;2021-09-23 00:16:49.379;Erro no arquivo
3;650436457;TJPE71180202109231632367007477;8e169adc5d5f780eb8b581b339df17f01cfc5849afbfd706f23f4ef3c14a9e1b;3;1632367007493;;100;100;0;TJPE;JE;1314716.0;2021/TJPE/09/JE/TJPE71180202109231632367007477;False;2021-09-23 00:16:47.493;Processado com sucesso
4;650436454;TJPE49693202109231632367005218;62f09d7d1325d35742d3cad749ce7aa75806cf8dedb0411f5f1d33505bb39616;7;1632367005225;;0;0;0;TJPE;G1;;2021/TJPE/09/G1/TJPE49693202109231632367005218;False;2021-09-23 00:16:45.225;Erro no arquivo
5;650436450;TJPE98516202109231632367003686;b71b1ea7f65b6c49f8407a3f59e34e61950a2b78a815ed6ed7a230cea81b58b9;7;1632367003696;;0;0;0;TJPE;G1;;2021/TJPE/09/G1/TJPE98516202109231632367003686;False;2021-09-23 00:16:43.696;Erro no arquivo
6;650436448;TJPE84177202109231632367002012;b913cdb76281e2b696d32d3389033f4b64c35d32919d4628525b6d5b051d887f;7;1632367002018;;0;0;0;TJPE;G1;;2021/TJPE/09/G1/TJPE84177202109231632367002012;False;2021-09-23 00:16:42.018;Erro no arquivo
7;650436441;TJPE26805202109231632367000495;7fccd2bf21e6725505c73584c8f9d7e5f458754d2e624d13a5e198937ca7ebcf;3;1632367000502;;99;99;0;TJPE;G1;850632.0;2021/TJPE/09/G1/TJPE26805202109231632367000495;False;2021-09-23 00:16:40.502;Processado com sucesso
8;650436437;TJPE41606202109231632366997825;044df1de1aec71ffcc7a19eaa812c2da6896b598dd9759de694b33e69b15d17e;7;1632366997842;;0;0;0;TJPE;G1;;2021/TJPE/09/G1/TJPE41606202109231632366997825;False;2021-09-23 00:16:37.842;Erro no arquivo
9;650436436;TJPE11130202109231632366994334;ffd4e431cc66c92ac85c15735f053de152f2a6f7733f08416ac291a527b1693d;7;1632366994342;;0;0;0;TJPE;G1;;2021/TJPE/09/G1/TJPE11130202109231632366994334;False;2021-09-23 00:16:34.342;Erro no arquivo
10;650436431;TJPE78722202109231632366990644;9645acff8c000d0653a1997ff06a1bf0fb3000e18807a1e0bb9fcebadbdc62ed;7;1632366990652;;0;0;0;TJPE;G1;;2021/TJPE/09/G1/TJPE78722202109231632366990644;False;2021-09-23 00:16:30.652;Erro no arquivo
11;650436427;TJPE40204202109231632366987076;a951263a112ca69c9f1fb5d92919944c5e059e738b71e648a5b345a6e1ffd543;7;1632366987086;;0;0;0;TJPE;G1;;2021/TJPE/09/G1/TJPE40204202109231632366987076;False;2021-09-23 00:16:27.086;Erro no arquivo
12;650436424;TJPE59117202109231632366982746;14e70b61d88667628f7a845abc2928222661483ebf46497b3653ded707d96632;7;1632366982755;;0;0;0;TJPE;G1;;2021/TJPE/09/G1/TJPE59117202109231632366982746;False;2021-09-23 00:16:22.755;Erro no arquivo
13;650436422;TJPE73082202109231632366980018;51206d2ff071af2f2afe793325516f67e3ee20c7114e9b700750c6e445001413;7;1632366980029;;0;0;0;TJPE;G1;;2021/TJPE/09/G1/TJPE73082202109231632366980018;False;2021-09-23 00:16:20.029;Erro no arquivo
14;650436418;TJPE19978202109231632366974505;4406f06539f7427885a928a2c50b6b2c81a7a2ea57c75f44f486e355b3514ff0;7;1632366974512;;0;0;0;TJPE;G1;;2021/TJPE/09/G1/TJPE19978202109231632366974505;False;2021-09-23 00:16:14.512;Erro no arquivo
15;650436409;TJPE74813202109231632366969086;e6327f3dd357b7f63a4f0809949235d3ecb318f336ae0461fafba415575d97b3;3;1632366969097;;100;100;0;TJPE;G1;1439193.0;2021/TJPE/09/G1/TJPE74813202109231632366969086;False;2021-09-23 00:16:09.097;Processado com sucesso
16;650436401;TJPE84313202109231632366960204;c04e0f40244541d05f175b3ba86c66d472a6a3751f3f7cd5ea2d84acee038554;7;1632366960212;;0;0;0;TJPE;G1;;2021/TJPE/09/G1/TJPE84313202109231632366960204;False;2021-09-23 00:16:00.212;Erro no arquivo
17;650436395;TJPE33076202109231632366954265;01d3e5ad758715561609540cbc8abb6cd632baeb040294a8afdac8e23f1e7a4a;7;1632366954292;;0;0;0;TJPE;G1;;2021/TJPE/09/G1/TJPE33076202109231632366954265;False;2021-09-23 00:15:54.292;Erro no arquivo
18;650436387;TJPE77046202109231632366948970;2ce1a4f3ad6454baa5621cc39c9efe374367f8bd064e0b784c783957d60422ca;7;1632366948977;;0;0;0;TJPE;G1;;2021/TJPE/09/G1/TJPE77046202109231632366948970;False;2021-09-23 00:15:48.977;Erro no arquivo
19;650436377;TJPE78777202109231632366943242;02e5efffd2d8aa6201c0d1975ba3a854cdd3895d69b0796b2e2679b41b9f418b;7;1632366943251;;0;0;0;TJPE;G1;;2021/TJPE/09/G1/TJPE78777202109231632366943242;False;2021-09-23 00:15:43.251;Erro no arquivo
20;650436372;TJPE67747202109231632366939968;b504a775fdd17aaab4cbfe337a957bd9ff1df4364ddba14df0607ca855117429;7;1632366939977;;0;0;0;TJPE;G1;;2021/TJPE/09/G1/TJPE67747202109231632366939968;False;2021-09-23 00:15:39.977;Erro no arquivo
21;650436367;TJPE46401202109231632366935321;8de4a7e438c731f07e11276df10f19097d75622f22e6705caff50bfa91951dfa;7;1632366935330;;0;0;0;TJPE;G1;;2021/TJPE/09/G1/TJPE46401202109231632366935321;False;2021-09-23 00:15:35.330;Erro no arquivo
22;650436363;TJPE75166202109231632366931065;fcf61dc9121b0b775405b67dbf35f06f03ced8c4f76734cf42ede8610f379036;7;1632366931073;;0;0;0;TJPE;G1;;2021/TJPE/09/G1/TJPE75166202109231632366931065;False;2021-09-23 00:15:31.073;Erro no arquivo
23;650436358;TJPE85831202109231632366926939;e353b179797c75a03583ad7ecdb21f4ab2a9f780469499ba2752b54a94590e09;7;1632366926949;;0;0;0;TJPE;G1;;2021/TJPE/09/G1/TJPE85831202109231632366926939;False;2021-09-23 00:15:26.949;Erro no arquivo
24;650436351;TJPE96287202109231632366922210;1aab599ae43b96b02bea666fbe54a694892a869abec47a2e350eed05efbf274c;7;1632366922224;;0;0;0;TJPE;G1;;2021/TJPE/09/G1/TJPE96287202109231632366922210;False;2021-09-23 00:15:22.224;Erro no arquivo
25;650436341;TJPE45560202109231632366917814;a8f5ff629f571baf50c2cf40180bba4ef8e8dcda620284dd4d9233c4dbe07024;7;1632366917819;;0;0;0;TJPE;G1;;2021/TJPE/09/G1/TJPE45560202109231632366917814;False;2021-09-23 00:15:17.819;Erro no arquivo
26;650436332;TJPE64342202109231632366913583;b29d9d39e8a5f700e130cef9eebf2d486311b81020bce3851b182f10e2d90efe;3;1632366913592;;100;100;0;TJPE;JE;1265152.0;2021/TJPE/09/JE/TJPE64342202109231632366913583;False;2021-09-23 00:15:13.592;Processado com sucesso
27;650436328;TJPE33948202109231632366908106;94d6a00fe29bf371252b16bb7e27b7d63653fc782d44537bc2af52e8c6927af2;7;1632366908119;;0;0;0;TJPE;G1;;2021/TJPE/09/G1/TJPE33948202109231632366908106;False;2021-09-23 00:15:08.119;Erro no arquivo
28;650436323;TJPE28074202109231632366904586;bc7d7a74213fc4d6364fd280108873d110e8e1e294b3364e4bb42107c8344a90;7;1632366904592;;0;0;0;TJPE;G1;;2021/TJPE/09/G1/TJPE28074202109231632366904586;False;2021-09-23 00:15:04.592;Erro no arquivo
29;650436318;TJPE81865202109231632366901389;76846f6b1b78fbfb0fe8c04e36ce8039450ffa3a70d36803f010812c8eb199eb;3;1632366901403;;100;100;0;TJPE;JE;1198472.0;2021/TJPE/09/JE/TJPE81865202109231632366901389;False;2021-09-23 00:15:01.403;Processado com sucesso
30;650436316;TJPE45776202109231632366899198;b7ff46ead9dbe97386156efad4cc1daee59cf1fd78456729bd87966a0c26cb84;7;1632366899212;;0;0;0;TJPE;G1;;2021/TJPE/09/G1/TJPE45776202109231632366899198;False;2021-09-23 00:14:59.212;Erro no arquivo
31;650436315;TJPE90942202109231632366897342;30f0d84d14b9b89b82747e78d28c2766c1493ac15c7ec02e80ca5fe19ef6f5e5;7;1632366897355;;0;0;0;TJPE;G1;;2021/TJPE/09/G1/TJPE90942202109231632366897342;False;2021-09-23 00:14:57.355;Erro no arquivo
32;650436313;TJPE13328202109231632366894986;0db41dc2ec9b7bc63c8fa7cb49a8406e979131a5a05c011962e02bcda8f31160;7;1632366895001;;0;0;0;TJPE;G1;;2021/TJPE/09/G1/TJPE13328202109231632366894986;False;2021-09-23 00:14:55.001;Erro no arquivo
33;650436311;TJPE26094202109231632366892722;90a5c64f471d9dd6cf70d3584d333a7669183efbdc95340f5e9a023b3c282b48;7;1632366892734;;0;0;0;TJPE;JE;;2021/TJPE/09/JE/TJPE26094202109231632366892722;False;2021-09-23 00:14:52.734;Erro no arquivo
34;650436307;TJPE73678202109231632366890166;1b9747d872dc3790b54e27b8c2da3d85404ba4fab7e23756138046b3f0b56950;7;1632366890176;;0;0;0;TJPE;G1;;2021/TJPE/09/G1/TJPE73678202109231632366890166;False;2021-09-23 00:14:50.176;Erro no arquivo
35;650436303;TJPE94006202109231632366888005;4106dc4e76cee4d90acbac72f4bcf4054e241f6be3ff60ff504c6a1cad843d53;7;1632366888011;;0;0;0;TJPE;G1;;2021/TJPE/09/G1/TJPE94006202109231632366888005;False;2021-09-23 00:14:48.011;Erro no arquivo
36;650436299;TJPE25417202109231632366886266;12791419aa5124e662a4d6796ebd1de45707dd887cd64b4fc123fdeb208d53ab;7;1632366886343;;0;0;0;TJPE;G1;;2021/TJPE/09/G1/TJPE25417202109231632366886266;False;2021-09-23 00:14:46.343;Erro no arquivo
37;650436296;TJPE58613202109231632366884097;39b29fe91700c64bd230c7a83ff9fb20b261f4aeb087c08c0efe4c5fa1380c3b;7;1632366884109;;0;0;0;TJPE;G1;;2021/TJPE/09/G1/TJPE58613202109231632366884097;False;2021-09-23 00:14:44.109;Erro no arquivo
38;650436291;TJPE68037202109231632366882166;7c50616b564310d4121a206251f3a2d392526cbbcafe0bb10a59ce2bb4ad3df9;7;1632366882173;;0;0;0;TJPE;G1;;2021/TJPE/09/G1/TJPE68037202109231632366882166;False;2021-09-23 00:14:42.173;Erro no arquivo
39;650436288;TJPE53786202109231632366880037;cb503f563a7304389b641c59cf3ec91bb53425f524a927e3553a7d73432e34f2;7;1632366880058;;0;0;0;TJPE;G1;;2021/TJPE/09/G1/TJPE53786202109231632366880037;False;2021-09-23 00:14:40.058;Erro no arquivo
0;650436287;TJPE90597202109231632366878144;13d9dd258ff8cbfb9f2821cb550798c47c3d975a07c8947ffe7ed8cbbb6911fa;7;1632366878154;;0;0;0;TJPE;G1;;2021/TJPE/09/G1/TJPE90597202109231632366878144;False;2021-09-23 00:14:38.154;Erro no arquivo
1;650436282;TJPE55256202109231632366875709;5825bd0578e74bdeb4356a5a811b40012e9d47e257998273c09cc5ef308f8da5;7;1632366875719;;0;0;0;TJPE;G1;;2021/TJPE/09/G1/TJPE55256202109231632366875709;False;2021-09-23 00:14:35.719;Erro no arquivo
2;650436280;TJPE57768202109231632366873761;27a8e9bb0902674d491a491b700e6e47547b2ae2a72907524c5a4ba205b9160d;7;1632366873768;;0;0;0;TJPE;G1;;2021/TJPE/09/G1/TJPE57768202109231632366873761;False;2021-09-23 00:14:33.768;Erro no arquivo
3;650436277;TJPE52726202109231632366871738;57f383f580ddbcb3c5ca5534f6566fa6dca57cfe813c879054d8356d88dd6853;7;1632366871754;;0;0;0;TJPE;G1;;2021/TJPE/09/G1/TJPE52726202109231632366871738;False;2021-09-23 00:14:31.754;Erro no arquivo
4;650436273;TJPE76060202109231632366869300;302ce5c3f5eca64a666bd168e8b84902a6342837362ed8a3a1b2de510347e19c;3;1632366869315;;100;100;0;TJPE;G1;1709192.0;2021/TJPE/09/G1/TJPE76060202109231632366869300;False;2021-09-23 00:14:29.315;Processado com sucesso
5;650436271;TJPE18248202109231632366866324;5bc6eea496535361821686493a49007fe754c93a316d1a8b3bdb421171660543;7;1632366866345;;0;0;0;TJPE;G1;;2021/TJPE/09/G1/TJPE18248202109231632366866324;False;2021-09-23 00:14:26.345;Erro no arquivo
6;650436269;TJPE19700202109231632366864285;2f5550d10254ea003162a97e4b34253a2bc21b2f76da0e4683cdaf17091fb014;7;1632366864299;;0;0;0;TJPE;G1;;2021/TJPE/09/G1/TJPE19700202109231632366864285;False;2021-09-23 00:14:24.299;Erro no arquivo
7;650436266;TJPE22761202109231632366862239;831fb9f19e3037c6db080559a5dc502894548558a5e05eb3077dc0529858a28f;7;1632366862250;;0;0;0;TJPE;G1;;2021/TJPE/09/G1/TJPE22761202109231632366862239;False;2021-09-23 00:14:22.250;Erro no arquivo
8;650436263;TJPE15920202109231632366860349;44249129f44b2e5e1556551df3f9ecd5364ed981981c66c30982f9613c675ee7;7;1632366860360;;0;0;0;TJPE;G1;;2021/TJPE/09/G1/TJPE15920202109231632366860349;False;2021-09-23 00:14:20.360;Erro no arquivo
9;650436261;TJPE29938202109231632366858210;e70a27438348e6373aa59f789e3db5eb65d9c7419507e1437d10a232662e98e0;7;1632366858225;;0;0;0;TJPE;G1;;2021/TJPE/09/G1/TJPE29938202109231632366858210;False;2021-09-23 00:14:18.225;Erro no arquivo
10;650436257;TJPE78615202109231632366856232;9a3c82761533998e9c3422a27f86047bb6066974bb34f14619b18553a2e5b1f0;7;1632366856245;;0;0;0;TJPE;G1;;2021/TJPE/09/G1/TJPE78615202109231632366856232;False;2021-09-23 00:14:16.245;Erro no arquivo
11;650436251;TJPE62195202109231632366854185;379fbc4ee78eff2927832d2860efbb4dbb3896469bbc5a22c90eaa34baa7bf54;7;1632366854195;;0;0;0;TJPE;G1;;2021/TJPE/09/G1/TJPE62195202109231632366854185;False;2021-09-23 00:14:14.195;Erro no arquivo
12;650436249;TJPE31615202109231632366851916;81966d5f56247ad6a3bd9875d3bcd6983ce268651ba2d38dd7ebedb151873b0b;7;1632366851925;;0;0;0;TJPE;G1;;2021/TJPE/09/G1/TJPE31615202109231632366851916;False;2021-09-23 00:14:11.925;Erro no arquivo
13;650436248;TJPE27579202109231632366850001;c0dbdfaa9b2f721c93271254b3a7be2bc0a7f10869c5db873c46b91fc1ae92c3;7;1632366850009;;0;0;0;TJPE;G1;;2021/TJPE/09/G1/TJPE27579202109231632366850001;False;2021-09-23 00:14:10.009;Erro no arquivo
14;650436246;TJPE62249202109231632366848010;30498ee825344a663d9c0a98f7babc45389d280000d23c69d107f90b166d3ac5;7;1632366848016;;0;0;0;TJPE;G1;;2021/TJPE/09/G1/TJPE62249202109231632366848010;False;2021-09-23 00:14:08.016;Erro no arquivo
15;650436243;TJPE47103202109231632366846390;653d22ddfec70c7b144c79b4136cb728cceaeb6bbad09dd0f9aee79684c7471b;7;1632366846397;;0;0;0;TJPE;G1;;2021/TJPE/09/G1/TJPE47103202109231632366846390;False;2021-09-23 00:14:06.397;Erro no arquivo
16;650436242;TJPE17828202109231632366844829;0f1a37d363735f7457a0783d0bb3972ee9b949cf24b8393b66588ee1cf2cb5ba;7;1632366844853;;0;0;0;TJPE;G1;;2021/TJPE/09/G1/TJPE17828202109231632366844829;False;2021-09-23 00:14:04.853;Erro no arquivo
17;650436237;TJPE83663202109231632366842667;885e3c4a28e4bd22badf123653fb1e532b877f8b9796f98b66069c56dcee7c53;7;1632366842680;;0;0;0;TJPE;G1;;2021/TJPE/09/G1/TJPE83663202109231632366842667;False;2021-09-23 00:14:02.680;Erro no arquivo
18;650436235;TJPE90657202109231632366840646;5f09876acb0fcd3b70b7fcf5d966601ce6184e73e31a2ff609a748192eb9e572;7;1632366840655;;0;0;0;TJPE;G1;;2021/TJPE/09/G1/TJPE90657202109231632366840646;False;2021-09-23 00:14:00.655;Erro no arquivo
19;650436220;TJPE68683202109231632366826702;8b3193d5636aba3ff6788e2733568ac6cae1591664a1bf3e6837ae56da4c0daa;7;1632366826710;;0;0;0;TJPE;G1;;2021/TJPE/09/G1/TJPE68683202109231632366826702;False;2021-09-23 00:13:46.710;Erro no arquivo
20;650436215;TJPE15743202109231632366824809;348ad5190d4ac8c7c46a6aa53bb601ce3467d62281c93ba1ed705a0042423f3d;7;1632366824816;;0;0;0;TJPE;G1;;2021/TJPE/09/G1/TJPE15743202109231632366824809;False;2021-09-23 00:13:44.816;Erro no arquivo
21;650436214;TJPE26393202109231632366822954;4565349c628cd18f2d0d3212513c4d7f6436d6402564f29feb0bad33baf7207a;7;1632366822967;;0;0;0;TJPE;JE;;2021/TJPE/09/JE/TJPE26393202109231632366822954;False;2021-09-23 00:13:42.967;Erro no arquivo
22;650436209;TJPE29805202109231632366820932;b9b233d1308f6c4cb798861c52cfd91de6523eb646f28e5d2c089d9c94c8ad8e;7;1632366820945;;0;0;0;TJPE;G1;;2021/TJPE/09/G1/TJPE29805202109231632366820932;False;2021-09-23 00:13:40.945;Erro no arquivo
23;650436205;TJPE25451202109231632366818816;99b1ffc47d2ac7859890931905b7766f16780c0557628f22c467511baa1b6d71;7;1632366818829;;0;0;0;TJPE;G1;;2021/TJPE/09/G1/TJPE25451202109231632366818816;False;2021-09-23 00:13:38.829;Erro no arquivo
24;650436203;TJPE84853202109231632366817027;8e9fe4aeada45aad9d20fe0a2f6ee5fa79526262d5747ab73e0665f1451e1147;3;1632366817038;;100;100;0;TJPE;JE;1000003.0;2021/TJPE/09/JE/TJPE84853202109231632366817027;False;2021-09-23 00:13:37.038;Processado com sucesso
25;650436199;TJPE27362202109231632366815202;642ddd28c9940f0b11af8cf79ba7da81eadca0f77846050bdd42326b942bae2e;7;1632366815210;;0;0;0;TJPE;G1;;2021/TJPE/09/G1/TJPE27362202109231632366815202;False;2021-09-23 00:13:35.210;Erro no arquivo
26;650436198;TJPE51133202109231632366813241;5d2161d9fad9c3a40803536e4f069fdbcb1e2c1fcc4ecfb28855cfafc536c81a;7;1632366813246;;0;0;0;TJPE;G1;;2021/TJPE/09/G1/TJPE51133202109231632366813241;False;2021-09-23 00:13:33.246;Erro no arquivo
27;650436195;TJPE58051202109231632366811776;4ddcccb24605091b167bde3beb70a3c3c9640f59f4bc1eb9b536a6e1097ce8c4;7;1632366811787;;0;0;0;TJPE;G1;;2021/TJPE/09/G1/TJPE58051202109231632366811776;False;2021-09-23 00:13:31.787;Erro no arquivo
28;650436193;TJPE22876202109231632366810011;900682665c300f46a26c9e6ea97c7d3edc1a81ae8d8ea4449a1d5b1fca41cc35;7;1632366810024;;0;0;0;TJPE;G1;;2021/TJPE/09/G1/TJPE22876202109231632366810011;False;2021-09-23 00:13:30.024;Erro no arquivo
29;650436185;TJPE64085202109231632366807902;250730606c74dd8db4cd72051a17158e519766ff0e06a77436a6b8cd4809c72e;7;1632366807912;;0;0;0;TJPE;G1;;2021/TJPE/09/G1/TJPE64085202109231632366807902;False;2021-09-23 00:13:27.912;Erro no arquivo
30;650436182;TJPE36230202109231632366805544;a8fa311a11f5d00e768ca7695488aabfbbdb9e49a2c306e40eeca010db65aec3;7;1632366805558;;0;0;0;TJPE;G1;;2021/TJPE/09/G1/TJPE36230202109231632366805544;False;2021-09-23 00:13:25.558;Erro no arquivo
31;650436178;TJPE56125202109231632366803298;c440697418121c135cf891e2c2ae734737c62331ad1cdbeca085ab6df8b52a14;7;1632366803309;;0;0;0;TJPE;G1;;2021/TJPE/09/G1/TJPE56125202109231632366803298;False;2021-09-23 00:13:23.309;Erro no arquivo
32;650436175;TJPE75461202109231632366801208;5d7ffd2deff69dd1c08e74e11ae92ef9eaede3a066e5ead382034cffcafa4858;7;1632366801217;;0;0;0;TJPE;G1;;2021/TJPE/09/G1/TJPE75461202109231632366801208;False;2021-09-23 00:13:21.217;Erro no arquivo
33;650436165;TJPE18435202109231632366792369;9baa12e479baa4264975954be4d4693ecdc3029c9e08b545960075c0af874cd3;3;1632366792384;;100;100;0;TJPE;G1;1796356.0;2021/TJPE/09/G1/TJPE18435202109231632366792369;False;2021-09-23 00:13:12.384;Processado com sucesso
34;650436153;TJPE53362202109231632366786317;93d930401c222a136ad83e7326192b1ad94e7824c2b82ba3a656669dc0c0ed78;7;1632366786328;;0;0;0;TJPE;G1;;2021/TJPE/09/G1/TJPE53362202109231632366786317;False;2021-09-23 00:13:06.328;Erro no arquivo
35;650436145;TJPE14171202109231632366781272;560fb58f6e49c84b224894388cec2c62fbfadc828140e834f4e6ce100dd6b11e;7;1632366781291;;0;0;0;TJPE;G1;;2021/TJPE/09/G1/TJPE14171202109231632366781272;False;2021-09-23 00:13:01.291;Erro no arquivo
36;650436130;TJPE86744202109231632366773454;472f584fed132cf9023968f9cd47cb2e50277243173b52516ce283beb33c833c;7;1632366773463;;0;0;0;TJPE;G1;;2021/TJPE/09/G1/TJPE86744202109231632366773454;False;2021-09-23 00:12:53.463;Erro no arquivo
37;650436123;TJPE65394202109231632366766098;6127701b9508223cd6a186622f0515b537314f3ddd6baf5256205c3dbd6d5945;7;1632366766105;;0;0;0;TJPE;G1;;2021/TJPE/09/G1/TJPE65394202109231632366766098;False;2021-09-23 00:12:46.105;Erro no arquivo
38;650436118;TJPE89880202109231632366762643;e048b5b5805f2c840d7b1e01fb98ed14366f2b6cdeb327030819da30bf33fe35;7;1632366762652;;0;0;0;TJPE;G1;;2021/TJPE/09/G1/TJPE89880202109231632366762643;False;2021-09-23 00:12:42.652;Erro no arquivo
39;650436117;TJPE39794202109231632366760618;4547c48c566fc5b07ba45cda5d18b9166ad4ae4108130c5e3c78a4d7ba549e60;7;1632366760626;;0;0;0;TJPE;JE;;2021/TJPE/09/JE/TJPE39794202109231632366760618;False;2021-09-23 00:12:40.626;Erro no arquivo
0;650436116;TJPE42917202109231632366758642;b299ab5481ccf11f55884df5d93c8c89892cee2ef84cd18e7e4ac2821676d60b;7;1632366758652;;0;0;0;TJPE;G1;;2021/TJPE/09/G1/TJPE42917202109231632366758642;False;2021-09-23 00:12:38.652;Erro no arquivo
1;650436112;TJPE49195202109231632366756501;56f0b9d5029c5c3a55b27c99e83f8299cb054bf5a88760380ffe00f489cc87bd;7;1632366756510;;0;0;0;TJPE;G1;;2021/TJPE/09/G1/TJPE49195202109231632366756501;False;2021-09-23 00:12:36.510;Erro no arquivo
2;650436108;TJPE76940202109231632366754790;4b97d93f13ba3950fb298a944a0acc9cd2cb4fb9853fb7805f9c4e771cb867e1;7;1632366754798;;0;0;0;TJPE;G1;;2021/TJPE/09/G1/TJPE76940202109231632366754790;False;2021-09-23 00:12:34.798;Erro no arquivo
3;650436104;TJPE59512202109231632366753016;132a7a6c4276969f7943cbcde98e6934dcbb4c147300d6f089d34dd0754179fb;7;1632366753028;;0;0;0;TJPE;G1;;2021/TJPE/09/G1/TJPE59512202109231632366753016;False;2021-09-23 00:12:33.028;Erro no arquivo
4;650436103;TJPE52524202109231632366751196;44d762173fea71a34f58529b12b6493a3f75f5028b633a3a2ba5753d099b0370;3;1632366751202;;98;98;0;TJPE;G1;804391.0;2021/TJPE/09/G1/TJPE52524202109231632366751196;False;2021-09-23 00:12:31.202;Processado com sucesso
5;650436102;TJPE87023202109231632366749619;bb51e660d2d79c28107eede655855bbf648d3f20efeb99b588ad0d15a4e07b4b;7;1632366749633;;0;0;0;TJPE;G1;;2021/TJPE/09/G1/TJPE87023202109231632366749619;False;2021-09-23 00:12:29.633;Erro no arquivo
6;650436098;TJPE13804202109231632366747460;6aace6bdc21e36f03be6c6f0d71dc80bbcfbf504c2fc9992ec4a227d33d69658;7;1632366747471;;0;0;0;TJPE;G1;;2021/TJPE/09/G1/TJPE13804202109231632366747460;False;2021-09-23 00:12:27.471;Erro no arquivo
7;650436096;TJPE68901202109231632366745502;a79f612be4ebd5ae4f83c6aa38bd37343045144360ed867fd3e93cbf57e9ad35;7;1632366745509;;0;0;0;TJPE;G1;;2021/TJPE/09/G1/TJPE68901202109231632366745502;False;2021-09-23 00:12:25.509;Erro no arquivo
8;650436092;TJPE98480202109231632366743920;34de55afef8922fefcd05ed989d8ce4bdf0d55f844b8daf822490ff3377e7606;7;1632366743928;;0;0;0;TJPE;G1;;2021/TJPE/09/G1/TJPE98480202109231632366743920;False;2021-09-23 00:12:23.928;Erro no arquivo
9;650436087;TJPE98299202109231632366741801;50937286e3708dadd28eb892e13426e7b549177bdc2b7a3ed393166ee32c290c;3;1632366741824;;94;94;0;TJPE;G1;1111083.0;2021/TJPE/09/G1/TJPE98299202109231632366741801;False;2021-09-23 00:12:21.824;Processado com sucesso
10;650436076;TJPE24092202109231632366738998;66b6b46a795fbacc34030712d0c1d3bb9c9f7e1630c45b0dc5d5a519b2e96c0a;7;1632366739006;;0;0;0;TJPE;G1;;2021/TJPE/09/G1/TJPE24092202109231632366738998;False;2021-09-23 00:12:19.006;Erro no arquivo
11;650436074;TJPE81543202109231632366736834;b81d2caa0f47c21f20fba9a2e3f4e8aff78392205e31e2ccb7d136e56881211f;3;1632366736843;;86;86;0;TJPE;G1;1175535.0;2021/TJPE/09/G1/TJPE81543202109231632366736834;False;2021-09-23 00:12:16.843;Processado com sucesso
12;650436070;TJPE99744202109231632366734613;022897deabb8fd222117dc15e51d97e7a01a20b253b053faf650b3dd26d0af8e;3;1632366734628;;100;100;0;TJPE;JE;1193387.0;2021/TJPE/09/JE/TJPE99744202109231632366734613;False;2021-09-23 00:12:14.628;Processado com sucesso
13;650436066;TJPE62442202109231632366732417;244d95705c469a96c910796e097411eddffcfcb9e5cecf4a7c3da2999786aef9;7;1632366732425;;0;0;0;TJPE;G1;;2021/TJPE/09/G1/TJPE62442202109231632366732417;False;2021-09-23 00:12:12.425;Erro no arquivo
14;650436065;TJPE86507202109231632366730601;4c46d7cc139cb8d2aecf60192127b28aa75fcc12bd3e2f898fefa9b114696dbb;7;1632366730609;;0;0;0;TJPE;G1;;2021/TJPE/09/G1/TJPE86507202109231632366730601;False;2021-09-23 00:12:10.609;Erro no arquivo
15;650436054;TJPE19627202109231632366728675;7076df34ad96e94dcba26c11fb841ea4b5a11562866d8d731743daa184b1efc2;7;1632366728684;;0;0;0;TJPE;G1;;2021/TJPE/09/G1/TJPE19627202109231632366728675;False;2021-09-23 00:12:08.684;Erro no arquivo
16;650436051;TJPE35686202109231632366726605;4b8718d0e8c00a918e77538ca1f0c0cd2ab14dfcb593061a763125629b5c3ede;7;1632366726613;;0;0;0;TJPE;G1;;2021/TJPE/09/G1/TJPE35686202109231632366726605;False;2021-09-23 00:12:06.613;Erro no arquivo
17;650436049;TJPE33895202109231632366724647;112c1d5123290abe2bf92726febb7b71145f2ac7be030e5c5e98877c9b321fff;7;1632366724663;;0;0;0;TJPE;G1;;2021/TJPE/09/G1/TJPE33895202109231632366724647;False;2021-09-23 00:12:04.663;Erro no arquivo
18;650436047;TJPE94859202109231632366723054;47f98b625b9597a3c67bcc049136958d856b2e4f95ca2ad8b8bfb81398985c32;7;1632366723065;;0;0;0;TJPE;G1;;2021/TJPE/09/G1/TJPE94859202109231632366723054;False;2021-09-23 00:12:03.065;Erro no arquivo
19;650436041;TJPE59236202109231632366721238;01c4240a1d355632a88370bafbffb64d4cd4df1b340543986de219ca0af23a0a;7;1632366721265;;0;0;0;TJPE;G1;;2021/TJPE/09/G1/TJPE59236202109231632366721238;False;2021-09-23 00:12:01.265;Erro no arquivo
20;650436037;TJPE16083202109231632366719366;5750d09d711a13499aa0b8cb2c184d0f846a395ec03f4359664a121c5f1e9628;7;1632366719374;;0;0;0;TJPE;G1;;2021/TJPE/09/G1/TJPE16083202109231632366719366;False;2021-09-23 00:11:59.374;Erro no arquivo
21;650436036;TJPE50460202109231632366717399;0b090392bfc817fb911373be1bd77d7c49413917d97a20ed802d9a27ce85679d;7;1632366717408;;0;0;0;TJPE;G1;;2021/TJPE/09/G1/TJPE50460202109231632366717399;False;2021-09-23 00:11:57.408;Erro no arquivo
22;650436030;TJPE61066202109231632366715406;f117c40a8a602293c51c41ed2d13f18cbe90f5e2aa873cd10ee84956309ba9bc;3;1632366715431;;95;95;0;TJPE;G1;1286552.0;2021/TJPE/09/G1/TJPE61066202109231632366715406;False;2021-09-23 00:11:55.431;Processado com sucesso
23;650436027;TJPE92112202109231632366713110;a35c33b2350e2b16dd9f74a340c8165a8116cec595822022aa66a2f663a64aed;7;1632366713115;;0;0;0;TJPE;G1;;2021/TJPE/09/G1/TJPE92112202109231632366713110;False;2021-09-23 00:11:53.115;Erro no arquivo
24;650436026;TJPE63974202109231632366711682;64710a80e987e291bc7507c4c58509266c020d3dcd97eb3d2e860d72dd1afb27;7;1632366711692;;0;0;0;TJPE;G1;;2021/TJPE/09/G1/TJPE63974202109231632366711682;False;2021-09-23 00:11:51.692;Erro no arquivo
25;650436024;TJPE74006202109231632366709470;7c326ab28d50bffcc600ec72a2a9469020ecc223edcfa665995361737b391e88;7;1632366709478;;0;0;0;TJPE;G1;;2021/TJPE/09/G1/TJPE74006202109231632366709470;False;2021-09-23 00:11:49.478;Erro no arquivo
26;650436021;TJPE22698202109231632366707675;ac8a37f6d0ad018fc281f40b71263292ebc4ab5bc1686991e7bcc138b4b2bcae;7;1632366707681;;0;0;0;TJPE;G1;;2021/TJPE/09/G1/TJPE22698202109231632366707675;False;2021-09-23 00:11:47.681;Erro no arquivo
27;650436018;TJPE58781202109231632366706115;1f6e87ff10fad5ba7a45bfd485784d401b2694440a94803f2b3e726890caabc8;7;1632366706123;;0;0;0;TJPE;G1;;2021/TJPE/09/G1/TJPE58781202109231632366706115;False;2021-09-23 00:11:46.123;Erro no arquivo
28;650436015;TJPE37962202109231632366704298;326332e13d5f075b55dc5b225483d4eb60bd543f905c030b88b5ab6bc7e40ea6;7;1632366704313;;0;0;0;TJPE;G1;;2021/TJPE/09/G1/TJPE37962202109231632366704298;False;2021-09-23 00:11:44.313;Erro no arquivo
29;650436013;TJPE92084202109231632366702389;6f9694451cdeb86f8a516019756073e4fb36f7ea9e87653fd9cd7c4ef307aeb4;3;1632366702401;;94;94;0;TJPE;G1;957859.0;2021/TJPE/09/G1/TJPE92084202109231632366702389;False;2021-09-23 00:11:42.401;Processado com sucesso
30;650436005;TJPE96980202109231632366700524;060cb0a385b17158136de86387646fc315f06742f18d063b85febcb354bba127;7;1632366700532;;0;0;0;TJPE;G1;;2021/TJPE/09/G1/TJPE96980202109231632366700524;False;2021-09-23 00:11:40.532;Erro no arquivo
31;650436003;TJPE62920202109231632366698247;169ee9f5a35ffe975f52394e70df5de64d515d74e3e20d1cb0ad361cd66971d0;7;1632366698262;;0;0;0;TJPE;G1;;2021/TJPE/09/G1/TJPE62920202109231632366698247;False;2021-09-23 00:11:38.262;Erro no arquivo
32;650436000;TJPE42106202109231632366696118;37b52f45c5299e13235c95fb2244cb9983748aae7b217565bc5672fee2c5b586;7;1632366696125;;0;0;0;TJPE;G1;;2021/TJPE/09/G1/TJPE42106202109231632366696118;False;2021-09-23 00:11:36.125;Erro no arquivo
33;650435998;TJPE34152202109231632366694584;0c35f2aae5f9414c0267d7f1eb4a0e2a9aaff3c5064e933b4a3b0994570ec74b;7;1632366694596;;0;0;0;TJPE;G1;;2021/TJPE/09/G1/TJPE34152202109231632366694584;False;2021-09-23 00:11:34.596;Erro no arquivo
34;650435994;TJPE76124202109231632366692741;a954005b07518513323ed7ac4bec4390647d15926f73981b1978737a2e7d9d8f;7;1632366692750;;0;0;0;TJPE;G1;;2021/TJPE/09/G1/TJPE76124202109231632366692741;False;2021-09-23 00:11:32.750;Erro no arquivo
35;650435990;TJPE11777202109231632366690875;5e35750c7af9d8e30978a5963275200a2fc52615c220cd980cb8ff8bd775d0bc;7;1632366690883;;0;0;0;TJPE;G1;;2021/TJPE/09/G1/TJPE11777202109231632366690875;False;2021-09-23 00:11:30.883;Erro no arquivo
36;650435987;TJPE97088202109231632366688717;17050c2daaa261d6efa4132af82ed00ee3767906ba25745ae20509f2b08a0771;7;1632366688731;;0;0;0;TJPE;G1;;2021/TJPE/09/G1/TJPE97088202109231632366688717;False;2021-09-23 00:11:28.731;Erro no arquivo
37;650435983;TJPE47782202109231632366686759;2c470bf99d5a252a9728f1c2efa67a7916c5adcbf30100d5c83d65a4f62babbb;7;1632366686778;;0;0;0;TJPE;G1;;2021/TJPE/09/G1/TJPE47782202109231632366686759;False;2021-09-23 00:11:26.778;Erro no arquivo
38;650435976;TJPE28341202109231632366684680;afd42662c28c2fabe1e0bed7b4cc11cdd26e98bff0fcfeb2bd20335a81b74691;7;1632366684699;;0;0;0;TJPE;G1;;2021/TJPE/09/G1/TJPE28341202109231632366684680;False;2021-09-23 00:11:24.699;Erro no arquivo
39;650435971;TJPE90124202109231632366682725;1bbeb7547eba74bcbc999cf37ad4c12a0dcf64c6d5aa92d4d6673bc4da64124a;7;1632366682730;;0;0;0;TJPE;G1;;2021/TJPE/09/G1/TJPE90124202109231632366682725;False;2021-09-23 00:11:22.730;Erro no arquivo
0;650435969;TJPE13989202109231632366681156;bff9609ee1dc1d03eab445026083a24558d1c8119c0e528ae1264418f1c859c3;7;1632366681179;;0;0;0;TJPE;G1;;2021/TJPE/09/G1/TJPE13989202109231632366681156;False;2021-09-23 00:11:21.179;Erro no arquivo
1;650435961;TJPE87686202109231632366679237;8da8c1403e8e8fdbc5980d89c1b49d14050f3cce57acfb85dedb15ee3a22987f;7;1632366679245;;0;0;0;TJPE;G1;;2021/TJPE/09/G1/TJPE87686202109231632366679237;False;2021-09-23 00:11:19.245;Erro no arquivo
2;650435955;TJPE22140202109231632366677403;be4f2bfe6d03466987e3c86c1656c753357b9712ab662d15f4bcae13a55096c9;7;1632366677417;;0;0;0;TJPE;G1;;2021/TJPE/09/G1/TJPE22140202109231632366677403;False;2021-09-23 00:11:17.417;Erro no arquivo
3;650435953;TJPE46490202109231632366675123;e26e178a5444c33c80e5303802e817b8dd9c035c0a33eba974d68aeb7302cc40;7;1632366675138;;0;0;0;TJPE;G1;;2021/TJPE/09/G1/TJPE46490202109231632366675123;False;2021-09-23 00:11:15.138;Erro no arquivo
4;650435948;TJPE38934202109231632366672886;744c386e9932c7118f921e77c668f5a8ef034147dec3aa84c6c1f4790553715c;7;1632366672894;;0;0;0;TJPE;G1;;2021/TJPE/09/G1/TJPE38934202109231632366672886;False;2021-09-23 00:11:12.894;Erro no arquivo
5;650435947;TJPE14646202109231632366670870;7b66e067da8f8220bc62e1cebed3ed400ec1975d0feb6195f510164689002d60;7;1632366670893;;0;0;0;TJPE;G1;;2021/TJPE/09/G1/TJPE14646202109231632366670870;False;2021-09-23 00:11:10.893;Erro no arquivo
6;650435943;TJPE27382202109231632366668947;cb66530feec99c40996cf91074ba6d12fc773667fe83dd2d6da3d7948928037c;7;1632366668956;;0;0;0;TJPE;G1;;2021/TJPE/09/G1/TJPE27382202109231632366668947;False;2021-09-23 00:11:08.956;Erro no arquivo
7;650435931;TJPE25139202109231632366664366;b2714ca131ff4a057f5e9229a4e87848fa620e52dedfced678237f46e21962bf;3;1632366664379;;100;100;0;TJPE;JE;1146416.0;2021/TJPE/09/JE/TJPE25139202109231632366664366;False;2021-09-23 00:11:04.379;Processado com sucesso
8;650435922;TJPE40886202109231632366657936;63d6ecdbd28ebbb6c4db4407c749e9f4a875d7060835c1df1f457feb9f067105;7;1632366657944;;0;0;0;TJPE;G1;;2021/TJPE/09/G1/TJPE40886202109231632366657936;False;2021-09-23 00:10:57.944;Erro no arquivo
9;650435915;TJPE48718202109231632366652120;557920605d7a1ef86bcd47160d9684b2a98a158b33a8beacb90f5f936cb643ed;7;1632366652125;;0;0;0;TJPE;G1;;2021/TJPE/09/G1/TJPE48718202109231632366652120;False;2021-09-23 00:10:52.125;Erro no arquivo
10;650435911;TJPE14011202109231632366649579;09debf71d656f0303dfc5d9aaf3db69c2350fd7f66e43281af571ec2f763f018;7;1632366649588;;0;0;0;TJPE;G1;;2021/TJPE/09/G1/TJPE14011202109231632366649579;False;2021-09-23 00:10:49.588;Erro no arquivo
11;650435899;TJPE28855202109231632366642148;8f2899d7008fa7d89d01fb109ef9e3294704c449e7676de0017734090f680b57;3;1632366642160;;100;100;0;TJPE;JE;1095530.0;2021/TJPE/09/JE/TJPE28855202109231632366642148;False;2021-09-23 00:10:42.160;Processado com sucesso
12;650435884;TJPE40536202109231632366636857;589bf5c35f6e274b4152892166cf7ebd8176e9910ea981243809c00e78e0aa76;3;1632366636869;;100;100;0;TJPE;JE;1093792.0;2021/TJPE/09/JE/TJPE40536202109231632366636857;False;2021-09-23 00:10:36.869;Processado com sucesso
13;650435864;TJPE51086202109231632366628968;4a04c5f7ad3d4d304c1e2c558e383a1b7d701bfe5023be9090c244de771bb388;7;1632366629034;;0;0;0;TJPE;G1;;2021/TJPE/09/G1/TJPE51086202109231632366628968;False;2021-09-23 00:10:29.034;Erro no arquivo
14;650435842;TJPE17471202109231632366621462;4d8c914b0c1caaf3e6ba03140ec1ef8af9d6942e6e264dcc7b1ed526e2b2163c;3;1632366621471;;100;100;0;TJPE;JE;1034978.0;2021/TJPE/09/JE/TJPE17471202109231632366621462;False;2021-09-23 00:10:21.471;Processado com sucesso
15;650435829;TJPE34983202109231632366615553;3ef072b393b1fff4b8f605bec2465765d13ca8b764d56aa4ec7e9a04845d2269;7;1632366615575;;0;0;0;TJPE;G1;;2021/TJPE/09/G1/TJPE34983202109231632366615553;False;2021-09-23 00:10:15.575;Erro no arquivo
16;650435823;TJPE18690202109231632366610889;08cfcc4fc9d5cf268d78d5484a56b05be9c7f288c57a133daa7f050b7fc47b9a;3;1632366610915;;100;100;0;TJPE;JE;1130500.0;2021/TJPE/09/JE/TJPE18690202109231632366610889;False;2021-09-23 00:10:10.915;Processado com sucesso
17;650435815;TJPE32402202109231632366605662;e4fb054d6fe23b72a708b1aa15660d4960cf93c128a1fa738f1f9b626b829039;7;1632366605670;;0;0;0;TJPE;G1;;2021/TJPE/09/G1/TJPE32402202109231632366605662;False;2021-09-23 00:10:05.670;Erro no arquivo
18;650435799;TJPE87952202109231632366599693;b545eb233ecae8c64622f2610be168d393b2b5669ac767ceec9ec17df85cfd66;7;1632366599701;;0;0;0;TJPE;G1;;2021/TJPE/09/G1/TJPE87952202109231632366599693;False;2021-09-23 00:09:59.701;Erro no arquivo
19;650435779;TJPE70054202109231632366593162;49dffc7f9ce608ede42888641fb950b2fdb1a4f0068e61ea48aae10b5265df9e;7;1632366593172;;0;0;0;TJPE;G1;;2021/TJPE/09/G1/TJPE70054202109231632366593162;False;2021-09-23 00:09:53.172;Erro no arquivo
20;650435751;TJPE73683202109231632366582635;a30860ed1c6999bbbc3bb0d1661db7e3407cfcaf50280bf74bc3e4f52c2f7dc4;7;1632366582647;;0;0;0;TJPE;G1;;2021/TJPE/09/G1/TJPE73683202109231632366582635;False;2021-09-23 00:09:42.647;Erro no arquivo
21;650435741;TJPE42304202109231632366576454;523b3541772718457bb7ed56b99d40aee2571e5490f317af92f6d3921ff18f14;7;1632366576470;;0;0;0;TJPE;G1;;2021/TJPE/09/G1/TJPE42304202109231632366576454;False;2021-09-23 00:09:36.470;Erro no arquivo
22;650435725;TJPE77721202109231632366567373;59da602fee015dde963070aa0c00ab9e06599bf048dde8832f1b216c43efe820;3;1632366567387;;100;100;0;TJPE;JE;1228034.0;2021/TJPE/09/JE/TJPE77721202109231632366567373;False;2021-09-23 00:09:27.387;Processado com sucesso
23;650435711;TJPE29285202109231632366564403;e6345eecf46bbd26568c95c176f5ec7a8a5362dc34f8d24d8e0cf4ce4287e4c5;7;1632366564411;;0;0;0;TJPE;G1;;2021/TJPE/09/G1/TJPE29285202109231632366564403;False;2021-09-23 00:09:24.411;Erro no arquivo
24;650435706;TJPE67316202109231632366562687;8a68ea4bb5b38452bbcf04986aa9fb5104a9809600f1d5564390ec65c3b371d8;7;1632366562704;;0;0;0;TJPE;G1;;2021/TJPE/09/G1/TJPE67316202109231632366562687;False;2021-09-23 00:09:22.704;Erro no arquivo
25;650435702;TJPE25111202109231632366560975;0dc25484798a38ec46c737a2544f2ed43725dec598a06c4c5d937e5ee2ab0c83;7;1632366560984;;0;0;0;TJPE;G1;;2021/TJPE/09/G1/TJPE25111202109231632366560975;False;2021-09-23 00:09:20.984;Erro no arquivo
26;650435695;TJPE99454202109231632366558895;eea8f2efcd5f9a7b111343613260b460943b3670020b47acb5e36f3de258dbd0;7;1632366558912;;0;0;0;TJPE;G1;;2021/TJPE/09/G1/TJPE99454202109231632366558895;False;2021-09-23 00:09:18.912;Erro no arquivo
27;650435690;TJPE34912202109231632366556660;0210de5b2c6b1099e57d9d98913c1a53f85883cd1e5fcf1edc439c43ea4019cf;7;1632366556668;;0;0;0;TJPE;G1;;2021/TJPE/09/G1/TJPE34912202109231632366556660;False;2021-09-23 00:09:16.668;Erro no arquivo
28;650435688;TJPE82568202109231632366554879;967a6a4bba4158fe89c787b69f78a6e130b307e6fd7ebf9350d23da50babfd20;3;1632366554903;;100;100;0;TJPE;JE;1107448.0;2021/TJPE/09/JE/TJPE82568202109231632366554879;False;2021-09-23 00:09:14.903;Processado com sucesso
29;650435677;TJPE78327202109231632366553027;702b5a17ebb687436cb1fb891e84d9dc328542fa0cacf9a0e08547af7523d07a;7;1632366553035;;0;0;0;TJPE;JE;;2021/TJPE/09/JE/TJPE78327202109231632366553027;False;2021-09-23 00:09:13.035;Erro no arquivo
30;650435672;TJPE64258202109231632366551005;3936e5c7f0a190439a95550430ca2407f08c5f3dde372c8308daebbddcecee06;7;1632366551017;;0;0;0;TJPE;G1;;2021/TJPE/09/G1/TJPE64258202109231632366551005;False;2021-09-23 00:09:11.017;Erro no arquivo
31;650435669;TJPE27442202109231632366549352;a80f82e41287988d0feffcbca55ac38046f3ff36e278d24cf1338cd55b051241;7;1632366549359;;0;0;0;TJPE;G1;;2021/TJPE/09/G1/TJPE27442202109231632366549352;False;2021-09-23 00:09:09.359;Erro no arquivo
32;650435665;TJPE55367202109231632366547739;420dceccab4c6fb2883cbd067d7345251f80d94d1dc51c2dee155e2f3d12a5d5;7;1632366547748;;0;0;0;TJPE;G1;;2021/TJPE/09/G1/TJPE55367202109231632366547739;False;2021-09-23 00:09:07.748;Erro no arquivo
33;650435659;TJPE49896202109231632366545597;24f90944cae3ba469f1b0f27362d8868511827801fb9c7035a02dcf18f4cccca;3;1632366545606;;100;100;0;TJPE;JE;1076089.0;2021/TJPE/09/JE/TJPE49896202109231632366545597;False;2021-09-23 00:09:05.606;Processado com sucesso
34;650435657;TJPE20239202109231632366543631;a504b3d0bcc33ffecfd5f395d1898c6d8c02e6a0da8d603de4cdfd9fa127c454;7;1632366543656;;0;0;0;TJPE;G1;;2021/TJPE/09/G1/TJPE20239202109231632366543631;False;2021-09-23 00:09:03.656;Erro no arquivo
35;650435651;TJPE81905202109231632366541684;c50741086d59b6c93c760dc433444e116577ac815e1c30cabb5fee9110fa9a2a;7;1632366541700;;0;0;0;TJPE;G1;;2021/TJPE/09/G1/TJPE81905202109231632366541684;False;2021-09-23 00:09:01.700;Erro no arquivo
36;650435647;TJPE72116202109231632366539771;98b51ac1565c7c0e0be1fbf87ac847887e06faa0e99768451f0976e4c3824c55;7;1632366539779;;0;0;0;TJPE;G1;;2021/TJPE/09/G1/TJPE72116202109231632366539771;False;2021-09-23 00:08:59.779;Erro no arquivo
37;650435645;TJPE46393202109231632366538112;b3b4300d65a6d5c5b354db0a219625d5c72f8be903e3b9dec8f50ffe791d8d12;7;1632366538118;;0;0;0;TJPE;G1;;2021/TJPE/09/G1/TJPE46393202109231632366538112;False;2021-09-23 00:08:58.118;Erro no arquivo
38;650435639;TJPE52331202109231632366536460;d676a64770893c0f5a629f80952d9a6f452ce0bf5ad9b2a28c3882f50378a4f1;7;1632366536469;;0;0;0;TJPE;G1;;2021/TJPE/09/G1/TJPE52331202109231632366536460;False;2021-09-23 00:08:56.469;Erro no arquivo
39;650435586;TJPE23409202109231632366522849;a5544b752099d0f08aad91b5216d11e5e2cd8d5ba1c31ba1cd3843d23ff19f6f;3;1632366522857;;100;100;0;TJPE;JE;1130911.0;2021/TJPE/09/JE/TJPE23409202109231632366522849;False;2021-09-23 00:08:42.857;Processado com sucesso
0;650435580;TJPE49267202109231632366520530;2fdcd5729ea45e15cb8311cf96eb582204655a9802f8c40f71bdce1a3831dea3;7;1632366520542;;0;0;0;TJPE;G1;;2021/TJPE/09/G1/TJPE49267202109231632366520530;False;2021-09-23 00:08:40.542;Erro no arquivo
1;650435574;TJPE57997202109231632366518228;af2f74d1e7468e7d2696b54fcd45969a1277525f2df1b8471921c922dc1bb814;7;1632366518240;;0;0;0;TJPE;JE;;2021/TJPE/09/JE/TJPE57997202109231632366518228;False;2021-09-23 00:08:38.240;Erro no arquivo
2;650435567;TJPE85186202109231632366516519;8204e5fb6b43917a1b2ef1bd32ae55d83a586f6cb3e3549156462c0d1aa13cd9;7;1632366516541;;0;0;0;TJPE;G1;;2021/TJPE/09/G1/TJPE85186202109231632366516519;False;2021-09-23 00:08:36.541;Erro no arquivo
3;650435562;TJPE97746202109231632366514448;ef8764055df38bf2a7fc717c53e061002f2049edb2494d69084cde837923af29;7;1632366514457;;0;0;0;TJPE;G1;;2021/TJPE/09/G1/TJPE97746202109231632366514448;False;2021-09-23 00:08:34.457;Erro no arquivo
4;650435545;TJPE22489202109231632366511669;242722e376a8f985bc4e2d4da0d27c08fd0aa66df677de654d9e7d11fdcfb693;7;1632366511676;;0;0;0;TJPE;G1;;2021/TJPE/09/G1/TJPE22489202109231632366511669;False;2021-09-23 00:08:31.676;Erro no arquivo
5;650435541;TJPE15059202109231632366509836;e82ea5b309e4e0fbb279751de1fcbad668186d08729070154859118a5495cbb6;7;1632366509844;;0;0;0;TJPE;G1;;2021/TJPE/09/G1/TJPE15059202109231632366509836;False;2021-09-23 00:08:29.844;Erro no arquivo
6;650435539;TJPE35898202109231632366507735;62811fc92450be1eacfafc0bbb35b51b89ddb4924de29c424d0992e908a9b3e6;7;1632366507753;;0;0;0;TJPE;G1;;2021/TJPE/09/G1/TJPE35898202109231632366507735;False;2021-09-23 00:08:27.753;Erro no arquivo
7;650435534;TJPE61903202109231632366505337;66180ef9ce590d632798cb15262990552f0d0c2764deb280c84387f2df8b646b;7;1632366505346;;0;0;0;TJPE;G1;;2021/TJPE/09/G1/TJPE61903202109231632366505337;False;2021-09-23 00:08:25.346;Erro no arquivo
8;650435528;TJPE39457202109231632366503463;1849bab18c122f7ae945462676c740e79cbe068407777569fc725c736214c9ed;7;1632366503472;;0;0;0;TJPE;G1;;2021/TJPE/09/G1/TJPE39457202109231632366503463;False;2021-09-23 00:08:23.472;Erro no arquivo
9;650435524;TJPE36389202109231632366501771;6dec6eaa88fcfba0ad99d0df6ad4b50688211b4e4ba794462c48d2634c490cc2;7;1632366501786;;0;0;0;TJPE;G1;;2021/TJPE/09/G1/TJPE36389202109231632366501771;False;2021-09-23 00:08:21.786;Erro no arquivo
10;650435519;TJPE45780202109231632366499708;6d77b505ec5339adeae75e3577be5d87bf8afb4a4a2a832ad0d68707a5b9ea9b;7;1632366499716;;0;0;0;TJPE;G1;;2021/TJPE/09/G1/TJPE45780202109231632366499708;False;2021-09-23 00:08:19.716;Erro no arquivo
11;650435509;TJPE72889202109231632366497896;b7357c611d81d7baa63f2bfc13647a618188634c9afb66676ce649d91ca7b35f;7;1632366497906;;0;0;0;TJPE;G1;;2021/TJPE/09/G1/TJPE72889202109231632366497896;False;2021-09-23 00:08:17.906;Erro no arquivo
12;650435507;TJPE50700202109231632366494933;538ac8519816f1aac6f5e25fe3ba5c8931d305ecd9961cd4c04cc00824893187;7;1632366494956;;0;0;0;TJPE;G1;;2021/TJPE/09/G1/TJPE50700202109231632366494933;False;2021-09-23 00:08:14.956;Erro no arquivo
13;650435501;TJPE86378202109231632366492833;b1e71be0cd9b98f90416e3b96f081f710f5e0dbb0fb1a309f5f05138f09c991a;3;1632366492841;;100;100;0;TJPE;JE;1015919.0;2021/TJPE/09/JE/TJPE86378202109231632366492833;False;2021-09-23 00:08:12.841;Processado com sucesso
14;650435495;TJPE23284202109231632366490564;6e45363969daecbc2dfb8ddec4dc239b57acbae9c7563feb03c770211c5b91ad;7;1632366490570;;0;0;0;TJPE;G1;;2021/TJPE/09/G1/TJPE23284202109231632366490564;False;2021-09-23 00:08:10.570;Erro no arquivo
15;650435484;TJPE63703202109231632366487404;38785cfc86252b17c7d2b29d1575c8a4152edb85cf6d370977f476e1c22b5862;7;1632366487411;;0;0;0;TJPE;G1;;2021/TJPE/09/G1/TJPE63703202109231632366487404;False;2021-09-23 00:08:07.411;Erro no arquivo
16;650435480;TJPE43934202109231632366481924;db8245fb9ffea483e5b6af08c773c619618cd51bacac0bb4b4e567df3d2ec6cc;7;1632366481934;;0;0;0;TJPE;G1;;2021/TJPE/09/G1/TJPE43934202109231632366481924;False;2021-09-23 00:08:01.934;Erro no arquivo
17;650435464;TJPE45129202109231632366474499;8cb72ece912e4b8d38bdbf9a6ad1726c56e1a6f3747904a22005ab4ebf6b8055;7;1632366474509;;0;0;0;TJPE;G1;;2021/TJPE/09/G1/TJPE45129202109231632366474499;False;2021-09-23 00:07:54.509;Erro no arquivo
18;650435443;TJPE75856202109231632366464126;b46bbcdae7dfd4e3e2fd3fc00228643b6db7e9be1b30bb67267f29735b1404d8;7;1632366464131;;0;0;0;TJPE;G1;;2021/TJPE/09/G1/TJPE75856202109231632366464126;False;2021-09-23 00:07:44.131;Erro no arquivo
19;650435430;TJPE55343202109231632366458112;5d26c86eda0c9deb5e61aa50dc366b176ed1c3529dc87822f79f70e581034002;7;1632366458125;;0;0;0;TJPE;G1;;2021/TJPE/09/G1/TJPE55343202109231632366458112;False;2021-09-23 00:07:38.125;Erro no arquivo
20;650435417;TJPE93865202109231632366452414;5651321a59e3337482f04fb71729ec015388805e73b67c50e7b081a0ac13333e;7;1632366452422;;0;0;0;TJPE;G1;;2021/TJPE/09/G1/TJPE93865202109231632366452414;False;2021-09-23 00:07:32.422;Erro no arquivo
21;650435408;TJPE74259202109231632366447693;f5e88b7bd0cedce9fe859ed8ea518642fb1847c2f000a416f3d203b67a69054b;7;1632366447702;;0;0;0;TJPE;G1;;2021/TJPE/09/G1/TJPE74259202109231632366447693;False;2021-09-23 00:07:27.702;Erro no arquivo
22;650435398;TJPE83906202109231632366442428;e78015a827b005e9a345ab0a05a045656b3f4f497d007b9516bdb2811b239fb1;3;1632366442437;;100;100;0;TJPE;JE;1094134.0;2021/TJPE/09/JE/TJPE83906202109231632366442428;False;2021-09-23 00:07:22.437;Processado com sucesso
23;650435384;TJPE96147202109231632366435627;902d5d29e51babe6737f267246aad33c05c4a1dded8b1ae8f0a4321bf1b52c32;7;1632366435650;;0;0;0;TJPE;G1;;2021/TJPE/09/G1/TJPE96147202109231632366435627;False;2021-09-23 00:07:15.650;Erro no arquivo
24;650435377;TJPE94567202109231632366431568;396805de661dd238f56ab50257da731340e97abef1a2d7da081bba98e573e11a;7;1632366431577;;0;0;0;TJPE;G1;;2021/TJPE/09/G1/TJPE94567202109231632366431568;False;2021-09-23 00:07:11.577;Erro no arquivo
25;650435370;TJPE33038202109231632366426192;3437ea3ac0a2540fb852e5402b6d173a3ed47197f3ed3d6e3bf5bf8c1533cac9;7;1632366426200;;0;0;0;TJPE;G1;;2021/TJPE/09/G1/TJPE33038202109231632366426192;False;2021-09-23 00:07:06.200;Erro no arquivo
26;650435339;TJPE49121202109231632366421214;fcbb5dcd79f593b88de960e98a7c88cd93a69db5a381bd49e290c617f7408889;7;1632366421221;;0;0;0;TJPE;G1;;2021/TJPE/09/G1/TJPE49121202109231632366421214;False;2021-09-23 00:07:01.221;Erro no arquivo
27;650435322;TJPE61160202109231632366416264;dcbcb88cb15187f6bafe2de38c2030c02e174ad79e01e885cd260f88e8370760;7;1632366416274;;0;0;0;TJPE;G1;;2021/TJPE/09/G1/TJPE61160202109231632366416264;False;2021-09-23 00:06:56.274;Erro no arquivo
28;650435296;TJPE23168202109231632366408541;87ead2406c6fd60ca1e0c3a2390346524e51bd6b8d3a29fd2e7909218b9076df;7;1632366408551;;0;0;0;TJPE;G1;;2021/TJPE/09/G1/TJPE23168202109231632366408541;False;2021-09-23 00:06:48.551;Erro no arquivo
29;650435268;TJPE80845202109231632366401838;1a4b854bcee1f8f805ab77d2d44a8dced4a6d3df2c085d7e850244641c8b2ad9;7;1632366401847;;0;0;0;TJPE;G1;;2021/TJPE/09/G1/TJPE80845202109231632366401838;False;2021-09-23 00:06:41.847;Erro no arquivo
30;650435256;TJPE45680202109231632366395759;0cd22aa092c8c3dd4982b0b4c460ed98baf25bcf38e9d1f2e38fca58602dd8ae;7;1632366395767;;0;0;0;TJPE;G1;;2021/TJPE/09/G1/TJPE45680202109231632366395759;False;2021-09-23 00:06:35.767;Erro no arquivo
31;650435243;TJPE30880202109231632366390985;8917c2fe3a4176f28b0599052d39962298e4c7471c88f849f7965ca15a91f1ba;7;1632366391001;;0;0;0;TJPE;G1;;2021/TJPE/09/G1/TJPE30880202109231632366390985;False;2021-09-23 00:06:31.001;Erro no arquivo
32;650435232;TJPE79991202109231632366386727;0198cbe30323477242cd8ee1d3e9261c424fa0cb772add5995bdabec6ed7c16b;7;1632366386735;;0;0;0;TJPE;G1;;2021/TJPE/09/G1/TJPE79991202109231632366386727;False;2021-09-23 00:06:26.735;Erro no arquivo
33;650435222;TJPE33751202109231632366382846;d8f0e350af92046ed29df6b33027358d09833433205be51c68300d41cd341637;7;1632366382855;;0;0;0;TJPE;G1;;2021/TJPE/09/G1/TJPE33751202109231632366382846;False;2021-09-23 00:06:22.855;Erro no arquivo
34;650435219;TJPE94388202109231632366378849;57fe03971429d6999537e949f39d7c22781904e3a335e8a23d9f578ad748c32b;7;1632366378860;;0;0;0;TJPE;G1;;2021/TJPE/09/G1/TJPE94388202109231632366378849;False;2021-09-23 00:06:18.860;Erro no arquivo
35;650435205;TJPE44086202109231632366373376;4aa3da7ffd70aed57e6a99ff29be7c36143048e3f749446b2c08ecca8da13906;7;1632366373388;;0;0;0;TJPE;G1;;2021/TJPE/09/G1/TJPE44086202109231632366373376;False;2021-09-23 00:06:13.388;Erro no arquivo
36;650435197;TJPE22818202109231632366368909;c94de18bd8da654be91964a1f9a90621cdd9e81402a018722e095c44c09da3f7;7;1632366368917;;0;0;0;TJPE;G1;;2021/TJPE/09/G1/TJPE22818202109231632366368909;False;2021-09-23 00:06:08.917;Erro no arquivo
37;650435180;TJPE85056202109231632366363436;62ea658ac616f1bc321672c223384614ad1180ff788157088509639b525e9c39;3;1632366363445;;93;93;0;TJPE;G1;1256022.0;2021/TJPE/09/G1/TJPE85056202109231632366363436;False;2021-09-23 00:06:03.445;Processado com sucesso
38;650435134;TJPE16589202109231632366353337;7d382ff37c4946871125508428b9c4df93056a540a81941161ef48bcd00c6814;7;1632366353346;;0;0;0;TJPE;G1;;2021/TJPE/09/G1/TJPE16589202109231632366353337;False;2021-09-23 00:05:53.346;Erro no arquivo
39;650435122;TJPE98312202109231632366348288;78642ed6957037d48b9cc561911934641979e18975c1d1646ed6bfad7a99727c;7;1632366348297;;0;0;0;TJPE;G1;;2021/TJPE/09/G1/TJPE98312202109231632366348288;False;2021-09-23 00:05:48.297;Erro no arquivo
0;650435108;TJPE74124202109231632366343215;e200b381c6964c643f0411f8767223c6acd6b4e42f06dafc2b3c6f3c279ac20c;7;1632366343223;;0;0;0;TJPE;G1;;2021/TJPE/09/G1/TJPE74124202109231632366343215;False;2021-09-23 00:05:43.223;Erro no arquivo
1;650435090;TJPE70838202109231632366335091;97beed21acb07f15ff461102acbbc1d3ca2d96215488a1f83dc6e89e32f7c98f;7;1632366335112;;0;0;0;TJPE;G1;;2021/TJPE/09/G1/TJPE70838202109231632366335091;False;2021-09-23 00:05:35.112;Erro no arquivo
2;650435077;TJPE46769202109231632366328828;fd96c83b24f758ad3eceb2e72e7396389d006ca1a96c66c84d162afb9f8df7c4;7;1632366328840;;0;0;0;TJPE;G1;;2021/TJPE/09/G1/TJPE46769202109231632366328828;False;2021-09-23 00:05:28.840;Erro no arquivo
3;650435065;TJPE59703202109231632366323579;f9f4abc576a7fd18c2526de484a3adb2cfa642bdd1d123910db6600fea3ebcd1;7;1632366323594;;0;0;0;TJPE;G1;;2021/TJPE/09/G1/TJPE59703202109231632366323579;False;2021-09-23 00:05:23.594;Erro no arquivo
4;650435057;TJPE11427202109231632366316200;4def905853999928424c8d6752b69d3e915c9de5cc040d3b33ccbd074e89ca72;7;1632366316219;;0;0;0;TJPE;G1;;2021/TJPE/09/G1/TJPE11427202109231632366316200;False;2021-09-23 00:05:16.219;Erro no arquivo
5;650435044;TJPE79463202109231632366311732;fb6eef8eecac5ca6c50b04ea707217d472a4ce00cfdf1733ad57d4a611279e94;7;1632366311743;;0;0;0;TJPE;G1;;2021/TJPE/09/G1/TJPE79463202109231632366311732;False;2021-09-23 00:05:11.743;Erro no arquivo
6;650435035;TJPE82953202109231632366307189;b28f52f237d71123298d540fb4b585793c19686c888b307ec97ff0fafaafaeac;7;1632366307198;;0;0;0;TJPE;G1;;2021/TJPE/09/G1/TJPE82953202109231632366307189;False;2021-09-23 00:05:07.198;Erro no arquivo
7;650435022;TJPE45373202109231632366301750;406c6991619234716c746a86edc32a7ed60c98f9bd3802f661b19d88353f265d;7;1632366301822;;0;0;0;TJPE;G1;;2021/TJPE/09/G1/TJPE45373202109231632366301750;False;2021-09-23 00:05:01.822;Erro no arquivo
8;650435011;TJPE45885202109231632366298275;69ebefc374641e63a6f514f0deff02c6d2a9624a932206720724732d8b9136ce;3;1632366298283;;100;100;0;TJPE;JE;1116379.0;2021/TJPE/09/JE/TJPE45885202109231632366298275;False;2021-09-23 00:04:58.283;Processado com sucesso
9;650435007;TJPE45325202109231632366294215;fb65167c7d80a04a262357311ed64fb1f6ee4a9ce413b63fd3e62570b9076d1b;3;1632366294223;;100;100;0;TJPE;JE;1042032.0;2021/TJPE/09/JE/TJPE45325202109231632366294215;False;2021-09-23 00:04:54.223;Processado com sucesso
10;650434993;TJPE46286202109231632366286419;b1519044e9f95fa7dc4c6545af2ec755a4c02c9226c97808c1e56297f1e22aea;7;1632366286426;;0;0;0;TJPE;G1;;2021/TJPE/09/G1/TJPE46286202109231632366286419;False;2021-09-23 00:04:46.426;Erro no arquivo
11;650434987;TJPE98842202109231632366280373;88ab2d143fdbdfe15385551b52b14190d744f5bd0eacd7777c7e416df5257fe3;7;1632366280382;;0;0;0;TJPE;G1;;2021/TJPE/09/G1/TJPE98842202109231632366280373;False;2021-09-23 00:04:40.382;Erro no arquivo
12;650434982;TJPE79566202109231632366275698;69cad9f0c90889efdb59366cc97b143a0543fc334be76a3423db06cb9f4b34dc;7;1632366275707;;0;0;0;TJPE;G1;;2021/TJPE/09/G1/TJPE79566202109231632366275698;False;2021-09-23 00:04:35.707;Erro no arquivo
13;650434971;TJPE54631202109231632366268231;5d80c55ec0872c303f9686b4fdfae5d8b8e1c80837e94ad5bdf0af94faea15c5;7;1632366268240;;0;0;0;TJPE;G1;;2021/TJPE/09/G1/TJPE54631202109231632366268231;False;2021-09-23 00:04:28.240;Erro no arquivo
14;650434965;TJPE71238202109231632366263394;332420edde0c40be590ec4c2bbb4a6f99e89d8b6b934f02a73e1aef5dd72db91;7;1632366263409;;0;0;0;TJPE;G1;;2021/TJPE/09/G1/TJPE71238202109231632366263394;False;2021-09-23 00:04:23.409;Erro no arquivo
15;650434955;TJPE97249202109231632366257146;b115b46aa143bbd54e361396c60333e44e800c62e83b63dfe486cdd49790960a;7;1632366257166;;0;0;0;TJPE;G1;;2021/TJPE/09/G1/TJPE97249202109231632366257146;False;2021-09-23 00:04:17.166;Erro no arquivo
16;650434951;TJPE38931202109231632366254040;b683349baaec43bc847d00ae5a99a1770cbe41b5ffe2ac6d7dc77ce289ba88cc;7;1632366254057;;0;0;0;TJPE;G1;;2021/TJPE/09/G1/TJPE38931202109231632366254040;False;2021-09-23 00:04:14.057;Erro no arquivo
17;650434929;TJPE12879202109231632366237850;873a0100fc9da291d9f6b376a8ea8d8e2b6177d136b4bcb81685ca1257166722;7;1632366237864;;0;0;0;TJPE;G1;;2021/TJPE/09/G1/TJPE12879202109231632366237850;False;2021-09-23 00:03:57.864;Erro no arquivo
18;650434924;TJPE31938202109231632366233594;9a2590f0869373d3df4839aa4f40f11f134a767ad8cad6d27933fb911e21f7b1;7;1632366233604;;0;0;0;TJPE;G1;;2021/TJPE/09/G1/TJPE31938202109231632366233594;False;2021-09-23 00:03:53.604;Erro no arquivo
19;650434907;TJPE66460202109231632366225054;bd7e99563d718117bbd75542cc2388927e894e1362716fd8b168271b65b6ead2;7;1632366225065;;0;0;0;TJPE;G1;;2021/TJPE/09/G1/TJPE66460202109231632366225054;False;2021-09-23 00:03:45.065;Erro no arquivo
20;650434902;TJPE76957202109231632366221311;cdbd561d218cce29067fd504c868ddcf75c9a51bda6171ecd424eb65ac2653aa;7;1632366221320;;0;0;0;TJPE;G1;;2021/TJPE/09/G1/TJPE76957202109231632366221311;False;2021-09-23 00:03:41.320;Erro no arquivo
21;650434890;TJPE14949202109231632366215688;f4cad1b444f6243275b4b759d2b6294c77ed79a1dfb91d26ab9f311b4d4659e2;7;1632366215702;;0;0;0;TJPE;G1;;2021/TJPE/09/G1/TJPE14949202109231632366215688;False;2021-09-23 00:03:35.702;Erro no arquivo
22;650434872;TJPE59225202109231632366210598;efd1014c3e137ffc708eae7fe114fbbcf5a43f7663951760fb9a26d5a702ea01;7;1632366210605;;0;0;0;TJPE;G1;;2021/TJPE/09/G1/TJPE59225202109231632366210598;False;2021-09-23 00:03:30.605;Erro no arquivo
23;650434860;TJPE37867202109231632366206246;232e6fd5258a2b8cc76ec3048aae730ab7af728b707ae55d8d98428428a392ba;3;1632366206258;;100;100;0;TJPE;JE;1065139.0;2021/TJPE/09/JE/TJPE37867202109231632366206246;False;2021-09-23 00:03:26.258;Processado com sucesso
24;650434848;TJPE25129202109231632366200267;e43e1c8c60d30808225fde5971282b956cedd37177cd90244f2fc5e806bdabb4;7;1632366200279;;0;0;0;TJPE;G1;;2021/TJPE/09/G1/TJPE25129202109231632366200267;False;2021-09-23 00:03:20.279;Erro no arquivo
25;650434838;TJPE95324202109231632366193832;c0c77f5a19f3d87006b7f10c131a38e96553d3d420fbd638755d7ef0fc4dc62d;7;1632366193841;;0;0;0;TJPE;G1;;2021/TJPE/09/G1/TJPE95324202109231632366193832;False;2021-09-23 00:03:13.841;Erro no arquivo
26;650434827;TJPE62782202109231632366187778;27e40f25d1e6b99a363da03f2683c3ef91366002360be6bbc92eea7366895c5a;7;1632366187786;;0;0;0;TJPE;G1;;2021/TJPE/09/G1/TJPE62782202109231632366187778;False;2021-09-23 00:03:07.786;Erro no arquivo
27;650434823;TJPE86101202109231632366183012;1d831f2597501f6737a7a1f1adb30e5a5da5c6ec7e8d6159eeff7bd7b5982fc5;3;1632366183026;;100;100;0;TJPE;JE;1261997.0;2021/TJPE/09/JE/TJPE86101202109231632366183012;False;2021-09-23 00:03:03.026;Processado com sucesso
28;650434810;TJPE11073202109231632366178023;721e48c4787ff70d608efb89d94abfd07a75cd9d4316aa232536c9528ff99751;3;1632366178034;;97;97;0;TJPE;G1;1224313.0;2021/TJPE/09/G1/TJPE11073202109231632366178023;False;2021-09-23 00:02:58.034;Processado com sucesso
29;650434800;TJPE64994202109231632366175433;02638eaf74904691b53b545b7c132ee960a8ede1db78d687cfbd45a64a9c7450;7;1632366175448;;0;0;0;TJPE;G1;;2021/TJPE/09/G1/TJPE64994202109231632366175433;False;2021-09-23 00:02:55.448;Erro no arquivo
30;650434797;TJPE76806202109231632366172744;0550f6ccaa633df32708739f848105d437bce6e3d14d41d848706b8b839d3e0f;7;1632366172754;;0;0;0;TJPE;G1;;2021/TJPE/09/G1/TJPE76806202109231632366172744;False;2021-09-23 00:02:52.754;Erro no arquivo
31;650434790;TJPE29823202109231632366171070;5c5073cc04e608bb6bd2fe95fe253a65c504af10f8558ba678a697f299e3dbb0;3;1632366171078;;100;100;0;TJPE;JE;1164744.0;2021/TJPE/09/JE/TJPE29823202109231632366171070;False;2021-09-23 00:02:51.078;Processado com sucesso
32;650434776;TJPE19224202109231632366169014;25e1d3e3d47c92073df0f16e63e5e8f1cf695783d57725ba6ea2e1c5e1ca6e98;7;1632366169027;;0;0;0;TJPE;G1;;2021/TJPE/09/G1/TJPE19224202109231632366169014;False;2021-09-23 00:02:49.027;Erro no arquivo
33;650434770;TJPE49277202109231632366167147;be5ff4f3d0bc4687456c1de44ab67220de947687cb1469f7b63cffc969c6cf79;7;1632366167156;;0;0;0;TJPE;G1;;2021/TJPE/09/G1/TJPE49277202109231632366167147;False;2021-09-23 00:02:47.156;Erro no arquivo
34;650434764;TJPE93488202109231632366164641;e014caf4c70be719bb8a65bbee3fcbd1d205a54f73eb0e5bf282dd4aa8862b95;7;1632366164653;;0;0;0;TJPE;G1;;2021/TJPE/09/G1/TJPE93488202109231632366164641;False;2021-09-23 00:02:44.653;Erro no arquivo
35;650434762;TJPE36280202109231632366162065;29ff7610f7bab8bca32005ab4e0ef30f1f67ec54a763d20ba011f0e8b7d83927;7;1632366162073;;0;0;0;TJPE;JE;;2021/TJPE/09/JE/TJPE36280202109231632366162065;False;2021-09-23 00:02:42.073;Erro no arquivo
36;650434759;TJPE42166202109231632366159527;b2f06142efad75f73106a09cc18b1c37fcb438b9138d06d4064bfff7c5edd5b0;3;1632366159534;;100;100;0;TJPE;JE;965511.0;2021/TJPE/09/JE/TJPE42166202109231632366159527;False;2021-09-23 00:02:39.534;Processado com sucesso
37;650434752;TJPE54942202109231632366157321;61cb8e0d0e02748fdaf7f78400cb20802c0b97b38108948af468051523f09f7f;7;1632366157329;;0;0;0;TJPE;G1;;2021/TJPE/09/G1/TJPE54942202109231632366157321;False;2021-09-23 00:02:37.329;Erro no arquivo
38;650434750;TJPE66925202109231632366154839;4157a4db9a2a04355b107178d4023b936ff14d138b4525a0186029f3bb0b89c7;3;1632366154848;;100;100;0;TJPE;JE;1177102.0;2021/TJPE/09/JE/TJPE66925202109231632366154839;False;2021-09-23 00:02:34.848;Processado com sucesso
39;650434744;TJPE20560202109231632366152207;65019d09b03ecce6f226dc44f3ac359a8b0ecaa1c44b2d98570c0c3de98281e9;7;1632366152216;;0;0;0;TJPE;G1;;2021/TJPE/09/G1/TJPE20560202109231632366152207;False;2021-09-23 00:02:32.216;Erro no arquivo
0;650434743;TJPE98501202109231632366150146;d3b0da30ec23cd1f52b4a89971c5ff019120315860d7ed8942d9a4c0dd292773;7;1632366150171;;0;0;0;TJPE;G1;;2021/TJPE/09/G1/TJPE98501202109231632366150146;False;2021-09-23 00:02:30.171;Erro no arquivo
1;650434739;TJPE53781202109231632366146850;4c6e80a5edef01ecb390265c6b7c12c40f651010e001379dafd7dfa68ca1b16b;7;1632366146859;;0;0;0;TJPE;G1;;2021/TJPE/09/G1/TJPE53781202109231632366146850;False;2021-09-23 00:02:26.859;Erro no arquivo
2;650434722;TJPE57505202109231632366137158;7417592b2fd19aa5ba42e6875c3a7c94f96d5735d7c90798f73179e41486f446;7;1632366137167;;0;0;0;TJPE;G1;;2021/TJPE/09/G1/TJPE57505202109231632366137158;False;2021-09-23 00:02:17.167;Erro no arquivo
3;650434717;TJPE27288202109231632366134421;4e4f788e8fd8ec0aeed873fa2bb74c3f0e1528cdff7569d6740015aa95e0a3ab;7;1632366134429;;0;0;0;TJPE;G1;;2021/TJPE/09/G1/TJPE27288202109231632366134421;False;2021-09-23 00:02:14.429;Erro no arquivo
4;650434711;TJPE13205202109231632366130017;c530b77e75440fd6bd424faedc30cb81e8423a79c2f8b7d2880a8ba7465d2620;7;1632366130026;;0;0;0;TJPE;G1;;2021/TJPE/09/G1/TJPE13205202109231632366130017;False;2021-09-23 00:02:10.026;Erro no arquivo
5;650434700;TJPE26956202109231632366123694;f294a97958bfcc6a5664565687a75834128ad42eca1276e32eab508e7bec52a5;3;1632366123707;;100;100;0;TJPE;G1;1716993.0;2021/TJPE/09/G1/TJPE26956202109231632366123694;False;2021-09-23 00:02:03.707;Processado com sucesso
6;650434689;TJPE47481202109231632366114781;6af3dd17ac47c46fa649a4760ebe2bad75d69e638e646e5541659cc2b16736c3;7;1632366114790;;0;0;0;TJPE;G1;;2021/TJPE/09/G1/TJPE47481202109231632366114781;False;2021-09-23 00:01:54.790;Erro no arquivo
7;650434683;TJPE41333202109231632366108788;cb34784d0b39a0ba69cbc7ae6184f0e67b03903f094cee9c7c7f487a0435641d;7;1632366108811;;0;0;0;TJPE;G1;;2021/TJPE/09/G1/TJPE41333202109231632366108788;False;2021-09-23 00:01:48.811;Erro no arquivo
8;650434677;TJPE41760202109231632366103174;38d48cfded4dbd6f01161179320f7e3655a66b17bb5a27c14972331efe4df4bc;7;1632366103183;;0;0;0;TJPE;G1;;2021/TJPE/09/G1/TJPE41760202109231632366103174;False;2021-09-23 00:01:43.183;Erro no arquivo
9;650434664;TJPE77173202109231632366093846;c6ff574e7d758e75755af0a7cc09085b7bf6fdbf3f1f376252c615152a5d8fef;7;1632366093853;;0;0;0;TJPE;G1;;2021/TJPE/09/G1/TJPE77173202109231632366093846;False;2021-09-23 00:01:33.853;Erro no arquivo
10;650434656;TJPE13675202109231632366088678;4ce882a24c739dd21bd01244ce32df3c53a98e9a5fb87e69117ff7a9ee04e257;7;1632366088688;;0;0;0;TJPE;G1;;2021/TJPE/09/G1/TJPE13675202109231632366088678;False;2021-09-23 00:01:28.688;Erro no arquivo
11;650434638;TJPE59597202109231632366082664;8f6343103f03c5097f0b79ed45ba7a388e1be810b91192caa8cc982f24a31751;7;1632366082669;;0;0;0;TJPE;G1;;2021/TJPE/09/G1/TJPE59597202109231632366082664;False;2021-09-23 00:01:22.669;Erro no arquivo
12;650434632;TJPE65908202109231632366078194;55f865e418fe4e6d76cb082241576c591c444d189d98136ba6e17b680d4a0ecc;3;1632366078207;;100;100;0;TJPE;JE;1017999.0;2021/TJPE/09/JE/TJPE65908202109231632366078194;False;2021-09-23 00:01:18.207;Processado com sucesso
13;650434626;TJPE89566202109231632366072787;3715e78f0349fb26af815d31741500d4322c89767155f514be66c4b284997bad;7;1632366072799;;0;0;0;TJPE;G1;;2021/TJPE/09/G1/TJPE89566202109231632366072787;False;2021-09-23 00:01:12.799;Erro no arquivo
14;650434621;TJPE45724202109231632366067800;b08f98c89ab47c5021181f6b367b3d837bfe2e8c3ea4629f34f7f5c313d7c13d;7;1632366067822;;0;0;0;TJPE;G1;;2021/TJPE/09/G1/TJPE45724202109231632366067800;False;2021-09-23 00:01:07.822;Erro no arquivo
15;650434611;TJPE40549202109231632366062088;9014006c4807276e999af51b2a0c20bf165e2147332e1279cbccbdbb23bb0be9;3;1632366062107;;100;100;0;TJPE;JE;1096101.0;2021/TJPE/09/JE/TJPE40549202109231632366062088;False;2021-09-23 00:01:02.107;Processado com sucesso
16;650434595;TJPE96260202109231632366056040;cda58edbaea23cbf784bba8619cf794fcceb3063913fccfd6e0a325569161a1b;7;1632366056049;;0;0;0;TJPE;G1;;2021/TJPE/09/G1/TJPE96260202109231632366056040;False;2021-09-23 00:00:56.049;Erro no arquivo
17;650434592;TJPE78591202109231632366052002;0ed9b8956ac3b4e122f20399a70123882a82ebf4c93cc930b076e125486790a2;7;1632366052008;;0;0;0;TJPE;G1;;2021/TJPE/09/G1/TJPE78591202109231632366052002;False;2021-09-23 00:00:52.008;Erro no arquivo
18;650434576;TJPE47291202109231632366043753;a8c17e44030115eb95f6c7a72b8b570644b551268485e5155ab784aa94f6a231;7;1632366043782;;0;0;0;TJPE;G1;;2021/TJPE/09/G1/TJPE47291202109231632366043753;False;2021-09-23 00:00:43.782;Erro no arquivo
19;650434553;TJPE68896202109231632366026456;708699ac5d6b9abe1dd0c9c6e8f6cb3a721bd8a6a49d4d99bdacadc648f7d1fc;7;1632366026479;;0;0;0;TJPE;G1;;2021/TJPE/09/G1/TJPE68896202109231632366026456;False;2021-09-23 00:00:26.479;Erro no arquivo
20;650434544;TJPE74269202109231632366021903;be12686f29a0533199112be0f1542ff8c5bd27c117566bae57b9d2d0c8f0aa89;7;1632366021918;;0;0;0;TJPE;G1;;2021/TJPE/09/G1/TJPE74269202109231632366021903;False;2021-09-23 00:00:21.918;Erro no arquivo
21;650434538;TJPE70959202109231632366017745;dd774933e60ab97ba49d9679a233cf6fbd71c730af081f4ef2a7755f58475d1f;7;1632366017755;;0;0;0;TJPE;G1;;2021/TJPE/09/G1/TJPE70959202109231632366017745;False;2021-09-23 00:00:17.755;Erro no arquivo
22;650434535;TJPE14633202109231632366011779;568bd858c6d91fe7ca3f6ce42e4e4e76a4dc801007ed38151ce11d5e903e7159;7;1632366011786;;0;0;0;TJPE;G1;;2021/TJPE/09/G1/TJPE14633202109231632366011779;False;2021-09-23 00:00:11.786;Erro no arquivo
23;650434522;TJPE27236202109231632366003334;b6a5b3526bb3579f13582ff9c40377ba78751df1479daf63678fd363027e1f31;7;1632366003345;;0;0;0;TJPE;G1;;2021/TJPE/09/G1/TJPE27236202109231632366003334;False;2021-09-23 00:00:03.345;Erro no arquivo
24;650434516;TJPE58399202109231632365997407;403cbc200fba971ec74e27254dd307c73e505207f9bd7a2cc127d892971daadd;7;1632365997433;;0;0;0;TJPE;G1;;2021/TJPE/09/G1/TJPE58399202109231632365997407;False;2021-09-22 23:59:57.433;Erro no arquivo
25;650434506;TJPE95232202109231632365988909;e84d33c20e4da269385e26010cdb3bcdad2e04e68c23eb9e1a6214b5369a8fef;7;1632365988917;;0;0;0;TJPE;G1;;2021/TJPE/09/G1/TJPE95232202109231632365988909;False;2021-09-22 23:59:48.917;Erro no arquivo
26;650434498;TJPE29770202109231632365981795;167b32be124f6c440849db7eeae36cf98efa4a653e310b64cb882196586c58a5;7;1632365981817;;0;0;0;TJPE;G1;;2021/TJPE/09/G1/TJPE29770202109231632365981795;False;2021-09-22 23:59:41.817;Erro no arquivo
27;650434492;TJPE22810202109231632365976867;b92531a3bf4c453fece69c9e5690d9a35cfda14229a867b371317bafba2be2ab;3;1632365976875;;100;100;0;TJPE;JE;1024980.0;2021/TJPE/09/JE/TJPE22810202109231632365976867;False;2021-09-22 23:59:36.875;Processado com sucesso
28;650434484;TJPE31243202109231632365969808;cabe02c1458a034c31bd4f4a4e6c8c0d43e0553fb4ca7f3c6921afee6fb09d82;7;1632365969815;;0;0;0;TJPE;G1;;2021/TJPE/09/G1/TJPE31243202109231632365969808;False;2021-09-22 23:59:29.815;Erro no arquivo
29;650434476;TJPE79672202109231632365960879;407735139240cecb17cec1507426ae8cbba5e1800ccacf628f7d6d9614f18fd2;7;1632365960891;;0;0;0;TJPE;G1;;2021/TJPE/09/G1/TJPE79672202109231632365960879;False;2021-09-22 23:59:20.891;Erro no arquivo
30;650434472;TJPE24294202109231632365955225;345052de74485535a61988e10c8c7296403b9393bc442f56c894bdc53c39760a;3;1632365955246;;90;90;0;TJPE;G1;886433.0;2021/TJPE/09/G1/TJPE24294202109231632365955225;False;2021-09-22 23:59:15.246;Processado com sucesso
31;650434469;TJPE73402202109231632365949788;57756e243d68e9eb115a4a3593ada23f645559ba23d56ebca27bf3245bea5864;3;1632365949817;;100;100;0;TJPE;G1;1981444.0;2021/TJPE/09/G1/TJPE73402202109231632365949788;False;2021-09-22 23:59:09.817;Processado com sucesso
32;650434462;TJPE40891202109231632365944604;801ebb292a44649bf3e6f26886dbed20a9b6c2a352e0017917301e46ca9ae33c;7;1632365944670;;0;0;0;TJPE;G1;;2021/TJPE/09/G1/TJPE40891202109231632365944604;False;2021-09-22 23:59:04.670;Erro no arquivo
33;650434449;TJPE20291202109231632365937667;28ec9c866416f15be89d5c6c029b617a16885cd36724699f154a4eb7efc63770;7;1632365937675;;0;0;0;TJPE;G1;;2021/TJPE/09/G1/TJPE20291202109231632365937667;False;2021-09-22 23:58:57.675;Erro no arquivo
34;650434448;TJPE58770202109231632365933256;e1215f15b83d806144190442e40efbf96d0e86987c19c34705beb9f0f0db51cf;7;1632365933269;;0;0;0;TJPE;G1;;2021/TJPE/09/G1/TJPE58770202109231632365933256;False;2021-09-22 23:58:53.269;Erro no arquivo
35;650434434;TJPE89230202109231632365925442;241a5bd2171fa28cb564cdae943ce031c5a50cec9fe1a7c540bfedd1fe6bcb67;3;1632365925459;;100;100;0;TJPE;JE;1194096.0;2021/TJPE/09/JE/TJPE89230202109231632365925442;False;2021-09-22 23:58:45.459;Processado com sucesso
36;650434422;TJPE55049202109231632365920470;fe4abc437ebeb8073556fc40758e3d4f66a46028f54d6041237ef29e09dcaf61;7;1632365920487;;0;0;0;TJPE;G1;;2021/TJPE/09/G1/TJPE55049202109231632365920470;False;2021-09-22 23:58:40.487;Erro no arquivo
37;650434416;TJPE75395202109231632365916422;62f71ac6635c4b07eb999180ae3d2bf0e4d58a26fbedcfa582b0e80b4b5c4cc3;3;1632365916432;;81;81;0;TJPE;G1;859968.0;2021/TJPE/09/G1/TJPE75395202109231632365916422;False;2021-09-22 23:58:36.432;Processado com sucesso
38;650434413;TJPE46763202109231632365912849;911bc36e04a7b48581a2186bdb5bcb7a77da698b343b7c5d57a168baeae04103;7;1632365912862;;0;0;0;TJPE;G1;;2021/TJPE/09/G1/TJPE46763202109231632365912849;False;2021-09-22 23:58:32.862;Erro no arquivo
39;650434411;TJPE88040202109231632365911386;8eed27f97a7357e9f703cdfb839e991b1ed1128c6fe2e475b524af6cf554f160;7;1632365911395;;0;0;0;TJPE;G1;;2021/TJPE/09/G1/TJPE88040202109231632365911386;False;2021-09-22 23:58:31.395;Erro no arquivo
0;650434406;TJPE62095202109231632365909327;737814395ce585e2fa053716c03eeba64d132e2a008957ff11ebbdee8b6b300b;7;1632365909336;;0;0;0;TJPE;G1;;2021/TJPE/09/G1/TJPE62095202109231632365909327;False;2021-09-22 23:58:29.336;Erro no arquivo
1;650434403;TJPE13174202109231632365906382;1a918315097b7e8c49c1b5e41d6e623a8daca1f4d3b806b4fac8b676aca0237f;7;1632365906391;;0;0;0;TJPE;G1;;2021/TJPE/09/G1/TJPE13174202109231632365906382;False;2021-09-22 23:58:26.391;Erro no arquivo
2;650434398;TJPE36610202109231632365904322;1105e756fc4ee21760e11e6ac63f5f159c7169ec5f0369ef0bb92c25abd9ace0;7;1632365904331;;0;0;0;TJPE;G1;;2021/TJPE/09/G1/TJPE36610202109231632365904322;False;2021-09-22 23:58:24.331;Erro no arquivo
3;650434396;TJPE17328202109231632365902106;d429b5177ed52e13dc0b2ddddd20b93bf47edff7ba6ffefef0d2f6e75f883892;7;1632365902132;;0;0;0;TJPE;G1;;2021/TJPE/09/G1/TJPE17328202109231632365902106;False;2021-09-22 23:58:22.132;Erro no arquivo
4;650434390;TJPE85328202109231632365899779;f22aea1cca67a13ed8f474d78fe375893b8270cda69f34fa4fe2c676030f2395;7;1632365899785;;0;0;0;TJPE;G1;;2021/TJPE/09/G1/TJPE85328202109231632365899779;False;2021-09-22 23:58:19.785;Erro no arquivo
5;650434387;TJPE23028202109231632365898019;34d27327a31bffafe2384795378013a3fa7d5ffa2cb4385562ac2192c85b9e48;7;1632365898048;;0;0;0;TJPE;G1;;2021/TJPE/09/G1/TJPE23028202109231632365898019;False;2021-09-22 23:58:18.048;Erro no arquivo
6;650434384;TJPE62267202109231632365895979;cda3cdcb736f480ae9988c68bdb2c51e7ab80bacf919235751429da2fd7c1fcf;7;1632365895988;;0;0;0;TJPE;G1;;2021/TJPE/09/G1/TJPE62267202109231632365895979;False;2021-09-22 23:58:15.988;Erro no arquivo
7;650434382;TJPE14623202109231632365894051;c2a10e071993d6e76263d7649c63616a304020abd1e6cdb03a884e582ffca34d;3;1632365894059;;100;100;0;TJPE;JE;1041158.0;2021/TJPE/09/JE/TJPE14623202109231632365894051;False;2021-09-22 23:58:14.059;Processado com sucesso
8;650434379;TJPE93185202109231632365892231;7ef67fa5d549c92f32e1e7a3efb36bd4916ffa529153e5f96d54f24a41285545;3;1632365892241;;100;100;0;TJPE;JE;1274569.0;2021/TJPE/09/JE/TJPE93185202109231632365892231;False;2021-09-22 23:58:12.241;Processado com sucesso
9;650434373;TJPE32178202109231632365889932;ad75e41effb2468e48abd4d165ce53facfad6232c52c6a73c7ea22795a2c0fed;7;1632365889940;;0;0;0;TJPE;G1;;2021/TJPE/09/G1/TJPE32178202109231632365889932;False;2021-09-22 23:58:09.940;Erro no arquivo
10;650434367;TJPE60235202109231632365888119;10e40d84ba17ea0293e2e61701910762753d0afbd019ee33e578df5e5d634ceb;3;1632365888127;;100;100;0;TJPE;JE;1040996.0;2021/TJPE/09/JE/TJPE60235202109231632365888119;False;2021-09-22 23:58:08.127;Processado com sucesso
11;650434363;TJPE73735202109231632365886184;ee4f2df8f0d8e5d5e61e28cf8b8912be6f20c2274118fd9eb70f07c9415486e8;7;1632365886192;;0;0;0;TJPE;G1;;2021/TJPE/09/G1/TJPE73735202109231632365886184;False;2021-09-22 23:58:06.192;Erro no arquivo
12;650434362;TJPE92132202109231632365884490;47d297332c51cc09647c55c0401dfcc4b96a2dd9a2be43c426a5e82a476849c0;3;1632365884499;;100;100;0;TJPE;JE;1203223.0;2021/TJPE/09/JE/TJPE92132202109231632365884490;False;2021-09-22 23:58:04.499;Processado com sucesso
13;650434360;TJPE88910202109231632365882435;7fcb994d3519784e808ee873fea26185e0804e555b3d4764be37a69c3df83fdd;7;1632365882441;;0;0;0;TJPE;G1;;2021/TJPE/09/G1/TJPE88910202109231632365882435;False;2021-09-22 23:58:02.441;Erro no arquivo
14;650434356;TJPE83069202109231632365881000;869b3b029874736433de6b6b6f0b5fef67396116ccf86ed3c0b59fd5333ccc91;3;1632365881009;;100;100;0;TJPE;JE;1051822.0;2021/TJPE/09/JE/TJPE83069202109231632365881000;False;2021-09-22 23:58:01.009;Processado com sucesso
15;650434351;TJPE52825202109231632365879269;ecc258b72cdc553b86d921583be9dc1e72e6fc596e034acd7538a6825f3ad818;7;1632365879274;;0;0;0;TJPE;G1;;2021/TJPE/09/G1/TJPE52825202109231632365879269;False;2021-09-22 23:57:59.274;Erro no arquivo
16;650434347;TJPE72020202109231632365877648;1b5c771eb279500161e29e42a1b83290bdf0a5d8d78f20adda9bd1ec900dc81a;3;1632365877662;;100;100;0;TJPE;G1;1866922.0;2021/TJPE/09/G1/TJPE72020202109231632365877648;False;2021-09-22 23:57:57.662;Processado com sucesso
17;650434343;TJPE93195202109231632365875081;7c52f583232cbd569232bf3e294adea1debfb46801bebbfde84a662a0ecc3d8a;7;1632365875106;;0;0;0;TJPE;G1;;2021/TJPE/09/G1/TJPE93195202109231632365875081;False;2021-09-22 23:57:55.106;Erro no arquivo
18;650434338;TJPE23512202109231632365872867;3ac44b31467d35301114b66579487c7575edcbce799712dcbd538e11638d828a;7;1632365872886;;0;0;0;TJPE;G1;;2021/TJPE/09/G1/TJPE23512202109231632365872867;False;2021-09-22 23:57:52.886;Erro no arquivo
19;650434337;TJPE94020202109231632365870871;487d7cad090e2d939c4f285c2b1dcd98831b1321fd75c113a406e665eb34afb5;7;1632365870879;;0;0;0;TJPE;G1;;2021/TJPE/09/G1/TJPE94020202109231632365870871;False;2021-09-22 23:57:50.879;Erro no arquivo
20;650434335;TJPE36091202109231632365868852;643335006f9ae9799d52613b8102b11182623271bfff0c9221e7a1d01c9efcf6;7;1632365868861;;0;0;0;TJPE;G1;;2021/TJPE/09/G1/TJPE36091202109231632365868852;False;2021-09-22 23:57:48.861;Erro no arquivo
21;650434332;TJPE28457202109231632365866973;a3c1bb3b4e6c098004cfbea3febc94d7f3fa939da5ec4b32c51e13733f129df4;3;1632365866985;;100;100;0;TJPE;JE;1003414.0;2021/TJPE/09/JE/TJPE28457202109231632365866973;False;2021-09-22 23:57:46.985;Processado com sucesso
22;650434330;TJPE77507202109231632365864035;85048ad87ed9db37143c3fe7746117ede58dd28fc3e0c24fcebd6227e4a2c46b;7;1632365864046;;0;0;0;TJPE;G1;;2021/TJPE/09/G1/TJPE77507202109231632365864035;False;2021-09-22 23:57:44.046;Erro no arquivo
23;650434325;TJPE82137202109231632365861838;228ca04bfe3b53b8267ea258887386288b13a49319f19fcbc2c9096347e6ccd4;3;1632365861855;;100;100;0;TJPE;G1;1392858.0;2021/TJPE/09/G1/TJPE82137202109231632365861838;False;2021-09-22 23:57:41.855;Processado com sucesso
24;650434322;TJPE24908202109231632365859754;26f544759ed163710cafdf5d775ac61015970f5fa336dce0ae95f11097fe26ef;7;1632365859763;;0;0;0;TJPE;G1;;2021/TJPE/09/G1/TJPE24908202109231632365859754;False;2021-09-22 23:57:39.763;Erro no arquivo
25;650434310;TJPE71411202109231632365856981;45eafa0acf81b4469981d4bf9fb7bc02fcd54dc3fa3e0993e0dcaeb2afaeb6c8;7;1632365856991;;0;0;0;TJPE;G1;;2021/TJPE/09/G1/TJPE71411202109231632365856981;False;2021-09-22 23:57:36.991;Erro no arquivo
26;650434306;TJPE56896202109231632365855005;7fba4f9d3019b8a72bd7f72813be3dbc99c506820191c920caf2ec2e3c64caa9;7;1632365855014;;0;0;0;TJPE;G1;;2021/TJPE/09/G1/TJPE56896202109231632365855005;False;2021-09-22 23:57:35.014;Erro no arquivo
27;650434299;TJPE77695202109231632365853044;d92536371de73bf2baf4de307b507c4a3fdc2e4f9ebb34d9ac6fd8e91b8f6c62;7;1632365853051;;0;0;0;TJPE;G1;;2021/TJPE/09/G1/TJPE77695202109231632365853044;False;2021-09-22 23:57:33.051;Erro no arquivo
28;650434298;TJPE10508202109231632365851365;3acedbc8767ac29e1307ccb6de9a1d50e8944e9ccccc1a4dfb13fec51501852b;7;1632365851373;;0;0;0;TJPE;G1;;2021/TJPE/09/G1/TJPE10508202109231632365851365;False;2021-09-22 23:57:31.373;Erro no arquivo
29;650434292;TJPE23434202109231632365845961;3db642b3351db676522249364af91685484f95307f5030203cfa84c3c9bc9970;7;1632365845968;;0;0;0;TJPE;G1;;2021/TJPE/09/G1/TJPE23434202109231632365845961;False;2021-09-22 23:57:25.968;Erro no arquivo
30;650434290;TJPE60014202109231632365842451;1978e6143a4a1a05dcb0c771ae509d9fc0840b37245093db54cee52479f31433;7;1632365842465;;0;0;0;TJPE;G1;;2021/TJPE/09/G1/TJPE60014202109231632365842451;False;2021-09-22 23:57:22.465;Erro no arquivo
31;650434282;TJPE33817202109231632365833334;4f2c083e8cb39fdc0ed8f021918d357cb99932988fbb966325a0811895f6a37a;7;1632365833352;;0;0;0;TJPE;G1;;2021/TJPE/09/G1/TJPE33817202109231632365833334;False;2021-09-22 23:57:13.352;Erro no arquivo
32;650434273;TJPE50671202109231632365826879;f9705d052993ee63dc4a06da1b8581e419a65b7ce839f633ac6a3565ee7f03c3;3;1632365826887;;100;100;0;TJPE;JE;1070594.0;2021/TJPE/09/JE/TJPE50671202109231632365826879;False;2021-09-22 23:57:06.887;Processado com sucesso
33;650434269;TJPE69244202109231632365823674;e25dd7e2649230f841fe567b082bbd87d3635a0b64a6353171bb37abfa39d44f;7;1632365823682;;0;0;0;TJPE;G1;;2021/TJPE/09/G1/TJPE69244202109231632365823674;False;2021-09-22 23:57:03.682;Erro no arquivo
34;650434262;TJPE44337202109231632365817131;28d6bb68f73a9638a0d53ad96e7e1179934850a9d8edf490e8eceae805eb5427;7;1632365817140;;0;0;0;TJPE;G1;;2021/TJPE/09/G1/TJPE44337202109231632365817131;False;2021-09-22 23:56:57.140;Erro no arquivo
35;650434258;TJPE81489202109231632365815194;773c89871cb552eedd8020a27d3199dc3f403efc5ab043d26904893f3db60943;7;1632365815207;;0;0;0;TJPE;G1;;2021/TJPE/09/G1/TJPE81489202109231632365815194;False;2021-09-22 23:56:55.207;Erro no arquivo
36;650434257;TJPE46633202109231632365813394;d9fd1b627b468f31db06c415fe2526d8e4d1efdf7406da4d07ba5a9968c8c18b;3;1632365813402;;88;88;0;TJPE;G1;1037201.0;2021/TJPE/09/G1/TJPE46633202109231632365813394;False;2021-09-22 23:56:53.402;Processado com sucesso
37;650434255;TJPE44232202109231632365810939;bddd2c73335afda61563754ed8326fe92a2796dd81720438580730b47589b9bb;7;1632365810960;;0;0;0;TJPE;G1;;2021/TJPE/09/G1/TJPE44232202109231632365810939;False;2021-09-22 23:56:50.960;Erro no arquivo
38;650434254;TJPE40568202109231632365809039;6c4f263c24988de4bc8b2a4717df6a6a6c875153ea205682438e22995f53fbb1;7;1632365809048;;0;0;0;TJPE;G1;;2021/TJPE/09/G1/TJPE40568202109231632365809039;False;2021-09-22 23:56:49.048;Erro no arquivo
39;650434249;TJPE56361202109231632365806782;b67872f7b73a19244aceb4fc18b0157b15cadf8db9db9681888bebff9e443262;7;1632365806804;;0;0;0;TJPE;G1;;2021/TJPE/09/G1/TJPE56361202109231632365806782;False;2021-09-22 23:56:46.804;Erro no arquivo
0;650434244;TJPE27421202109231632365804719;396fb75cb7ae037bc3fc9812b5997e373022d54f6fe0b8be49c9c464d2a28137;7;1632365804730;;0;0;0;TJPE;G1;;2021/TJPE/09/G1/TJPE27421202109231632365804719;False;2021-09-22 23:56:44.730;Erro no arquivo
1;650434242;TJPE31950202109231632365802889;7f0f1c335b8a532c799cf35f692dd184423835d5a0c12915b9408b46ed0b7a59;7;1632365802896;;0;0;0;TJPE;G1;;2021/TJPE/09/G1/TJPE31950202109231632365802889;False;2021-09-22 23:56:42.896;Erro no arquivo
2;650434240;TJPE33881202109231632365801058;6003bcf43f5fd0b12c4d58361201b5fe14db12df9f6e855584cd2dfbad12e704;7;1632365801068;;0;0;0;TJPE;G1;;2021/TJPE/09/G1/TJPE33881202109231632365801058;False;2021-09-22 23:56:41.068;Erro no arquivo
3;650434236;TJPE12747202109231632365798891;7e158b3ea3a3d4ff797df1fe5d27e947e939983da120f024f3b616e5c7163b0e;7;1632365798903;;0;0;0;TJPE;G1;;2021/TJPE/09/G1/TJPE12747202109231632365798891;False;2021-09-22 23:56:38.903;Erro no arquivo
4;650434234;TJPE59404202109231632365797129;e8d2fdbdebfcb973ef601df61ee024300c7d497a49e44444ccfed2ca27ccf665;7;1632365797135;;0;0;0;TJPE;G1;;2021/TJPE/09/G1/TJPE59404202109231632365797129;False;2021-09-22 23:56:37.135;Erro no arquivo
5;650434233;TJPE93015202109231632365795540;006bf9cfc08f549b58c3f45bea040882463fd2fe00aa507f5fc32201de9dd833;7;1632365795554;;0;0;0;TJPE;G1;;2021/TJPE/09/G1/TJPE93015202109231632365795540;False;2021-09-22 23:56:35.554;Erro no arquivo
6;650434230;TJPE19091202109231632365793441;95c9409d8ab5776316e2793ac7e6eb645eaf795a4010742b624b9f4e45c29c22;3;1632365793449;;100;100;0;TJPE;JE;1135829.0;2021/TJPE/09/JE/TJPE19091202109231632365793441;False;2021-09-22 23:56:33.449;Processado com sucesso
7;650434228;TJPE25428202109231632365791350;bf7b7939e38fdd2a21db05277af3e6b49ed1f0007976a4684b275be4a4e41bf3;7;1632365791360;;0;0;0;TJPE;G1;;2021/TJPE/09/G1/TJPE25428202109231632365791350;False;2021-09-22 23:56:31.360;Erro no arquivo
8;650434227;TJPE50625202109231632365789345;e87de3e2779fd754e1762b831e69699b9454bfb0921b62f9051665cc20ea7b5d;3;1632365789365;;100;100;0;TJPE;G1;1054615.0;2021/TJPE/09/G1/TJPE50625202109231632365789345;False;2021-09-22 23:56:29.365;Processado com sucesso
9;650434224;TJPE54171202109231632365786725;4aac1adecb4b2c4197afa7cb6b5c0443b03fda2bee21358b5b151f647c002b52;7;1632365786779;;0;0;0;TJPE;G1;;2021/TJPE/09/G1/TJPE54171202109231632365786725;False;2021-09-22 23:56:26.779;Erro no arquivo
10;650434219;TJPE77358202109231632365781041;861b9331d1b3efbe85e0a242019b4ef8417de66de818b9a6052aa1dc2ac48d71;7;1632365781051;;0;0;0;TJPE;G1;;2021/TJPE/09/G1/TJPE77358202109231632365781041;False;2021-09-22 23:56:21.051;Erro no arquivo
11;650434217;TJPE90309202109231632365775929;e8ab4f62b66b9cd981ffb66a5a0ea432c634c2e8294a8a8662011fe4ce81937a;7;1632365775938;;0;0;0;TJPE;G1;;2021/TJPE/09/G1/TJPE90309202109231632365775929;False;2021-09-22 23:56:15.938;Erro no arquivo
12;650434208;TJPE93441202109231632365769365;0d03689ddcb76baaa0177b2a2f1cffdc7248a4f3e89caedc51443abff0b32d36;7;1632365769390;;0;0;0;TJPE;G1;;2021/TJPE/09/G1/TJPE93441202109231632365769365;False;2021-09-22 23:56:09.390;Erro no arquivo
13;650434202;TJPE63331202109231632365765461;f9df285981db4630217e7472d8fbc407bdb73ad413c749011daf7c6ac5e54d32;7;1632365765469;;0;0;0;TJPE;G1;;2021/TJPE/09/G1/TJPE63331202109231632365765461;False;2021-09-22 23:56:05.469;Erro no arquivo
14;650434194;TJPE57535202109231632365762286;8bfed5c1a6ae321fc2452ac58f38d1031d9985e7d9506c6159536769ad94174b;7;1632365762295;;0;0;0;TJPE;G1;;2021/TJPE/09/G1/TJPE57535202109231632365762286;False;2021-09-22 23:56:02.295;Erro no arquivo
15;650434181;TJPE78372202109231632365755892;03d281f005bab362c1a8559322d179dcfffc64aa4dbaef37accb2f28cfb960df;7;1632365755900;;0;0;0;TJPE;G1;;2021/TJPE/09/G1/TJPE78372202109231632365755892;False;2021-09-22 23:55:55.900;Erro no arquivo
16;650434173;TJPE80293202109231632365751615;de55a67903c05f117a4c0aa21b9f3eb382652e83bc7423a1dfcb2c6ba5f6fea2;3;1632365751628;;100;100;0;TJPE;JE;1192594.0;2021/TJPE/09/JE/TJPE80293202109231632365751615;False;2021-09-22 23:55:51.628;Processado com sucesso
17;650434165;TJPE94487202109231632365747569;61e2e1ec5fff381dbf5bc1f3c4972f40f40e922657f2d3441147b376f99dd9e2;7;1632365747587;;0;0;0;TJPE;G1;;2021/TJPE/09/G1/TJPE94487202109231632365747569;False;2021-09-22 23:55:47.587;Erro no arquivo
18;650434157;TJPE96707202109231632365743499;63eadc30e91d1809b74683289cac07d54b8fab1cc4b8b4bfbf0378ef9f6bf610;7;1632365743507;;0;0;0;TJPE;G1;;2021/TJPE/09/G1/TJPE96707202109231632365743499;False;2021-09-22 23:55:43.507;Erro no arquivo
19;650434154;TJPE88326202109231632365739762;e1236798e6d4dd74a24d7f0319a183c9e63e6ad83bdfc48c5ec89b59dd63cde4;7;1632365739771;;0;0;0;TJPE;G1;;2021/TJPE/09/G1/TJPE88326202109231632365739762;False;2021-09-22 23:55:39.771;Erro no arquivo
20;650434152;TJPE23740202109231632365735667;59599b4e42e81deb6459bf58a809e56e2bc00ad5575fd362e976dec9f02e93ff;7;1632365735678;;0;0;0;TJPE;G1;;2021/TJPE/09/G1/TJPE23740202109231632365735667;False;2021-09-22 23:55:35.678;Erro no arquivo
21;650434144;TJPE18236202109231632365731990;b32712ecc3a655ac66e9334a547b0a4db2df9fdad0464c123eb5db9114f06a1d;7;1632365731997;;0;0;0;TJPE;G1;;2021/TJPE/09/G1/TJPE18236202109231632365731990;False;2021-09-22 23:55:31.997;Erro no arquivo
22;650434138;TJPE44865202109231632365727984;10b2c2434e52c9cef08b60494e880af731ace7f745129b5001086b8efda5b2b2;7;1632365727994;;0;0;0;TJPE;G1;;2021/TJPE/09/G1/TJPE44865202109231632365727984;False;2021-09-22 23:55:27.994;Erro no arquivo
23;650434136;TJPE39298202109231632365725402;5d569fe9bc49c458d70b07a2a65054770b42623536d00402f0ca45027c72765c;7;1632365725412;;0;0;0;TJPE;G1;;2021/TJPE/09/G1/TJPE39298202109231632365725402;False;2021-09-22 23:55:25.412;Erro no arquivo
24;650434134;TJPE92242202109231632365723504;415cff70585af3b09e513554c406edf308c229533a811c6e8d50ae3e004dbfc5;7;1632365723522;;0;0;0;TJPE;G1;;2021/TJPE/09/G1/TJPE92242202109231632365723504;False;2021-09-22 23:55:23.522;Erro no arquivo
25;650434132;TJPE23030202109231632365721821;4371c43cb2349d01eb28d7281e8ffa1e8ccd6e8f07cdd79d5e98db0ecb2369ce;7;1632365721834;;0;0;0;TJPE;G1;;2021/TJPE/09/G1/TJPE23030202109231632365721821;False;2021-09-22 23:55:21.834;Erro no arquivo
26;650434128;TJPE97805202109231632365719829;2356805ae2887d3e474216b636aa289de6f02fbcf460ca027dc2ad2ddbb48ff8;7;1632365719837;;0;0;0;TJPE;G1;;2021/TJPE/09/G1/TJPE97805202109231632365719829;False;2021-09-22 23:55:19.837;Erro no arquivo
27;650434127;TJPE52203202109231632365717953;69ea3e2bee566811628118f512d1777d37c96bda12031f8f8d8be64c6852fc3a;7;1632365717972;;0;0;0;TJPE;G1;;2021/TJPE/09/G1/TJPE52203202109231632365717953;False;2021-09-22 23:55:17.972;Erro no arquivo
28;650434125;TJPE69271202109231632365716197;cef3425a799b71a94027be492e18035818e110d6d416b22b38287f0062dc186c;7;1632365716208;;0;0;0;TJPE;G1;;2021/TJPE/09/G1/TJPE69271202109231632365716197;False;2021-09-22 23:55:16.208;Erro no arquivo
29;650434123;TJPE45958202109231632365714295;f98ecc019e40550c781ff0b5fd7d2bfa82dc4f3dda5e55ed861b2c22f87b4e5d;7;1632365714307;;0;0;0;TJPE;G1;;2021/TJPE/09/G1/TJPE45958202109231632365714295;False;2021-09-22 23:55:14.307;Erro no arquivo
30;650434118;TJPE40486202109231632365712310;fb26bc3d5d57b857db707deee21a534ef3075f9e2542f4ed7f3d0174bde6406d;7;1632365712316;;0;0;0;TJPE;G1;;2021/TJPE/09/G1/TJPE40486202109231632365712310;False;2021-09-22 23:55:12.316;Erro no arquivo
31;650434115;TJPE35044202109231632365710530;8928b2bb53d58e46bf016b2e8444b721746ae396074e1897a0643746dd7298e6;7;1632365710552;;0;0;0;TJPE;G1;;2021/TJPE/09/G1/TJPE35044202109231632365710530;False;2021-09-22 23:55:10.552;Erro no arquivo
32;650434112;TJPE73376202109231632365708536;b741ff460b9669fbbb66487c42f0729b56f04c27d2ef662095f35330f929c197;7;1632365708548;;0;0;0;TJPE;G1;;2021/TJPE/09/G1/TJPE73376202109231632365708536;False;2021-09-22 23:55:08.548;Erro no arquivo
33;650434111;TJPE56694202109231632365706718;fee9c12276fe11ffe082ef262977d149616905c9423ab03ef89bbae94f6a6c6b;7;1632365706726;;0;0;0;TJPE;G1;;2021/TJPE/09/G1/TJPE56694202109231632365706718;False;2021-09-22 23:55:06.726;Erro no arquivo
34;650434108;TJPE28687202109231632365704983;d00372f0d9bef139dfcfada661d7718e8ea5a92029b24162506b4de540b3fad6;7;1632365705000;;0;0;0;TJPE;G1;;2021/TJPE/09/G1/TJPE28687202109231632365704983;False;2021-09-22 23:55:05.000;Erro no arquivo
35;650434105;TJPE89470202109231632365702649;ad8b127c0f750813874f277ba689e59680dbf7bfc44f163dcd4eab9a9d81ffde;7;1632365702667;;0;0;0;TJPE;G1;;2021/TJPE/09/G1/TJPE89470202109231632365702649;False;2021-09-22 23:55:02.667;Erro no arquivo
36;650434100;TJPE87563202109231632365699548;b9cba443889a1cf47ca3a0500028d823ac5fcb90419d8b08202b8cdadd9cec33;7;1632365699558;;0;0;0;TJPE;G1;;2021/TJPE/09/G1/TJPE87563202109231632365699548;False;2021-09-22 23:54:59.558;Erro no arquivo
37;650434099;TJPE81180202109231632365697542;8ac219156f30bb5e842599a39cb2107dc12029b6b35b03256d2add8b26c270d9;7;1632365697550;;0;0;0;TJPE;G1;;2021/TJPE/09/G1/TJPE81180202109231632365697542;False;2021-09-22 23:54:57.550;Erro no arquivo
38;650434097;TJPE69282202109231632365695833;d589d5ce0007f8ae4fb77ca29b4a0c34caa5b3d7b033c2a9f3066aa2ebf15161;7;1632365695841;;0;0;0;TJPE;G1;;2021/TJPE/09/G1/TJPE69282202109231632365695833;False;2021-09-22 23:54:55.841;Erro no arquivo
39;650434082;TJPE34873202109231632365681425;216cdeea35f7c30a0bc6272a51286b15b0067c8dbb418e37a1f9643b6914a5d2;7;1632365681434;;0;0;0;TJPE;G1;;2021/TJPE/09/G1/TJPE34873202109231632365681425;False;2021-09-22 23:54:41.434;Erro no arquivo
0;650434077;TJPE17380202109231632365679409;38175823e43f8c9663cca2c0b5bd193b36bf2ffa3a44a73cd722aa0aa33300ca;7;1632365679421;;0;0;0;TJPE;G1;;2021/TJPE/09/G1/TJPE17380202109231632365679409;False;2021-09-22 23:54:39.421;Erro no arquivo
1;650434074;TJPE68732202109231632365677579;6deb5a73cb43da17645ef40a3d4307ab6560aab3782e62ffe512897a1122da07;7;1632365677592;;0;0;0;TJPE;G1;;2021/TJPE/09/G1/TJPE68732202109231632365677579;False;2021-09-22 23:54:37.592;Erro no arquivo
2;650434069;TJPE14548202109231632365673861;b385deb90035184beb5a814984a8d4b59f02a5af66d08f8811fabff0d7008f18;7;1632365673866;;0;0;0;TJPE;G1;;2021/TJPE/09/G1/TJPE14548202109231632365673861;False;2021-09-22 23:54:33.866;Erro no arquivo
3;650434066;TJPE65174202109231632365672367;2950e1a3161e9c093d339f8a123b25e56f8220c3a88dfbbb9e437181ed5a6429;7;1632365672391;;0;0;0;TJPE;G1;;2021/TJPE/09/G1/TJPE65174202109231632365672367;False;2021-09-22 23:54:32.391;Erro no arquivo
4;650434065;TJPE28051202109231632365670184;1de8e9dcdad162db70241eca14bc7f23fbe096be763906ecc98deac1698aac07;7;1632365670193;;0;0;0;TJPE;G1;;2021/TJPE/09/G1/TJPE28051202109231632365670184;False;2021-09-22 23:54:30.193;Erro no arquivo
5;650434064;TJPE19493202109231632365668379;7afaac4e10e0620936f6b748a239dc5bcd254d088d8d06f94e862149cfbf8fcb;7;1632365668385;;0;0;0;TJPE;G1;;2021/TJPE/09/G1/TJPE19493202109231632365668379;False;2021-09-22 23:54:28.385;Erro no arquivo
6;650434063;TJPE91179202109231632365666809;9f4cdc6811bfcd75bf04c7fab8d92ed0ac46395ae4b787b8e6dca4b608962c4b;7;1632365666814;;0;0;0;TJPE;G1;;2021/TJPE/09/G1/TJPE91179202109231632365666809;False;2021-09-22 23:54:26.814;Erro no arquivo
7;650434060;TJPE92492202109231632365665199;c191ee6dd1947a79c8d5a60ccbdf3ce7f0a569e7299c6e561e08db74ae18850b;7;1632365665209;;0;0;0;TJPE;G1;;2021/TJPE/09/G1/TJPE92492202109231632365665199;False;2021-09-22 23:54:25.209;Erro no arquivo
8;650434050;TJPE13557202109231632365663246;2f9c6325699a579dd3745b320416681c5f11f5208985dc2857fa0d33be6de2a4;7;1632365663252;;0;0;0;TJPE;G1;;2021/TJPE/09/G1/TJPE13557202109231632365663246;False;2021-09-22 23:54:23.252;Erro no arquivo
9;650434046;TJPE46554202109231632365661680;3141a8cd6c102a386d99a0e044d5ff9457a63355f23e097bd5c969a8f87bd2cc;7;1632365661689;;0;0;0;TJPE;G1;;2021/TJPE/09/G1/TJPE46554202109231632365661680;False;2021-09-22 23:54:21.689;Erro no arquivo
10;650434041;TJPE61149202109231632365659792;ffef8c34e1e4dd7fd92c1bc0c2bbf1456c9ca64010cae50823cb388090556b3a;7;1632365659812;;0;0;0;TJPE;G1;;2021/TJPE/09/G1/TJPE61149202109231632365659792;False;2021-09-22 23:54:19.812;Erro no arquivo
11;650434038;TJPE94355202109231632365657986;7913ace8c64371792ea207bc64c0410158d7af6690e7e9f83a4f10b23f80448b;7;1632365658000;;0;0;0;TJPE;G1;;2021/TJPE/09/G1/TJPE94355202109231632365657986;False;2021-09-22 23:54:18.000;Erro no arquivo
12;650434035;TJPE55093202109231632365655864;5ac428fd2dc23cbc5e989a8ddf1cdf8c4148202c87ab76c6ab5f03efd7e77718;7;1632365655873;;0;0;0;TJPE;G1;;2021/TJPE/09/G1/TJPE55093202109231632365655864;False;2021-09-22 23:54:15.873;Erro no arquivo
13;650434032;TJPE54807202109231632365648660;1c84674937835c7fee0cad2b7f9f012754b2febb0987ae37864584332d784de4;7;1632365648667;;0;0;0;TJPE;G1;;2021/TJPE/09/G1/TJPE54807202109231632365648660;False;2021-09-22 23:54:08.667;Erro no arquivo
14;650434022;TJPE53497202109231632365642450;026f6aaae4c68b071b0141e1e1530c2086b18a98f4905bb0af3d64d0b6cd4130;7;1632365642468;;0;0;0;TJPE;G1;;2021/TJPE/09/G1/TJPE53497202109231632365642450;False;2021-09-22 23:54:02.468;Erro no arquivo
15;650434019;TJPE41521202109231632365636022;d0d8c8c1f08b48f1cb70012bf2aecc3296c072c555bc7834e171d719ee3850ff;7;1632365636031;;0;0;0;TJPE;G1;;2021/TJPE/09/G1/TJPE41521202109231632365636022;False;2021-09-22 23:53:56.031;Erro no arquivo
16;650434015;TJPE36295202109231632365630479;9724513cfbf12b64ed0c31e038afefd575c73dac3d9c45feadd9c91e555534a5;7;1632365630488;;0;0;0;TJPE;G1;;2021/TJPE/09/G1/TJPE36295202109231632365630479;False;2021-09-22 23:53:50.488;Erro no arquivo
17;650434007;TJPE76129202109231632365627877;f283c87e091156b5bc606d740ec8b0322ebbb5e403dbc8d2030f9dc712ec10df;7;1632365627890;;0;0;0;TJPE;G1;;2021/TJPE/09/G1/TJPE76129202109231632365627877;False;2021-09-22 23:53:47.890;Erro no arquivo
18;650434002;TJPE22259202109231632365621411;b76590be03c619e0ab6ba4803b94cf93f120b85185c4873905debb2b67d80099;7;1632365621427;;0;0;0;TJPE;G1;;2021/TJPE/09/G1/TJPE22259202109231632365621411;False;2021-09-22 23:53:41.427;Erro no arquivo
19;650433996;TJPE49737202109231632365619767;ef8375a2c4bee88d290b2e183e3c9d1e679e6e620ba557ce679795c7c9ee5211;7;1632365619775;;0;0;0;TJPE;G1;;2021/TJPE/09/G1/TJPE49737202109231632365619767;False;2021-09-22 23:53:39.775;Erro no arquivo
20;650433992;TJPE39852202109231632365617871;35e2aaf2908170a9a66f6c66a41bf3bb64217de3d56a86aba277ed84c3cbf30b;7;1632365617887;;0;0;0;TJPE;G1;;2021/TJPE/09/G1/TJPE39852202109231632365617871;False;2021-09-22 23:53:37.887;Erro no arquivo
21;650433986;TJPE49536202109231632365615526;5256f12404f899955552ed7747c2a86182cbd9962cd63e1c154473ff89bd563f;7;1632365615533;;0;0;0;TJPE;G1;;2021/TJPE/09/G1/TJPE49536202109231632365615526;False;2021-09-22 23:53:35.533;Erro no arquivo
22;650433985;TJPE82984202109231632365613961;98a121374a1f1a966bf4066b290b7a8a4dbdb8072fd0781a159914a89e83e39f;7;1632365613969;;0;0;0;TJPE;G1;;2021/TJPE/09/G1/TJPE82984202109231632365613961;False;2021-09-22 23:53:33.969;Erro no arquivo
23;650433984;TJPE22243202109231632365612029;2c38b7816ca55af32fa6d0ee27f96c5e3d1702e1b917bdd5e2759380c0af1199;3;1632365612094;;100;100;0;TJPE;JE;1205360.0;2021/TJPE/09/JE/TJPE22243202109231632365612029;False;2021-09-22 23:53:32.094;Processado com sucesso
24;650433981;TJPE70905202109231632365610003;68de652edbcff064bc3b26424183044bee5f381f7587255181e7d5ce3cd3f086;7;1632365610016;;0;0;0;TJPE;G1;;2021/TJPE/09/G1/TJPE70905202109231632365610003;False;2021-09-22 23:53:30.016;Erro no arquivo
25;650433979;TJPE49929202109231632365608164;30e62c7bf181227431cd3f3e0642c30e166df872084c4208ecb01ae674010745;7;1632365608173;;0;0;0;TJPE;JE;;2021/TJPE/09/JE/TJPE49929202109231632365608164;False;2021-09-22 23:53:28.173;Erro no arquivo
26;650433977;TJPE33087202109231632365606516;30d67e072c188da1641d6e0417bc9c1da5bd510eb7ec52fe199bdd0cac7427fe;7;1632365606524;;0;0;0;TJPE;G1;;2021/TJPE/09/G1/TJPE33087202109231632365606516;False;2021-09-22 23:53:26.524;Erro no arquivo
27;650433973;TJPE27763202109231632365604737;0b8a0c905b5773af951936d629e7453fdc57330a4ae2cc21bbeec488c8031413;7;1632365604745;;0;0;0;TJPE;G1;;2021/TJPE/09/G1/TJPE27763202109231632365604737;False;2021-09-22 23:53:24.745;Erro no arquivo
28;650433969;TJPE98281202109231632365602657;858cd8f8a7ce6047d5291d39941809f44f7d159f3947fdd314fb2c936e93cf6e;7;1632365602665;;0;0;0;TJPE;G1;;2021/TJPE/09/G1/TJPE98281202109231632365602657;False;2021-09-22 23:53:22.665;Erro no arquivo
29;650433967;TJPE44507202109231632365600688;6bd72e1a71ecf76d60aa713232899d1c448d92215e571a27bd8703cb77dba033;7;1632365600701;;0;0;0;TJPE;G1;;2021/TJPE/09/G1/TJPE44507202109231632365600688;False;2021-09-22 23:53:20.701;Erro no arquivo
30;650433965;TJPE83785202109231632365598801;a19b2be648583afb0bee2070712e4849fa8db86350e011ab362f3aad7916d56e;7;1632365598811;;0;0;0;TJPE;JE;;2021/TJPE/09/JE/TJPE83785202109231632365598801;False;2021-09-22 23:53:18.811;Erro no arquivo
31;650433959;TJPE43786202109231632365596829;b623231450a721fdf44c75bedba62710b0fdfd156de97de677162be4991a536c;7;1632365596849;;0;0;0;TJPE;G1;;2021/TJPE/09/G1/TJPE43786202109231632365596829;False;2021-09-22 23:53:16.849;Erro no arquivo
32;650433957;TJPE34445202109231632365595048;106480f777d3bd5d01545717e4fdb0e8d42c21233674f2eae994a86eb49d4077;7;1632365595056;;0;0;0;TJPE;G1;;2021/TJPE/09/G1/TJPE34445202109231632365595048;False;2021-09-22 23:53:15.056;Erro no arquivo
33;650433950;TJPE32702202109231632365593061;ebd1cef7e3068b898a7eed70eaa998adf55c17a83ac59026984339407ea7b2c1;7;1632365593082;;0;0;0;TJPE;G1;;2021/TJPE/09/G1/TJPE32702202109231632365593061;False;2021-09-22 23:53:13.082;Erro no arquivo
34;650433942;TJPE25426202109231632365591022;ddb197a6f5347a9098769d67a881abfc817899616e73c28fba4defb43b4166a3;7;1632365591029;;0;0;0;TJPE;G1;;2021/TJPE/09/G1/TJPE25426202109231632365591022;False;2021-09-22 23:53:11.029;Erro no arquivo
35;650433938;TJPE55341202109231632365585976;8ec020ac41329629508f3c7b164316e1ee98add9187125a9c3952a07aaa1d447;7;1632365585997;;0;0;0;TJPE;G1;;2021/TJPE/09/G1/TJPE55341202109231632365585976;False;2021-09-22 23:53:05.997;Erro no arquivo
36;650433934;TJPE51451202109231632365579954;85cef724cf2268f9361fc08baeb788bbe2f6a7da2ef469c5e656b47d821db10e;7;1632365579966;;0;0;0;TJPE;G1;;2021/TJPE/09/G1/TJPE51451202109231632365579954;False;2021-09-22 23:52:59.966;Erro no arquivo
37;650433927;TJPE26412202109231632365574316;9132b161a67dfe712d921a5052bb78d30e67571e1346902f647334c00991c7fb;7;1632365574324;;0;0;0;TJPE;G1;;2021/TJPE/09/G1/TJPE26412202109231632365574316;False;2021-09-22 23:52:54.324;Erro no arquivo
38;650433922;TJPE56322202109231632365568847;6261623025387e508daf9a361a994d395aacd2178306167410089d8140196260;7;1632365568856;;0;0;0;TJPE;G1;;2021/TJPE/09/G1/TJPE56322202109231632365568847;False;2021-09-22 23:52:48.856;Erro no arquivo
39;650433919;TJPE81551202109231632365563625;853f594e021ff130013e7621a996f6603003f216cd47f34427258dd10bf7dec0;3;1632365563633;;100;100;0;TJPE;JE;1041220.0;2021/TJPE/09/JE/TJPE81551202109231632365563625;False;2021-09-22 23:52:43.633;Processado com sucesso
0;650433909;TJPE21658202109231632365556849;cf1f57f29116d4060ea199e35dad2b3d6ea546e2a3af53c12cb4a235a3a9a20c;7;1632365556858;;0;0;0;TJPE;G1;;2021/TJPE/09/G1/TJPE21658202109231632365556849;False;2021-09-22 23:52:36.858;Erro no arquivo
1;650433901;TJPE67264202109231632365552255;348993875510565506d69e018524b39556c539fc09de383df112b49b0876b84e;7;1632365552268;;0;0;0;TJPE;G1;;2021/TJPE/09/G1/TJPE67264202109231632365552255;False;2021-09-22 23:52:32.268;Erro no arquivo
2;650433896;TJPE78880202109231632365548137;14d83173fbfc944bd6b7b4119af1eab440f667108bfddb23d259c31b7895ff61;7;1632365548142;;0;0;0;TJPE;G1;;2021/TJPE/09/G1/TJPE78880202109231632365548137;False;2021-09-22 23:52:28.142;Erro no arquivo
3;650433891;TJPE61727202109231632365544844;b21dd01e488c056e132c88a9b84c53d403d65ef407c28c8ccdede3bfe993fa6d;7;1632365544865;;0;0;0;TJPE;G1;;2021/TJPE/09/G1/TJPE61727202109231632365544844;False;2021-09-22 23:52:24.865;Erro no arquivo
4;650433889;TJPE31975202109231632365539632;11118df39c6d36bf16f1db519e8c43d6a584ff36857e93023dc365461727f558;7;1632365539645;;0;0;0;TJPE;G1;;2021/TJPE/09/G1/TJPE31975202109231632365539632;False;2021-09-22 23:52:19.645;Erro no arquivo
5;650433882;TJPE77083202109231632365531822;6ee5ef56da577f064053ecfa316ed3ee99d873bdabbdc52bfcc0bcf1a41a486c;7;1632365531831;;0;0;0;TJPE;G1;;2021/TJPE/09/G1/TJPE77083202109231632365531822;False;2021-09-22 23:52:11.831;Erro no arquivo
6;650433879;TJPE67032202109231632365525907;6ad0f4e7d93db7c7aa7d79d66e9214d527d2db54d426fbda4b972064b68d3cae;7;1632365525928;;0;0;0;TJPE;G1;;2021/TJPE/09/G1/TJPE67032202109231632365525907;False;2021-09-22 23:52:05.928;Erro no arquivo
7;650433874;TJPE19003202109231632365522648;702ca7c9a0aa917610eec8f918dee0aa625ad7212c90eedc6b39a6ca5282c221;7;1632365522656;;0;0;0;TJPE;G1;;2021/TJPE/09/G1/TJPE19003202109231632365522648;False;2021-09-22 23:52:02.656;Erro no arquivo
8;650433869;TJPE28072202109231632365520605;6613c47216fd3fab763beb17cee9b905941382408089a1aa47eb7e0fe11a5430;7;1632365520617;;0;0;0;TJPE;G1;;2021/TJPE/09/G1/TJPE28072202109231632365520605;False;2021-09-22 23:52:00.617;Erro no arquivo
9;650433864;TJPE91926202109231632365518547;e8849b641d85188792f5e3519522a16ab9632b801b262060bac9e87db7ae6769;7;1632365518560;;0;0;0;TJPE;G1;;2021/TJPE/09/G1/TJPE91926202109231632365518547;False;2021-09-22 23:51:58.560;Erro no arquivo
10;650433860;TJPE18285202109231632365516676;8e4a4902e889fa2dab7115ae788e0a55ade74627cb7079e187d4cd1c5cfeee59;7;1632365516688;;0;0;0;TJPE;G1;;2021/TJPE/09/G1/TJPE18285202109231632365516676;False;2021-09-22 23:51:56.688;Erro no arquivo
11;650433855;TJPE76507202109231632365514889;c725d82319d31c7e884746d6ca91599d1ad1d495b864c12da3482b4c94c5afd1;7;1632365514895;;0;0;0;TJPE;G1;;2021/TJPE/09/G1/TJPE76507202109231632365514889;False;2021-09-22 23:51:54.895;Erro no arquivo
12;650433853;TJPE58743202109231632365513176;fba28cedae65d4f06d188e21c6a1acf3c04ebd1336d1e26f3afb6f2d6b056ea8;7;1632365513199;;0;0;0;TJPE;G1;;2021/TJPE/09/G1/TJPE58743202109231632365513176;False;2021-09-22 23:51:53.199;Erro no arquivo
13;650433851;TJPE89089202109231632365511253;750fbb8c61fc0bb21bc948d9c7482210eb52f5a7200d8504a20cf30fa1ca7eac;7;1632365511274;;0;0;0;TJPE;G1;;2021/TJPE/09/G1/TJPE89089202109231632365511253;False;2021-09-22 23:51:51.274;Erro no arquivo
14;650433845;TJPE71423202109231632365509255;11c074e170fdd70aaf15f9d46a8fc4ef7dd37c50b3758dac8e7532e8b2b5ce5e;7;1632365509260;;0;0;0;TJPE;G1;;2021/TJPE/09/G1/TJPE71423202109231632365509255;False;2021-09-22 23:51:49.260;Erro no arquivo
15;650433841;TJPE41335202109231632365507771;13580729ce714c88005022b27679b6d6aa1bfb1005692691352508f33f96a677;7;1632365507780;;0;0;0;TJPE;G1;;2021/TJPE/09/G1/TJPE41335202109231632365507771;False;2021-09-22 23:51:47.780;Erro no arquivo
16;650433835;TJPE60459202109231632365505522;c8715b431d26e198660b44b30c2ca38f9597e1f165ae56ab1b9c3d1119982b81;3;1632365505531;;100;100;0;TJPE;JE;1199263.0;2021/TJPE/09/JE/TJPE60459202109231632365505522;False;2021-09-22 23:51:45.531;Processado com sucesso
17;650433834;TJPE31460202109231632365502723;915b18b75d0fbf861a45ed064157e433e4c55d4bcaa82cc4a1ea02bd7d6196a4;7;1632365502736;;0;0;0;TJPE;G1;;2021/TJPE/09/G1/TJPE31460202109231632365502723;False;2021-09-22 23:51:42.736;Erro no arquivo
18;650433832;TJPE30980202109231632365500813;0fecd2fd737ea3c20ce2938a991962a703b598e378bbaa8fea5e17f485745ef9;7;1632365500822;;0;0;0;TJPE;G1;;2021/TJPE/09/G1/TJPE30980202109231632365500813;False;2021-09-22 23:51:40.822;Erro no arquivo
19;650433825;TJPE90202202109231632365498649;90db2f2f73465b0e387b4cae76be3425c88a81a329a97f854c0dc7e11f0d2f8b;7;1632365498660;;0;0;0;TJPE;G1;;2021/TJPE/09/G1/TJPE90202202109231632365498649;False;2021-09-22 23:51:38.660;Erro no arquivo
20;650433823;TJPE14840202109231632365496907;3907c3a5609ab2f0947568ff770674d07d79b27c8405317b3fe7bf0a7ae5f393;7;1632365496914;;0;0;0;TJPE;G1;;2021/TJPE/09/G1/TJPE14840202109231632365496907;False;2021-09-22 23:51:36.914;Erro no arquivo
21;650433821;TJPE40872202109231632365495182;f3f57a6368fbf061d7a408b642c6cfff97083b28b990eac814c9928e91253f75;7;1632365495192;;0;0;0;TJPE;G1;;2021/TJPE/09/G1/TJPE40872202109231632365495182;False;2021-09-22 23:51:35.192;Erro no arquivo
22;650433819;TJPE18273202109231632365493369;d13e491f6308248c16729db9fd70870ee4c2857dffdc0cb23a15411ffc085e4a;7;1632365493378;;0;0;0;TJPE;G1;;2021/TJPE/09/G1/TJPE18273202109231632365493369;False;2021-09-22 23:51:33.378;Erro no arquivo
23;650433815;TJPE83111202109231632365491356;85a85e818fb0892656b3958bd34168ead9ee36a02e3e1c5f0356943ebbea35fd;7;1632365491365;;0;0;0;TJPE;G1;;2021/TJPE/09/G1/TJPE83111202109231632365491356;False;2021-09-22 23:51:31.365;Erro no arquivo
24;650433809;TJPE29947202109231632365483074;78d4a4837591f1b887482a1325b5ff91bca77bec1bae30e1f92c95f3c91dfd40;7;1632365483082;;0;0;0;TJPE;G1;;2021/TJPE/09/G1/TJPE29947202109231632365483074;False;2021-09-22 23:51:23.082;Erro no arquivo
25;650433807;TJPE86704202109231632365479360;e7fd4929c386e4473e4c013325a50409f3af15de770420b59feedf57f00adcfc;7;1632365479367;;0;0;0;TJPE;G1;;2021/TJPE/09/G1/TJPE86704202109231632365479360;False;2021-09-22 23:51:19.367;Erro no arquivo
26;650433805;TJPE35469202109231632365473597;50e1d870146ebca3d862b5f921c0f0c62e5dfa2cd333c2aa3ee04112cb3ac3ca;7;1632365473610;;0;0;0;TJPE;G1;;2021/TJPE/09/G1/TJPE35469202109231632365473597;False;2021-09-22 23:51:13.610;Erro no arquivo
27;650433800;TJPE54628202109231632365465805;0de974f2a67413ee87c94ba3beeb02d5c5cd875558c8aa2bcacea58e66aa93f5;7;1632365465813;;0;0;0;TJPE;G1;;2021/TJPE/09/G1/TJPE54628202109231632365465805;False;2021-09-22 23:51:05.813;Erro no arquivo
28;650433789;TJPE28427202109231632365460780;b1e0714f770368fec31591583e60dddfb45e273a9bb2a8ecb449ddf0fa53cb7e;7;1632365460784;;0;0;0;TJPE;G1;;2021/TJPE/09/G1/TJPE28427202109231632365460780;False;2021-09-22 23:51:00.784;Erro no arquivo
29;650433785;TJPE31792202109231632365457935;9ccf19a1fd4eff12ad8c2c596afdca5c2bcbe0584f410f4f09c94ee096f0a679;7;1632365457945;;0;0;0;TJPE;G1;;2021/TJPE/09/G1/TJPE31792202109231632365457935;False;2021-09-22 23:50:57.945;Erro no arquivo
30;650433783;TJPE41171202109231632365453222;606c1b24d4c88b2fa67f3e381d34689fb851ae6a8c40834aeccb5c6acfe03151;7;1632365453232;;0;0;0;TJPE;G1;;2021/TJPE/09/G1/TJPE41171202109231632365453222;False;2021-09-22 23:50:53.232;Erro no arquivo
31;650433778;TJPE63057202109231632365448046;4ebbf3dd7ca9be26ed043c18a6d33842cc8853f799f3656addb1d93c8b817ae8;7;1632365448060;;0;0;0;TJPE;G1;;2021/TJPE/09/G1/TJPE63057202109231632365448046;False;2021-09-22 23:50:48.060;Erro no arquivo
32;650433776;TJPE91587202109231632365442846;9d5ea52df9406d6c07bb1c5f26374945c4451f732ab046ecb052908ab25f653b;7;1632365442860;;0;0;0;TJPE;G1;;2021/TJPE/09/G1/TJPE91587202109231632365442846;False;2021-09-22 23:50:42.860;Erro no arquivo
33;650433767;TJPE13105202109231632365433710;84b3913fbd4561f74d3840dd2ab7d6814c3ab2f6a98e60d0980cd3fa00cfc7c3;3;1632365433720;;100;100;0;TJPE;JE;1274763.0;2021/TJPE/09/JE/TJPE13105202109231632365433710;False;2021-09-22 23:50:33.720;Processado com sucesso
34;650433762;TJPE63747202109231632365430131;1f4b46111168d743af7ecb2686958794f5a43c1d354df3a821903caf8620d862;7;1632365430140;;0;0;0;TJPE;G1;;2021/TJPE/09/G1/TJPE63747202109231632365430131;False;2021-09-22 23:50:30.140;Erro no arquivo
35;650433744;TJPE76700202109231632365419879;a0c8f00ed8f3e12e6e8e0207947374ffafe0f1e52a6260feada2d7fbfcfa0ead;7;1632365419900;;0;0;0;TJPE;G1;;2021/TJPE/09/G1/TJPE76700202109231632365419879;False;2021-09-22 23:50:19.900;Erro no arquivo
36;650433738;TJPE58245202109231632365416179;7a8f7bf8002120770f53bc686a9605d8bdc7086b22f58da81a754079723f37e0;7;1632365416188;;0;0;0;TJPE;G1;;2021/TJPE/09/G1/TJPE58245202109231632365416179;False;2021-09-22 23:50:16.188;Erro no arquivo
37;650433731;TJPE39176202109231632365407547;1d7641c62b66ffc0be4e29b57a1b289d85fde0edc85a6119d259eff0515f365a;3;1632365407561;;100;100;0;TJPE;JE;1145281.0;2021/TJPE/09/JE/TJPE39176202109231632365407547;False;2021-09-22 23:50:07.561;Processado com sucesso
38;650433726;TJPE17496202109231632365402020;97423848276763285d532af44d421ee7098fbc4bf9dc3805ab13343244de5bb1;7;1632365402032;;0;0;0;TJPE;G1;;2021/TJPE/09/G1/TJPE17496202109231632365402020;False;2021-09-22 23:50:02.032;Erro no arquivo
39;650433716;TJPE60477202109231632365397254;40e5d84b250c42208e8d7add97711c1b0681df77c3b3fd00728344eabd39a430;7;1632365397262;;0;0;0;TJPE;JE;;2021/TJPE/09/JE/TJPE60477202109231632365397254;False;2021-09-22 23:49:57.262;Erro no arquivo
0;650433709;TJPE33356202109231632365392695;8fabaa071085984efd100f3543c30d968cbef5df04b157f1c7216a5d8418c990;7;1632365392702;;0;0;0;TJPE;G1;;2021/TJPE/09/G1/TJPE33356202109231632365392695;False;2021-09-22 23:49:52.702;Erro no arquivo
1;650433698;TJPE88759202109231632365386236;1fa99027ceb14362a22554d42dfbe70e226ce2bf78504529ba6c7dcd1e718def;7;1632365386249;;0;0;0;TJPE;G1;;2021/TJPE/09/G1/TJPE88759202109231632365386236;False;2021-09-22 23:49:46.249;Erro no arquivo
2;650433689;TJPE85237202109231632365380098;9ac6158198bc6ceef0b90fb895b2854aacf95c0a56e49cfdc11e85ba012aafad;7;1632365380109;;0;0;0;TJPE;G1;;2021/TJPE/09/G1/TJPE85237202109231632365380098;False;2021-09-22 23:49:40.109;Erro no arquivo
3;650433680;TJPE18047202109231632365372725;6c8c67fca73eeb2301c686a036376d97dbda84222a5a353ffb77413981650e02;7;1632365372747;;0;0;0;TJPE;G1;;2021/TJPE/09/G1/TJPE18047202109231632365372725;False;2021-09-22 23:49:32.747;Erro no arquivo
4;650433673;TJPE40423202109231632365366188;23c76b434db924ab3140801ae2a4f2c8bacccd27afcb24daf8e90701b6721297;7;1632365366196;;0;0;0;TJPE;G1;;2021/TJPE/09/G1/TJPE40423202109231632365366188;False;2021-09-22 23:49:26.196;Erro no arquivo
5;650433663;TJPE10364202109231632365360341;0f56c2fb69ae4ab3719402fb24ef8780a3c285078e678ab693a33467cafaa563;7;1632365360358;;0;0;0;TJPE;G1;;2021/TJPE/09/G1/TJPE10364202109231632365360341;False;2021-09-22 23:49:20.358;Erro no arquivo
6;650433645;TJPE52038202109231632365352113;e93d0e3bfbec91365b2aafb0fa79bcee7297b9af38a402fa55413e95cfb24341;7;1632365352134;;0;0;0;TJPE;G1;;2021/TJPE/09/G1/TJPE52038202109231632365352113;False;2021-09-22 23:49:12.134;Erro no arquivo
7;650433612;TJPE60519202109231632365339273;7eeb1b941b92da5ef91a5cee02e5c17eb36ff124bb290198acbd897b85ec2a84;7;1632365339288;;0;0;0;TJPE;G1;;2021/TJPE/09/G1/TJPE60519202109231632365339273;False;2021-09-22 23:48:59.288;Erro no arquivo
8;650433596;TJPE20926202109231632365334662;edf79a83d19e25f43cebe0096a0a6d0df7107be4d210875b865414a01c7f5aa5;7;1632365334685;;0;0;0;TJPE;G1;;2021/TJPE/09/G1/TJPE20926202109231632365334662;False;2021-09-22 23:48:54.685;Erro no arquivo
9;650433593;TJPE68031202109231632365331367;17afa31b9390ac13bdca57c56f6923807aa16a54071bc2ce53cd29c8c4b9e9b2;7;1632365331377;;0;0;0;TJPE;G1;;2021/TJPE/09/G1/TJPE68031202109231632365331367;False;2021-09-22 23:48:51.377;Erro no arquivo
10;650433587;TJPE56650202109231632365327633;1a9a0525ddcaf37a9497c7510224060926efc7362cff88d3870bd5a032196f14;7;1632365327640;;0;0;0;TJPE;G1;;2021/TJPE/09/G1/TJPE56650202109231632365327633;False;2021-09-22 23:48:47.640;Erro no arquivo
11;650433575;TJPE64498202109231632365320968;75aa2a03db38753c15d42cf682581b6c68a55014805df754271f33f0a0f2ba6f;7;1632365320978;;0;0;0;TJPE;G1;;2021/TJPE/09/G1/TJPE64498202109231632365320968;False;2021-09-22 23:48:40.978;Erro no arquivo
12;650433572;TJPE77691202109231632365313453;7f3ac05fc92c50770e54467cd79c2609c0fbd8f78d6713bde4487d7c745b093b;7;1632365313465;;0;0;0;TJPE;G1;;2021/TJPE/09/G1/TJPE77691202109231632365313453;False;2021-09-22 23:48:33.465;Erro no arquivo
13;650433569;TJPE62581202109231632365309289;2a3febb4f2acc344256b3c1569990f8715ae3a44557102fff1fcaee27f2dfe33;7;1632365309309;;0;0;0;TJPE;G1;;2021/TJPE/09/G1/TJPE62581202109231632365309289;False;2021-09-22 23:48:29.309;Erro no arquivo
14;650433559;TJPE11713202109231632365301486;1e51dc62dc35bb422e3a9d7a6cf950c51f2156c534145a399fc5172a75d436be;7;1632365301497;;0;0;0;TJPE;G1;;2021/TJPE/09/G1/TJPE11713202109231632365301486;False;2021-09-22 23:48:21.497;Erro no arquivo
15;650433556;TJPE89373202109231632365298362;c2eba569e17e27fda16a1dd73f1596a374fa567e5efe1cab9859bfc30d6adb72;3;1632365298370;;89;89;0;TJPE;G1;1043121.0;2021/TJPE/09/G1/TJPE89373202109231632365298362;False;2021-09-22 23:48:18.370;Processado com sucesso
16;650433545;TJPE12271202109231632365294424;974c57a358b8d1561768e2e6dcc99ce2cbc6227a68415e7793bc07c8f192d54f;7;1632365294431;;0;0;0;TJPE;G1;;2021/TJPE/09/G1/TJPE12271202109231632365294424;False;2021-09-22 23:48:14.431;Erro no arquivo
17;650433540;TJPE80723202109231632365291226;d0172e0e59b9ed96795fbe7a9d0e957566da45c8a27c9f7d6dcf608d67ccd5bd;7;1632365291246;;0;0;0;TJPE;G1;;2021/TJPE/09/G1/TJPE80723202109231632365291226;False;2021-09-22 23:48:11.246;Erro no arquivo
18;650433530;TJPE72678202109231632365284538;99018d620e3b8ff4952aaee51258282f300b514094958a65a84950c4ddd5168a;7;1632365284545;;0;0;0;TJPE;G1;;2021/TJPE/09/G1/TJPE72678202109231632365284538;False;2021-09-22 23:48:04.545;Erro no arquivo
19;650433502;TJPE88464202109231632365268388;80a577052a101290baf2249b4a0a6e9e310ce4d9d1e0e296af6a6170c491638a;7;1632365268395;;0;0;0;TJPE;G1;;2021/TJPE/09/G1/TJPE88464202109231632365268388;False;2021-09-22 23:47:48.395;Erro no arquivo
20;650433496;TJPE33118202109231632365264191;378a104108f4210ab73844c04fe5a074d516fb9ebbbd23d6500549ad032d6dd0;7;1632365264200;;0;0;0;TJPE;G1;;2021/TJPE/09/G1/TJPE33118202109231632365264191;False;2021-09-22 23:47:44.200;Erro no arquivo
21;650433479;TJPE66952202109231632365257150;775f65f1059c6a36eac62933c01c5c87b3cf68d0b7caccb1f6bbbe2d52a4fef8;7;1632365257158;;0;0;0;TJPE;G1;;2021/TJPE/09/G1/TJPE66952202109231632365257150;False;2021-09-22 23:47:37.158;Erro no arquivo
22;650433474;TJPE98485202109231632365254012;332e6df29ef2c3e2b365725826fca81ba74ccb08fb8f7d2fb3e963e683528fb8;7;1632365254022;;0;0;0;TJPE;G1;;2021/TJPE/09/G1/TJPE98485202109231632365254012;False;2021-09-22 23:47:34.022;Erro no arquivo
23;650433456;TJPE57371202109231632365245512;6c536eb6ee02b6bac2da188bcbc3f0ec38f7680c217caf205df25ea1626eaeaf;3;1632365245524;;98;98;0;TJPE;G1;1078961.0;2021/TJPE/09/G1/TJPE57371202109231632365245512;False;2021-09-22 23:47:25.524;Processado com sucesso
24;650433449;TJPE59230202109231632365243294;76bee49993be599ccb25722aacf97e61726365f0f73ad871db1c76f10fdfe40a;7;1632365243301;;0;0;0;TJPE;G1;;2021/TJPE/09/G1/TJPE59230202109231632365243294;False;2021-09-22 23:47:23.301;Erro no arquivo
25;650433440;TJPE67723202109231632365240250;d5e91174a5f202ed94f13598e411719477e2330967ff1c6a5c6731e1758d5212;7;1632365240272;;0;0;0;TJPE;G1;;2021/TJPE/09/G1/TJPE67723202109231632365240250;False;2021-09-22 23:47:20.272;Erro no arquivo
26;650433428;TJPE27274202109231632365236679;c249ffedf2f9e0fbd76aad1da571c9ad834a4d976b58ffd69d43c667e2d5e9a8;7;1632365236688;;0;0;0;TJPE;G1;;2021/TJPE/09/G1/TJPE27274202109231632365236679;False;2021-09-22 23:47:16.688;Erro no arquivo
27;650433421;TJPE49092202109231632365232165;089cb29c5c4722a3086fa9171969be9e50701f6b642a36be35f4c03d815966e5;7;1632365232175;;0;0;0;TJPE;G1;;2021/TJPE/09/G1/TJPE49092202109231632365232165;False;2021-09-22 23:47:12.175;Erro no arquivo
28;650433406;TJPE25038202109231632365224588;a73377ebdaf8a2eb8042eee92a168d27334a49e16bd96772e43f8afbf21e3bd2;7;1632365224597;;0;0;0;TJPE;G1;;2021/TJPE/09/G1/TJPE25038202109231632365224588;False;2021-09-22 23:47:04.597;Erro no arquivo
29;650433398;TJPE52388202109231632365220304;fd8a669bc327145b7004a1f40287f54552af84d95e4dab644dc8dd55dedb7a89;7;1632365220324;;0;0;0;TJPE;G1;;2021/TJPE/09/G1/TJPE52388202109231632365220304;False;2021-09-22 23:47:00.324;Erro no arquivo
30;650433388;TJPE79600202109231632365217125;f9ee25ebde37fd63df869fba6ebbaf9045c057d53db9c25822ea442374cc5e89;7;1632365217134;;0;0;0;TJPE;G1;;2021/TJPE/09/G1/TJPE79600202109231632365217125;False;2021-09-22 23:46:57.134;Erro no arquivo
31;650433286;TJPE39791202109231632365177949;bcb48ea721e9a75804bc49ba1c1502fdbacdb977c4c299679532628a55ddf8df;7;1632365177961;;0;0;0;TJPE;G1;;2021/TJPE/09/G1/TJPE39791202109231632365177949;False;2021-09-22 23:46:17.961;Erro no arquivo
32;650433284;TJPE95229202109231632365175988;208fd0e58bb09b89a10fc58413a08d638d7fca5128e78bd7f085f928a5ce3cf8;3;1632365175996;;100;100;0;TJPE;JE;1084200.0;2021/TJPE/09/JE/TJPE95229202109231632365175988;False;2021-09-22 23:46:15.996;Processado com sucesso
33;650433275;TJPE66499202109231632365174022;b2f46e09dc69a01420bf64fd449312940388b7d79a5e4afb8e7cf60d1a64afe5;7;1632365174035;;0;0;0;TJPE;G1;;2021/TJPE/09/G1/TJPE66499202109231632365174022;False;2021-09-22 23:46:14.035;Erro no arquivo
34;650433269;TJPE38068202109231632365171926;de282bf0aed4504391938e577dc90c4ccb4f0e4962e930f7ba329ef277559e0e;7;1632365171934;;0;0;0;TJPE;G1;;2021/TJPE/09/G1/TJPE38068202109231632365171926;False;2021-09-22 23:46:11.934;Erro no arquivo
35;650433257;TJPE58971202109231632365170056;391a73d2b1ec89b733eeb86010747cb04b454ed36b573443117562577020a02a;3;1632365170072;;100;100;0;TJPE;G1;1416475.0;2021/TJPE/09/G1/TJPE58971202109231632365170056;False;2021-09-22 23:46:10.072;Processado com sucesso
36;650433252;TJPE24682202109231632365167811;166d6791450348accefbaf6286131797ac558a8edce53c880fef0bee1231bb36;3;1632365167819;;100;100;0;TJPE;JE;1067507.0;2021/TJPE/09/JE/TJPE24682202109231632365167811;False;2021-09-22 23:46:07.819;Processado com sucesso
37;650433247;TJPE29771202109231632365165842;339e1d13f135f530bb34a9ff2911c4d7d35d2a9460d1ad360cbdc5dfa3f39deb;7;1632365165852;;0;0;0;TJPE;G1;;2021/TJPE/09/G1/TJPE29771202109231632365165842;False;2021-09-22 23:46:05.852;Erro no arquivo
38;650433241;TJPE74074202109231632365164114;ad6b4869df3f923fb7d1bd4e5957eacc511df52bb55d2f2eb996260ccdb5cfcd;3;1632365164128;;100;100;0;TJPE;G1;1196274.0;2021/TJPE/09/G1/TJPE74074202109231632365164114;False;2021-09-22 23:46:04.128;Processado com sucesso
39;650433231;TJPE57840202109231632365162076;5fc11c0c9c13516a67867f7b4349f4f9fe7094ae69ca0d246cf96acd7fc618ac;7;1632365162098;;0;0;0;TJPE;G1;;2021/TJPE/09/G1/TJPE57840202109231632365162076;False;2021-09-22 23:46:02.098;Erro no arquivo
0;650433224;TJPE79256202109231632365160150;8021223eceef86dfcc813c2593d32ea46e42ed413aabf3a37807db56885f2c94;3;1632365160159;;100;100;0;TJPE;JE;1147246.0;2021/TJPE/09/JE/TJPE79256202109231632365160150;False;2021-09-22 23:46:00.159;Processado com sucesso
1;650433217;TJPE95874202109231632365158204;4174f8261b7e2887e206ade0fec2cbbb23cf9e98949e9ab4e98fa2367193d3ac;3;1632365158216;;100;100;0;TJPE;JE;1057876.0;2021/TJPE/09/JE/TJPE95874202109231632365158204;False;2021-09-22 23:45:58.216;Processado com sucesso
2;650433206;TJPE60169202109231632365156180;e78603673acc39deec0f22e78d3043a78c3e4e5e431755335d6d9e2477853b1d;7;1632365156240;;0;0;0;TJPE;G1;;2021/TJPE/09/G1/TJPE60169202109231632365156180;False;2021-09-22 23:45:56.240;Erro no arquivo
3;650433202;TJPE71152202109231632365154292;a5db7b6edf86c6b42e58427a999fdfdfbd5920ff39132c355b7c0c3164c40459;7;1632365154300;;0;0;0;TJPE;G1;;2021/TJPE/09/G1/TJPE71152202109231632365154292;False;2021-09-22 23:45:54.300;Erro no arquivo
4;650433199;TJPE45844202109231632365152317;3d65064fd28e2df3498282ea4fa129e2ee8c1417e684ea148bde4bc9c28f7861;7;1632365152327;;0;0;0;TJPE;G1;;2021/TJPE/09/G1/TJPE45844202109231632365152317;False;2021-09-22 23:45:52.327;Erro no arquivo
5;650433191;TJPE60639202109231632365150398;b921d7e5ddccd768b7cbcc07240c1d05eab6d81589583b3307e2a453965b9af3;7;1632365150407;;0;0;0;TJPE;G1;;2021/TJPE/09/G1/TJPE60639202109231632365150398;False;2021-09-22 23:45:50.407;Erro no arquivo
6;650433172;TJPE30945202109231632365144917;70bbd2b65a7cdb0af81b9103866cfd8e0d03fae1d9b4af873cd251ff00f0f949;7;1632365144926;;0;0;0;TJPE;G1;;2021/TJPE/09/G1/TJPE30945202109231632365144917;False;2021-09-22 23:45:44.926;Erro no arquivo
7;650433162;TJPE48514202109231632365138348;fa733ebd9be8c20c35bc71a2269054bbae87d9c85c2ddea9bc10d3fbe7f34b1a;7;1632365138357;;0;0;0;TJPE;G1;;2021/TJPE/09/G1/TJPE48514202109231632365138348;False;2021-09-22 23:45:38.357;Erro no arquivo
8;650433136;TJPE84205202109231632365128838;281cd989bfc42ae4ab49f6714662803446cf56dc0575a3d825a0537c8acb6625;3;1632365128847;;100;100;0;TJPE;JE;1167435.0;2021/TJPE/09/JE/TJPE84205202109231632365128838;False;2021-09-22 23:45:28.847;Processado com sucesso
10;650433127;TJPE74883202109231632365122215;62d6632265582cc053c157e850b03646fb7b3914cf4d87c2052bb007781e8b98;7;1632365122224;;0;0;0;TJPE;G1;;2021/TJPE/09/G1/TJPE74883202109231632365122215;False;2021-09-22 23:45:22.224;Erro no arquivo
11;650433032;TJPE24689202109231632365068095;6204ead1bae89a2e5b1e843b6f88a4e5a2e817e45ad68ecdb622e7709cb4acec;7;1632365068105;;0;0;0;TJPE;G1;;2021/TJPE/09/G1/TJPE24689202109231632365068095;False;2021-09-22 23:44:28.105;Erro no arquivo
12;650433025;TJPE74829202109231632365065901;091b171459d1d6486889dd986af703281447aac6d26d43da64ec5ab936e62619;7;1632365065914;;0;0;0;TJPE;G1;;2021/TJPE/09/G1/TJPE74829202109231632365065901;False;2021-09-22 23:44:25.914;Erro no arquivo
13;650433023;TJPE36376202109231632365064076;d96e467ed5ca627a9962ba4fddf349c25e79edb7963543b6eae595657d3d8e3a;7;1632365064091;;0;0;0;TJPE;G1;;2021/TJPE/09/G1/TJPE36376202109231632365064076;False;2021-09-22 23:44:24.091;Erro no arquivo
14;650433017;TJPE57793202109231632365062015;7e44071ff176afe463c28f3478ce5e3d9a2ea7e171ad934ac75a9017256631f5;7;1632365062026;;0;0;0;TJPE;G1;;2021/TJPE/09/G1/TJPE57793202109231632365062015;False;2021-09-22 23:44:22.026;Erro no arquivo
15;650433007;TJPE17753202109231632365059807;141c72507e9384ef7f2dcc0c0d483814f1281d69e4addeff1370915ceb9627c4;7;1632365059820;;0;0;0;TJPE;G1;;2021/TJPE/09/G1/TJPE17753202109231632365059807;False;2021-09-22 23:44:19.820;Erro no arquivo
16;650432999;TJPE16128202109231632365057485;2915322897572e3d1757e3a4895935c5bef6133ee03ce2b62c8b836d4de9d0f0;7;1632365057494;;0;0;0;TJPE;G1;;2021/TJPE/09/G1/TJPE16128202109231632365057485;False;2021-09-22 23:44:17.494;Erro no arquivo
17;650432996;TJPE98181202109231632365055410;e5179d56a87429f8863d1fe4083eab247c31d36151bf180a8fb9453faec63d14;7;1632365055417;;0;0;0;TJPE;G1;;2021/TJPE/09/G1/TJPE98181202109231632365055410;False;2021-09-22 23:44:15.417;Erro no arquivo
18;650432990;TJPE85859202109231632365053610;2ee6bb8c692a0860d70f446fe9a8cfc50aa5bdd576c62a3f1302ad07a48b11cf;3;1632365053620;;100;100;0;TJPE;G1;1292713.0;2021/TJPE/09/G1/TJPE85859202109231632365053610;False;2021-09-22 23:44:13.620;Processado com sucesso
19;650432982;TJPE35164202109231632365051476;8fac3eafbc9c75e002fe30a218e208988a290ee721e3e7bf9068362cf4936776;3;1632365051495;;100;100;0;TJPE;JE;1015706.0;2021/TJPE/09/JE/TJPE35164202109231632365051476;False;2021-09-22 23:44:11.495;Processado com sucesso
20;650432980;TJPE96005202109231632365049617;375aff83e38715b33f15e488ad88e0943cad952699f44647a9d4514c222c9933;3;1632365049638;;100;100;0;TJPE;JE;1137081.0;2021/TJPE/09/JE/TJPE96005202109231632365049617;False;2021-09-22 23:44:09.638;Processado com sucesso
21;650432971;TJPE52169202109231632365047524;98fcc53fc1a501ce30c90eeaa2963a4390b5a06493bd09a0a0f3f9a676d69024;7;1632365047532;;0;0;0;TJPE;G1;;2021/TJPE/09/G1/TJPE52169202109231632365047524;False;2021-09-22 23:44:07.532;Erro no arquivo
22;650432969;TJPE45658202109231632365045770;1232715cbbb39cc6aedaa2cd704418141a8ed6e74038b7f8c49940fdea73e91f;7;1632365045779;;0;0;0;TJPE;JE;;2021/TJPE/09/JE/TJPE45658202109231632365045770;False;2021-09-22 23:44:05.779;Erro no arquivo
23;650432965;TJPE18246202109231632365042896;e1904690af354547482ba14b7c7571a26e180429a7ded4fe73222aa72b2344de;3;1632365042904;;77;77;0;TJPE;JE;1028296.0;2021/TJPE/09/JE/TJPE18246202109231632365042896;False;2021-09-22 23:44:02.904;Processado com sucesso
24;650432962;TJPE24083202109231632365041104;52f0d56f9c9d744302e0e4deacdcf171a04f28e2f4fd0c0502de8110fda25c0f;7;1632365041111;;0;0;0;TJPE;G1;;2021/TJPE/09/G1/TJPE24083202109231632365041104;False;2021-09-22 23:44:01.111;Erro no arquivo
25;650432957;TJPE71276202109231632365039314;084c2efd6699c27681f8127614dd8f38b90e19141dfcfbe701a1f74fc8f27586;7;1632365039322;;0;0;0;TJPE;G1;;2021/TJPE/09/G1/TJPE71276202109231632365039314;False;2021-09-22 23:43:59.322;Erro no arquivo
26;650432951;TJPE42967202109231632365037418;e0df50491851a1efaec24405d7c39ad1d34cb988d23c356334a42e578e8bcaeb;7;1632365037426;;0;0;0;TJPE;G1;;2021/TJPE/09/G1/TJPE42967202109231632365037418;False;2021-09-22 23:43:57.426;Erro no arquivo
27;650432941;TJPE25215202109231632365035476;f6e47b441c4c03ad5d6ce0310f51085326ecfacb5434fd7bb40dcf1201d27af6;7;1632365035486;;0;0;0;TJPE;G1;;2021/TJPE/09/G1/TJPE25215202109231632365035476;False;2021-09-22 23:43:55.486;Erro no arquivo
28;650432934;TJPE66034202109231632365033107;330344615eee2dc761c40b0c5b9ac27ee92efedd407c669e56627af02f5f24d9;3;1632365033122;;100;100;0;TJPE;G1;1461796.0;2021/TJPE/09/G1/TJPE66034202109231632365033107;False;2021-09-22 23:43:53.122;Processado com sucesso
29;650432928;TJPE30951202109231632365030886;f77b0ad4f825b8e52c64b6de0e680affd7025df113b26d864761690f0d26a539;7;1632365030895;;0;0;0;TJPE;G1;;2021/TJPE/09/G1/TJPE30951202109231632365030886;False;2021-09-22 23:43:50.895;Erro no arquivo
30;650432896;TJPE38852202109231632365022668;6c4eafd54efbb552daebcfa6defa2a7267e8624662ace5078c87fd11881b4203;7;1632365022680;;0;0;0;TJPE;G1;;2021/TJPE/09/G1/TJPE38852202109231632365022668;False;2021-09-22 23:43:42.680;Erro no arquivo
31;650432887;TJPE21923202109231632365020752;8e26271ffbee09e4a2097f4c5ebf5ce437c2c15a8c43a35b9130b67744fe21a0;7;1632365020759;;0;0;0;TJPE;G1;;2021/TJPE/09/G1/TJPE21923202109231632365020752;False;2021-09-22 23:43:40.759;Erro no arquivo
32;650432886;TJPE65039202109231632365019027;4c9e36f92c6aca3eef6c8191324276ac3e551b7c77071288201dcd8e00ecc66a;7;1632365019035;;0;0;0;TJPE;G1;;2021/TJPE/09/G1/TJPE65039202109231632365019027;False;2021-09-22 23:43:39.035;Erro no arquivo
33;650432879;TJPE31543202109231632365017096;c8283779b9f3c6e38ff234f380ba99f38d6fbfb2cb7a39841c40e3ad643095fb;7;1632365017105;;0;0;0;TJPE;G1;;2021/TJPE/09/G1/TJPE31543202109231632365017096;False;2021-09-22 23:43:37.105;Erro no arquivo
34;650432867;TJPE57496202109231632365015174;df8196e0415fe4cb95938775eff75a34dd1a90aba2c9cb3d65d99ffcbf43378c;7;1632365015197;;0;0;0;TJPE;G1;;2021/TJPE/09/G1/TJPE57496202109231632365015174;False;2021-09-22 23:43:35.197;Erro no arquivo
35;650432859;TJPE51629202109231632365013108;d8a7bfb3cdd9e06a155e6b54af638f73e38d276864f58dacaf29c0bc894e1736;7;1632365013116;;0;0;0;TJPE;G1;;2021/TJPE/09/G1/TJPE51629202109231632365013108;False;2021-09-22 23:43:33.116;Erro no arquivo
36;650432853;TJPE37650202109231632365011024;9bb4fcac955714c3fbb60040a52f99074e0cf6342f3b9cc19d7229bd3351adfa;7;1632365011039;;0;0;0;TJPE;G1;;2021/TJPE/09/G1/TJPE37650202109231632365011024;False;2021-09-22 23:43:31.039;Erro no arquivo
37;650432849;TJPE41171202109231632365008834;b61aabedfa33964d6bed99f11bca476c0c11efae855cd6c2c4e42036411d9817;7;1632365008858;;0;0;0;TJPE;G1;;2021/TJPE/09/G1/TJPE41171202109231632365008834;False;2021-09-22 23:43:28.858;Erro no arquivo
38;650432842;TJPE37987202109231632365006835;ccacf5c62d7a2764033c05e4214d53c9dd4920b85a4008c5ee7d455e2cb77545;7;1632365006849;;0;0;0;TJPE;G1;;2021/TJPE/09/G1/TJPE37987202109231632365006835;False;2021-09-22 23:43:26.849;Erro no arquivo
39;650432838;TJPE62565202109231632365004711;901abc81b3ffb8859b3e1614defaf5e3c763b974619e968bb74fb0d927a05d54;7;1632365004718;;0;0;0;TJPE;G1;;2021/TJPE/09/G1/TJPE62565202109231632365004711;False;2021-09-22 23:43:24.718;Erro no arquivo
0;650432834;TJPE46893202109231632365002920;9d86cb366294cede9ceda66811e53d300fb7ecbd1efee75fcf88a5d7994e2819;7;1632365002932;;0;0;0;TJPE;G1;;2021/TJPE/09/G1/TJPE46893202109231632365002920;False;2021-09-22 23:43:22.932;Erro no arquivo
1;650432828;TJPE88210202109231632365000680;6ef97b6de3bd2a59d553c7b9fe09603ef083de49c0b411e4bb2500c121e74ab4;7;1632365000687;;0;0;0;TJPE;G1;;2021/TJPE/09/G1/TJPE88210202109231632365000680;False;2021-09-22 23:43:20.687;Erro no arquivo
2;650432815;TJPE40440202109231632364998999;913e7067b85f31dd9c2e064af1aeead16cc39de1d4b29574678b3e0ae7e77331;7;1632364999013;;0;0;0;TJPE;G1;;2021/TJPE/09/G1/TJPE40440202109231632364998999;False;2021-09-22 23:43:19.013;Erro no arquivo
3;650432810;TJPE36461202109231632364997057;9c47365f1132560f184d96e5e1429ad2dddc52ecfcc901d6e3ce597ce9276539;7;1632364997067;;0;0;0;TJPE;G1;;2021/TJPE/09/G1/TJPE36461202109231632364997057;False;2021-09-22 23:43:17.067;Erro no arquivo
4;650432804;TJPE38154202109231632364994732;8300c577115528d4ae41981d1e9409f3cb71bdd25ff8c69836d0402db93a9d01;7;1632364994743;;0;0;0;TJPE;G1;;2021/TJPE/09/G1/TJPE38154202109231632364994732;False;2021-09-22 23:43:14.743;Erro no arquivo
5;650432798;TJPE33983202109231632364992698;0026f7fcee61f41b8f63f3680b1193df358f342e042a2eba3274f9eeb8b2d56f;7;1632364992708;;0;0;0;TJPE;G1;;2021/TJPE/09/G1/TJPE33983202109231632364992698;False;2021-09-22 23:43:12.708;Erro no arquivo
6;650432788;TJPE38342202109231632364990109;4e94ca345507a8cab56abf254bc90951721530b9d445e664bd2cc58f6ba12924;7;1632364990118;;0;0;0;TJPE;G1;;2021/TJPE/09/G1/TJPE38342202109231632364990109;False;2021-09-22 23:43:10.118;Erro no arquivo
7;650432785;TJPE13598202109231632364987814;aca8a485d6c11cfb0706bfcab977fced8ca0466cd12456b3be9022e46fd3b65d;7;1632364987828;;0;0;0;TJPE;G1;;2021/TJPE/09/G1/TJPE13598202109231632364987814;False;2021-09-22 23:43:07.828;Erro no arquivo
8;650432778;TJPE99734202109231632364985906;6faa4aacdb98d7db77889cd86afac403c252fd3f5b93d780633a74ee8116e834;7;1632364985915;;0;0;0;TJPE;G1;;2021/TJPE/09/G1/TJPE99734202109231632364985906;False;2021-09-22 23:43:05.915;Erro no arquivo
9;650432775;TJPE59807202109231632364983910;eba643bf0618ca7139948baf25cddcabc199f19739ae4f47e434e97ae6b1c5b6;7;1632364983918;;0;0;0;TJPE;JE;;2021/TJPE/09/JE/TJPE59807202109231632364983910;False;2021-09-22 23:43:03.918;Erro no arquivo
10;650432768;TJPE16842202109231632364981946;bba00653379ed1bcdb2a1799d753d6f3c3904530fa2a6c0fd074606a6eb4b861;7;1632364981968;;0;0;0;TJPE;G1;;2021/TJPE/09/G1/TJPE16842202109231632364981946;False;2021-09-22 23:43:01.968;Erro no arquivo
11;650432765;TJPE38301202109231632364979772;a60ba2778e709a16ff3780e25772136c2456b12dc6dcf3d2df7513236bb6f750;7;1632364979780;;0;0;0;TJPE;G1;;2021/TJPE/09/G1/TJPE38301202109231632364979772;False;2021-09-22 23:42:59.780;Erro no arquivo
12;650432760;TJPE70013202109231632364977684;9e30ba04a7ce2932c13214eef5ab60a66d391df9db75d457f8f1aad5901a2a41;3;1632364977693;;100;100;0;TJPE;JE;1078766.0;2021/TJPE/09/JE/TJPE70013202109231632364977684;False;2021-09-22 23:42:57.693;Processado com sucesso
13;650432756;TJPE29589202109231632364975546;ffc3598f00995fbaf1bf6fe1344d2055db7a5e6ac6ba4f747ab88cbc1f82cad6;7;1632364975558;;0;0;0;TJPE;G1;;2021/TJPE/09/G1/TJPE29589202109231632364975546;False;2021-09-22 23:42:55.558;Erro no arquivo
14;650432753;TJPE29676202109231632364973829;b577e01afa201bbf7be2e768d5a8e605f9a00afbe504da876e5a06b9c5d83613;7;1632364973841;;0;0;0;TJPE;G1;;2021/TJPE/09/G1/TJPE29676202109231632364973829;False;2021-09-22 23:42:53.841;Erro no arquivo
15;650432750;TJPE45394202109231632364971917;f809ba6b7009b57586649fc36ce6ed8e22b8d3d474d29c376abcc9a2ee7b6d21;7;1632364971925;;0;0;0;TJPE;G1;;2021/TJPE/09/G1/TJPE45394202109231632364971917;False;2021-09-22 23:42:51.925;Erro no arquivo
16;650432742;TJPE47778202109231632364969009;e7dc6e1455461634424d30e2cd87ff40fef9cb1b90a0c9f37ebfad768b88b1bb;7;1632364969015;;0;0;0;TJPE;G1;;2021/TJPE/09/G1/TJPE47778202109231632364969009;False;2021-09-22 23:42:49.015;Erro no arquivo
17;650432740;TJPE60288202109231632364967458;4399378d8ee9a9954749799d2d45db5c26e0cc5b03d95c810bf0521fee2d55ca;7;1632364967465;;0;0;0;TJPE;G1;;2021/TJPE/09/G1/TJPE60288202109231632364967458;False;2021-09-22 23:42:47.465;Erro no arquivo
18;650432731;TJPE19377202109231632364965784;3954b8023054a75eebdfe8a3485700b8a7d7baf8ef66b0a672c05193168015d9;7;1632364965797;;0;0;0;TJPE;G1;;2021/TJPE/09/G1/TJPE19377202109231632364965784;False;2021-09-22 23:42:45.797;Erro no arquivo
19;650432724;TJPE93981202109231632364963659;04da6e80b4d4b957d5656ef195a805f2288026b16ce7b59c4d76e937de331115;7;1632364963671;;0;0;0;TJPE;G1;;2021/TJPE/09/G1/TJPE93981202109231632364963659;False;2021-09-22 23:42:43.671;Erro no arquivo
20;650432718;TJPE67596202109231632364962215;5c2ff0465be9292de4ed10087573f422ae8468f03a0952cf47e6e99918e3e1fd;7;1632364962230;;0;0;0;TJPE;G1;;2021/TJPE/09/G1/TJPE67596202109231632364962215;False;2021-09-22 23:42:42.230;Erro no arquivo
21;650432706;TJPE22408202109231632364960157;b9080098ec92146b693a9454f33c940b163ca6b08b84d5812f820f65fcf32b88;7;1632364960182;;0;0;0;TJPE;G1;;2021/TJPE/09/G1/TJPE22408202109231632364960157;False;2021-09-22 23:42:40.182;Erro no arquivo
22;650432700;TJPE36653202109231632364958162;9a8d775c53b6b838c52936bc35d088c14e6a38ce6d6feed35649f0175e80a9d9;7;1632364958184;;0;0;0;TJPE;G1;;2021/TJPE/09/G1/TJPE36653202109231632364958162;False;2021-09-22 23:42:38.184;Erro no arquivo
23;650432695;TJPE19347202109231632364956338;e5feaad167b41794aeb84532059f07cba61b0e7ffde1e49b763ec672542ff83c;7;1632364956346;;0;0;0;TJPE;G1;;2021/TJPE/09/G1/TJPE19347202109231632364956338;False;2021-09-22 23:42:36.346;Erro no arquivo
24;650432688;TJPE15167202109231632364954620;5147ea7d8cc5fcac10aac722048f15d5e155cd033ded5121a3ed6aba8964ee71;7;1632364954631;;0;0;0;TJPE;G1;;2021/TJPE/09/G1/TJPE15167202109231632364954620;False;2021-09-22 23:42:34.631;Erro no arquivo
25;650432687;TJPE86314202109231632364952941;1fa5a55ad5bd3e229414fad7b17542defb1d385f39de613d142d615b2ae38bff;3;1632364952949;;100;100;0;TJPE;JE;1054255.0;2021/TJPE/09/JE/TJPE86314202109231632364952941;False;2021-09-22 23:42:32.949;Processado com sucesso
26;650432680;TJPE21568202109231632364951256;4296dbff6c65f14726e770331bb76594d6b49bb087068a4477baa380e63e260c;7;1632364951265;;0;0;0;TJPE;G1;;2021/TJPE/09/G1/TJPE21568202109231632364951256;False;2021-09-22 23:42:31.265;Erro no arquivo
27;650432672;TJPE11788202109231632364949462;9db9603877cf8a90f9df6f50b016eb8a7f608ab4d2525ba72f414361b1078c69;7;1632364949474;;0;0;0;TJPE;G1;;2021/TJPE/09/G1/TJPE11788202109231632364949462;False;2021-09-22 23:42:29.474;Erro no arquivo
28;650432665;TJPE36390202109231632364947590;539fb1a71e2291513fd17e7ad44c2fec45bf0e4360cd0ae7a88d091085d45a8c;7;1632364947604;;0;0;0;TJPE;G1;;2021/TJPE/09/G1/TJPE36390202109231632364947590;False;2021-09-22 23:42:27.604;Erro no arquivo
29;650432659;TJPE11950202109231632364945637;20c760e01f3b9f27d77f32517619b28f4f32bc32b8a7f7b4e6f6b8db82440704;7;1632364945646;;0;0;0;TJPE;G1;;2021/TJPE/09/G1/TJPE11950202109231632364945637;False;2021-09-22 23:42:25.646;Erro no arquivo
30;650432654;TJPE86335202109231632364943590;152eccc0ee3299d0525317574deb19c0766dfbd3d7561cdddf240d88ca3505b7;7;1632364943600;;0;0;0;TJPE;G1;;2021/TJPE/09/G1/TJPE86335202109231632364943590;False;2021-09-22 23:42:23.600;Erro no arquivo
31;650432647;TJPE25484202109231632364941612;cf3ee831cf084a2bf261aeec79fbe23c9fbebf2f74b21f01ca4881f90ed62a68;7;1632364941622;;0;0;0;TJPE;G1;;2021/TJPE/09/G1/TJPE25484202109231632364941612;False;2021-09-22 23:42:21.622;Erro no arquivo
32;650432642;TJPE26306202109231632364939471;1a7b7293673ed32463e7ea51752a3909098c3ae64a7309801cbd366602a976c6;7;1632364939478;;0;0;0;TJPE;G1;;2021/TJPE/09/G1/TJPE26306202109231632364939471;False;2021-09-22 23:42:19.478;Erro no arquivo
33;650432639;TJPE62749202109231632364937796;80c705411f6a85a89ce435e13ffab60a6ddc5f430f2f190a0e5e1b05797a7e8c;7;1632364937808;;0;0;0;TJPE;G1;;2021/TJPE/09/G1/TJPE62749202109231632364937796;False;2021-09-22 23:42:17.808;Erro no arquivo
34;650432603;TJPE86564202109231632364925703;df6d98fa26964cf0e52d53dece354d806399008b3a561b76edffa396e412eeea;7;1632364925717;;0;0;0;TJPE;G1;;2021/TJPE/09/G1/TJPE86564202109231632364925703;False;2021-09-22 23:42:05.717;Erro no arquivo
35;650432597;TJPE79712202109231632364920047;f1ac02587dd1470e35136baa1ce8ddba07073f0751d3ab07195a7cc62bd31672;7;1632364920058;;0;0;0;TJPE;G1;;2021/TJPE/09/G1/TJPE79712202109231632364920047;False;2021-09-22 23:42:00.058;Erro no arquivo
36;650432589;TJPE80257202109231632364917154;b394037f46207ace4421e2654e5f3ff5380570d8b5a2fb59f7a7d057ded42066;7;1632364917161;;0;0;0;TJPE;JE;;2021/TJPE/09/JE/TJPE80257202109231632364917154;False;2021-09-22 23:41:57.161;Erro no arquivo
37;650432578;TJPE47610202109231632364911810;526609458aca1c135e940104e4022f9670c3194f576a1596a05d831877a54f48;7;1632364911819;;0;0;0;TJPE;G1;;2021/TJPE/09/G1/TJPE47610202109231632364911810;False;2021-09-22 23:41:51.819;Erro no arquivo
38;650432524;TJPE69261202109231632364893709;c8e68904a47e31d8f2529c5e5e88cdd8c7b2b753a580aae3504684925a678483;7;1632364893731;;0;0;0;TJPE;G1;;2021/TJPE/09/G1/TJPE69261202109231632364893709;False;2021-09-22 23:41:33.731;Erro no arquivo
39;650432497;TJPE67077202109231632364874435;b3b97e12c5f777a53f74f09656705f7d8548703164ae7a19211636cdb22df47d;7;1632364874443;;0;0;0;TJPE;G1;;2021/TJPE/09/G1/TJPE67077202109231632364874435;False;2021-09-22 23:41:14.443;Erro no arquivo
0;650432484;TJPE76868202109231632364868523;a4b7599af6e06d88add6e60187cbd6a5c12c52f4786f1756bb6331ddd63ac7f5;7;1632364868532;;0;0;0;TJPE;G1;;2021/TJPE/09/G1/TJPE76868202109231632364868523;False;2021-09-22 23:41:08.532;Erro no arquivo
1;650432458;TJPE58022202109231632364863334;3c6a9153d9a7470435cb55de70e4eb84a2d05e1045869c88fe255dd422571e86;7;1632364863343;;0;0;0;TJPE;G1;;2021/TJPE/09/G1/TJPE58022202109231632364863334;False;2021-09-22 23:41:03.343;Erro no arquivo
2;650432447;TJPE69929202109231632364857937;9ecd5ae2b43be4d750282beb066257f70d373e4cb26f4969995432a08ecc99d8;7;1632364857945;;0;0;0;TJPE;G1;;2021/TJPE/09/G1/TJPE69929202109231632364857937;False;2021-09-22 23:40:57.945;Erro no arquivo
3;650432430;TJPE39896202109231632364850757;a9fe245dc3a3f54f73a2a4f830ed2013b84ffeb97f35f47a21b25f8f80cfe725;7;1632364850764;;0;0;0;TJPE;G1;;2021/TJPE/09/G1/TJPE39896202109231632364850757;False;2021-09-22 23:40:50.764;Erro no arquivo
4;650432427;TJPE61791202109231632364848065;4af81c1601a0b9c3ffd51e5c8a17e5803fa9b6ba97044558f7db8ac676fe0550;7;1632364848073;;0;0;0;TJPE;G1;;2021/TJPE/09/G1/TJPE61791202109231632364848065;False;2021-09-22 23:40:48.073;Erro no arquivo
5;650432415;TJPE86949202109231632364844300;5ac83d2b5db2b1dcea132b19d46ececa0ed66d193d1f541bb19aa7ff7d7e1a5c;7;1632364844309;;0;0;0;TJPE;G1;;2021/TJPE/09/G1/TJPE86949202109231632364844300;False;2021-09-22 23:40:44.309;Erro no arquivo
6;650432392;TJPE54643202109231632364835829;8af253aeaea4398ed9174032ef8e046f6bfc3183010f3933173e2a7f4561eb1a;7;1632364835837;;0;0;0;TJPE;G1;;2021/TJPE/09/G1/TJPE54643202109231632364835829;False;2021-09-22 23:40:35.837;Erro no arquivo
7;650432381;TJPE73569202109231632364831931;19a72b59d19b1288b493a1948727f1b4793bfbf1940cddc02fb9587cb14bfcc4;7;1632364831944;;0;0;0;TJPE;G1;;2021/TJPE/09/G1/TJPE73569202109231632364831931;False;2021-09-22 23:40:31.944;Erro no arquivo
8;650432358;TJPE20965202109231632364827459;b007d3e3fd13fdbb4c17eb55a08c722e97ca4b775bc497dbd056e9118438c47f;7;1632364827468;;0;0;0;TJPE;G1;;2021/TJPE/09/G1/TJPE20965202109231632364827459;False;2021-09-22 23:40:27.468;Erro no arquivo
9;650432337;TJPE81683202109231632364821750;67fee0c9bb9420c7e2cde7e053dd1fd2cc22aedb5e1e2c6db24adf6fa4f4994f;3;1632364821758;;98;98;0;TJPE;G1;1051855.0;2021/TJPE/09/G1/TJPE81683202109231632364821750;False;2021-09-22 23:40:21.758;Processado com sucesso
10;650432327;TJPE11640202109231632364816861;5defa9b77c5f0fbb542f4d0a527bf9e73f414cfb68891ab34a905ade5198419c;3;1632364816874;;100;100;0;TJPE;JE;1125691.0;2021/TJPE/09/JE/TJPE11640202109231632364816861;False;2021-09-22 23:40:16.874;Processado com sucesso
11;650432314;TJPE84246202109231632364811267;b51a715efdca8d11cbc40e92f765c4c445d32e77ae448b557c2b464b4f39440f;7;1632364811277;;0;0;0;TJPE;G1;;2021/TJPE/09/G1/TJPE84246202109231632364811267;False;2021-09-22 23:40:11.277;Erro no arquivo
12;650432301;TJPE93738202109231632364805767;a88230c5afe2d19e73829c3ed61c56a041d2cda5dece81b524c10542af029a92;7;1632364805775;;0;0;0;TJPE;G1;;2021/TJPE/09/G1/TJPE93738202109231632364805767;False;2021-09-22 23:40:05.775;Erro no arquivo
13;650432284;TJPE22384202109231632364800172;115b091276739c1a2a535ecec168117b79f5ada91b27191d9f21133e1e29531b;3;1632364800189;;100;100;0;TJPE;G1;1429189.0;2021/TJPE/09/G1/TJPE22384202109231632364800172;False;2021-09-22 23:40:00.189;Processado com sucesso
14;650432279;TJPE75557202109231632364795900;65478fe87e4becd8201b8132f4e29b5d43390c2ac597d7379f0015d6d8afce62;7;1632364795910;;0;0;0;TJPE;G1;;2021/TJPE/09/G1/TJPE75557202109231632364795900;False;2021-09-22 23:39:55.910;Erro no arquivo
15;650432268;TJPE76983202109231632364793485;e38dc55e2223c1458aa170bd01868eee88e04fc00c04e7a531450689eab2be62;7;1632364793496;;0;0;0;TJPE;G1;;2021/TJPE/09/G1/TJPE76983202109231632364793485;False;2021-09-22 23:39:53.496;Erro no arquivo
16;650432260;TJPE37511202109231632364791616;45ddc979bbaed0c342cd6107ad0d29a8165441f2a2d57d69ae6f555bad7acd89;3;1632364791627;;100;100;0;TJPE;JE;1455759.0;2021/TJPE/09/JE/TJPE37511202109231632364791616;False;2021-09-22 23:39:51.627;Processado com sucesso
17;650432254;TJPE34909202109231632364789122;41e3b63779065cde1f2da3df56d4c5afd2621932635ffd13a63efab2c496a5b1;7;1632364789134;;0;0;0;TJPE;G1;;2021/TJPE/09/G1/TJPE34909202109231632364789122;False;2021-09-22 23:39:49.134;Erro no arquivo
18;650432249;TJPE10594202109231632364787326;1fead0bb525c42fb2ddda62d95bf507a5f7900d8bcbdf9d0f91a1c3eaf5d9bf1;7;1632364787332;;0;0;0;TJPE;G1;;2021/TJPE/09/G1/TJPE10594202109231632364787326;False;2021-09-22 23:39:47.332;Erro no arquivo
19;650432241;TJPE79571202109231632364785639;5e53b1a4f57dc76528c2c7b852aea1f63debdccb3613d3854bb9f7df8c17902e;7;1632364785647;;0;0;0;TJPE;G1;;2021/TJPE/09/G1/TJPE79571202109231632364785639;False;2021-09-22 23:39:45.647;Erro no arquivo
20;650432237;TJPE17410202109231632364783794;bdc17d2faa8bb4de7138610cbc6775fb813c1363bda8f8447c8241bbe82f246e;7;1632364783801;;0;0;0;TJPE;G1;;2021/TJPE/09/G1/TJPE17410202109231632364783794;False;2021-09-22 23:39:43.801;Erro no arquivo
21;650432234;TJPE44375202109231632364782125;a076c6b13c3af777a75674c2e7abe347879958f95af29cf8cea84f92f77545bc;7;1632364782133;;0;0;0;TJPE;G1;;2021/TJPE/09/G1/TJPE44375202109231632364782125;False;2021-09-22 23:39:42.133;Erro no arquivo
22;650432229;TJPE17136202109231632364779586;c3757efc9afe57a38ff28ddd0b316e1ea4ae36758cc5e539c25414a6a276d11e;7;1632364779606;;0;0;0;TJPE;G1;;2021/TJPE/09/G1/TJPE17136202109231632364779586;False;2021-09-22 23:39:39.606;Erro no arquivo
23;650432223;TJPE73236202109231632364777659;ec46d28ad5bf11a7fc1dc10e34b58f1f6d5a251e8e2df96ef11f0b1c6c342b25;3;1632364777670;;100;100;0;TJPE;JE;1396708.0;2021/TJPE/09/JE/TJPE73236202109231632364777659;False;2021-09-22 23:39:37.670;Processado com sucesso
24;650432219;TJPE80353202109231632364775560;3d880df81b0c745885f6ad83ad093c0171688fd190e2a812e74524952584c096;7;1632364775568;;0;0;0;TJPE;G1;;2021/TJPE/09/G1/TJPE80353202109231632364775560;False;2021-09-22 23:39:35.568;Erro no arquivo
25;650432211;TJPE89726202109231632364773600;3696a5c74160bf4878fb4fc3c21ac54725b1311cea8564f856f1929826e1f7e3;7;1632364773606;;0;0;0;TJPE;G1;;2021/TJPE/09/G1/TJPE89726202109231632364773600;False;2021-09-22 23:39:33.606;Erro no arquivo
26;650432209;TJPE15098202109231632364771161;5dc2828d3e148106baf40598d60ea1c540f7f698302be882b95045d61248c5d5;7;1632364771171;;0;0;0;TJPE;G1;;2021/TJPE/09/G1/TJPE15098202109231632364771161;False;2021-09-22 23:39:31.171;Erro no arquivo
27;650432204;TJPE57611202109231632364769557;a413c67588f7ca577d3a31415fdc225983efa6126ab9f51e6162459d49f832ce;7;1632364769578;;0;0;0;TJPE;G1;;2021/TJPE/09/G1/TJPE57611202109231632364769557;False;2021-09-22 23:39:29.578;Erro no arquivo
28;650432203;TJPE39969202109231632364767461;41c63383e575571d9916d406c9c593efa8da7bc452ecec518644cc55449e6ed8;3;1632364767477;;100;100;0;TJPE;JE;1034793.0;2021/TJPE/09/JE/TJPE39969202109231632364767461;False;2021-09-22 23:39:27.477;Processado com sucesso
29;650432200;TJPE52102202109231632364765431;7c3a63f4a8ac39a2c737128a196ee5248c3aa9302b98220e0bb793f4c5208fbe;7;1632364765438;;0;0;0;TJPE;G1;;2021/TJPE/09/G1/TJPE52102202109231632364765431;False;2021-09-22 23:39:25.438;Erro no arquivo
30;650432194;TJPE99970202109231632364763657;b4188043df36acefd2c1d0ed518fb6d1735f4b349b016da85cf93f9e7b7e6233;7;1632364763665;;0;0;0;TJPE;G1;;2021/TJPE/09/G1/TJPE99970202109231632364763657;False;2021-09-22 23:39:23.665;Erro no arquivo
31;650432186;TJPE25516202109231632364761874;440ded24c68090e89956643922c4fedbe99c6bf2b3bc428bb6bfc246e0ef1fe8;7;1632364761883;;0;0;0;TJPE;G1;;2021/TJPE/09/G1/TJPE25516202109231632364761874;False;2021-09-22 23:39:21.883;Erro no arquivo
32;650432179;TJPE48163202109231632364752021;1e63a0c5bdcd5f1e6f637280feae90f5747ee0ae76bb4c3cea55f72bbc40cc2a;7;1632364752031;;0;0;0;TJPE;G1;;2021/TJPE/09/G1/TJPE48163202109231632364752021;False;2021-09-22 23:39:12.031;Erro no arquivo
33;650432162;TJPE88884202109231632364746942;a103dbfed4fc94fa6ebdf1d75136bd454dd61a2ba51f804fe5dc9ae867915cb6;7;1632364746951;;0;0;0;TJPE;G1;;2021/TJPE/09/G1/TJPE88884202109231632364746942;False;2021-09-22 23:39:06.951;Erro no arquivo
34;650432142;TJPE78149202109231632364739825;a1969aa2df805d13a4ed052801447b308ff5d9c8af6d79d019e4352743a7bb75;3;1632364739834;;93;93;0;TJPE;G1;1167930.0;2021/TJPE/09/G1/TJPE78149202109231632364739825;False;2021-09-22 23:38:59.834;Processado com sucesso
35;650432130;TJPE14899202109231632364736195;a5641541c97fe37f7b8337b0bbdcd14f0ce087b37e1de410854be210b5a08a26;7;1632364736210;;0;0;0;TJPE;G1;;2021/TJPE/09/G1/TJPE14899202109231632364736195;False;2021-09-22 23:38:56.210;Erro no arquivo
36;650432123;TJPE65121202109231632364728336;a4ec64785057669818fe4260ef5d29a059df3fdfccbeddddb6bf5e075ebe50c6;7;1632364728344;;0;0;0;TJPE;G1;;2021/TJPE/09/G1/TJPE65121202109231632364728336;False;2021-09-22 23:38:48.344;Erro no arquivo
37;650432106;TJPE58378202109231632364720871;a9a628041598adf0495900ce57f040f0ceed3260665b59c7452dabc36405b82d;7;1632364720881;;0;0;0;TJPE;G1;;2021/TJPE/09/G1/TJPE58378202109231632364720871;False;2021-09-22 23:38:40.881;Erro no arquivo
38;650432088;TJPE86800202109231632364713288;c92acffac683bc926e0ce431b112c6e635bc622889a4af0e1c378edefd2bcb0b;7;1632364713298;;0;0;0;TJPE;G1;;2021/TJPE/09/G1/TJPE86800202109231632364713288;False;2021-09-22 23:38:33.298;Erro no arquivo
39;650432080;TJPE65707202109231632364708783;7711ac5d44c8676c60785d4e254b6d77edb47824ccb87652aab18ef4e08ff001;3;1632364708805;;100;100;0;TJPE;JE;1177970.0;2021/TJPE/09/JE/TJPE65707202109231632364708783;False;2021-09-22 23:38:28.805;Processado com sucesso
0;650432071;TJPE48518202109231632364702527;099c09fc5e560c5ef2ca184201ac24a33abf92ce0ecc06a9ec1ea220e55c0c2c;7;1632364702535;;0;0;0;TJPE;G1;;2021/TJPE/09/G1/TJPE48518202109231632364702527;False;2021-09-22 23:38:22.535;Erro no arquivo
1;650432064;TJPE70312202109231632364697702;ba27b1e74d2bc28befccaadfef2d339c68235e5637168f609f071fb8a9acf5ec;7;1632364697709;;0;0;0;TJPE;G1;;2021/TJPE/09/G1/TJPE70312202109231632364697702;False;2021-09-22 23:38:17.709;Erro no arquivo
2;650432055;TJPE72828202109231632364692306;e48c0d884e2e139b8d9ad82510cdf3a33f2e6288d5be4b53ce4facc35114ed22;3;1632364692318;;100;100;0;TJPE;JE;1027802.0;2021/TJPE/09/JE/TJPE72828202109231632364692306;False;2021-09-22 23:38:12.318;Processado com sucesso
3;650432047;TJPE62418202109231632364689130;4a79607fa20bd8ebc0e28c6dfaf5e5cf9fc9fba3806ba11cea626c3166dbea79;7;1632364689152;;0;0;0;TJPE;G1;;2021/TJPE/09/G1/TJPE62418202109231632364689130;False;2021-09-22 23:38:09.152;Erro no arquivo
4;650432037;TJPE67835202109231632364683653;617b3414fa175bd428f3fbe09a8da6fc7856683c92da20674ce9f6c29b8d0a49;7;1632364683661;;0;0;0;TJPE;G1;;2021/TJPE/09/G1/TJPE67835202109231632364683653;False;2021-09-22 23:38:03.661;Erro no arquivo
5;650432023;TJPE11377202109231632364675211;a4523311ba86393585047b0f2fd173ac2fa330bb754d2cd6ca1139b3074f380b;7;1632364675230;;0;0;0;TJPE;G1;;2021/TJPE/09/G1/TJPE11377202109231632364675211;False;2021-09-22 23:37:55.230;Erro no arquivo
6;650432013;TJPE90401202109231632364669900;b8d48e5e938c96ecddc2bd24436141747a8848442d143df1ff0709d82f986760;7;1632364669909;;0;0;0;TJPE;G1;;2021/TJPE/09/G1/TJPE90401202109231632364669900;False;2021-09-22 23:37:49.909;Erro no arquivo
7;650432002;TJPE32300202109231632364663016;b9089a9d035cb58b417efe3c919221bd8765805cb7dd9c546a9fa82e092f3cf0;7;1632364663025;;0;0;0;TJPE;G1;;2021/TJPE/09/G1/TJPE32300202109231632364663016;False;2021-09-22 23:37:43.025;Erro no arquivo
8;650431995;TJPE35388202109231632364659785;282af8d26d899f003d5c9fed10e0a75e869ad953aca4ead96d18152852846e41;3;1632364659793;;100;100;0;TJPE;JE;1174571.0;2021/TJPE/09/JE/TJPE35388202109231632364659785;False;2021-09-22 23:37:39.793;Processado com sucesso
9;650431985;TJPE33471202109231632364654149;2f8f95e928f30254412867886df4692a7ce5b02b7d4b8007e704965c3d82488c;7;1632364654158;;0;0;0;TJPE;G1;;2021/TJPE/09/G1/TJPE33471202109231632364654149;False;2021-09-22 23:37:34.158;Erro no arquivo
10;650431968;TJPE15254202109231632364647920;41d4b6dded8fd305f9f2deaca92bc5cf352b34834e151a6737840819d1404934;7;1632364647933;;0;0;0;TJPE;G1;;2021/TJPE/09/G1/TJPE15254202109231632364647920;False;2021-09-22 23:37:27.933;Erro no arquivo
11;650431956;TJPE70447202109231632364644650;c0779aaf8a438f920260354b4346071cfd162660083db1a675567113aa77f94d;7;1632364644659;;0;0;0;TJPE;G1;;2021/TJPE/09/G1/TJPE70447202109231632364644650;False;2021-09-22 23:37:24.659;Erro no arquivo
12;650431937;TJPE73948202109231632364639390;c42b7ccfd65aff132957fc69001bbdd2a9bac1764f15b96108812a790ea5fae5;7;1632364639408;;0;0;0;TJPE;G1;;2021/TJPE/09/G1/TJPE73948202109231632364639390;False;2021-09-22 23:37:19.408;Erro no arquivo
13;650431906;TJPE54723202109231632364629607;6c12043c0c42d93aaf8a29b35d5bbd9a01748ccec31018ea3a7a61354a317d01;7;1632364629620;;0;0;0;TJPE;G1;;2021/TJPE/09/G1/TJPE54723202109231632364629607;False;2021-09-22 23:37:09.620;Erro no arquivo
14;650431894;TJPE83870202109231632364626224;aaab927986ac0c1c245d9f23f194aa5b9eb41c815ab165213935f81692b15c57;7;1632364626237;;0;0;0;TJPE;G1;;2021/TJPE/09/G1/TJPE83870202109231632364626224;False;2021-09-22 23:37:06.237;Erro no arquivo
15;650431880;TJPE13581202109231632364623050;3dc46d1b7a229af1b6b49de81f40c37711f44cf3874205f55f9d1788acfcd626;7;1632364623063;;0;0;0;TJPE;G1;;2021/TJPE/09/G1/TJPE13581202109231632364623050;False;2021-09-22 23:37:03.063;Erro no arquivo
16;650431870;TJPE69125202109231632364620984;a4e678c983954e7f6719540d3c3a1b7ee47c77666ed400d5042864d78af3b220;7;1632364620995;;0;0;0;TJPE;G1;;2021/TJPE/09/G1/TJPE69125202109231632364620984;False;2021-09-22 23:37:00.995;Erro no arquivo
17;650431867;TJPE45212202109231632364618790;ec77024caa92599a85c7a66ecfefb20b1105b3c750255aef865289c459d319b5;7;1632364618801;;0;0;0;TJPE;G1;;2021/TJPE/09/G1/TJPE45212202109231632364618790;False;2021-09-22 23:36:58.801;Erro no arquivo
18;650431862;TJPE22686202109231632364616669;c641c912083c4973de18180a871b4e35abbf7ee52e9ca409788d60fae6ab0ff4;7;1632364616692;;0;0;0;TJPE;G1;;2021/TJPE/09/G1/TJPE22686202109231632364616669;False;2021-09-22 23:36:56.692;Erro no arquivo
19;650431856;TJPE51505202109231632364614631;bc1015ff974a41798add488922ae31e1b5e18dae0b110ffc9d19d704753f325a;7;1632364614640;;0;0;0;TJPE;G1;;2021/TJPE/09/G1/TJPE51505202109231632364614631;False;2021-09-22 23:36:54.640;Erro no arquivo
20;650431850;TJPE44966202109231632364612543;eacc7d5b83645aac5635cefa20c0ee37bbdc898a229ccd8a58cb37b1654eaec9;7;1632364612554;;0;0;0;TJPE;G1;;2021/TJPE/09/G1/TJPE44966202109231632364612543;False;2021-09-22 23:36:52.554;Erro no arquivo
21;650431848;TJPE67648202109231632364610316;cf895d2c40d46fbf9585e450172244bdb7ce00b880990458b28c3463c35ae9c2;7;1632364610324;;0;0;0;TJPE;G1;;2021/TJPE/09/G1/TJPE67648202109231632364610316;False;2021-09-22 23:36:50.324;Erro no arquivo
22;650431845;TJPE17792202109231632364608874;679677f296d85ddc75cc33a84f07200d29ed5bbd963a8ed8c9f8bb8c76c94b97;7;1632364608883;;0;0;0;TJPE;G1;;2021/TJPE/09/G1/TJPE17792202109231632364608874;False;2021-09-22 23:36:48.883;Erro no arquivo
23;650431837;TJPE43640202109231632364606876;62df6095de89b91353a0d806fbbe174f3e78b4177ef17e934c21604b1c11e0ae;7;1632364606887;;0;0;0;TJPE;G1;;2021/TJPE/09/G1/TJPE43640202109231632364606876;False;2021-09-22 23:36:46.887;Erro no arquivo
24;650431834;TJPE53303202109231632364604936;2e972bfdd295c77c04569d3030d83930a6cf85ba0c6964ace2e9382596328d42;7;1632364604943;;0;0;0;TJPE;G1;;2021/TJPE/09/G1/TJPE53303202109231632364604936;False;2021-09-22 23:36:44.943;Erro no arquivo
25;650431831;TJPE26765202109231632364603125;3c39c2aa0c7be93b5ef6c1bf242064d39c28e1f27021a684130c1faee12445fe;3;1632364603133;;100;100;0;TJPE;JE;1140732.0;2021/TJPE/09/JE/TJPE26765202109231632364603125;False;2021-09-22 23:36:43.133;Processado com sucesso
26;650431830;TJPE30667202109231632364601140;d68e5f8498d898d39ad3e43d21d4946a770d2de40782ff21b050ea1e0a707e78;7;1632364601148;;0;0;0;TJPE;G1;;2021/TJPE/09/G1/TJPE30667202109231632364601140;False;2021-09-22 23:36:41.148;Erro no arquivo
27;650431827;TJPE80140202109231632364599386;c5d6b05ec3ad434c168d5da4e7f614136d7dd56dd5c29e88d511994e58cc0380;7;1632364599394;;0;0;0;TJPE;JE;;2021/TJPE/09/JE/TJPE80140202109231632364599386;False;2021-09-22 23:36:39.394;Erro no arquivo
28;650431825;TJPE38207202109231632364597540;dca734b05c8990bf676c8f31aff2a5aa07559708107094c351c2a5c8122c64dc;7;1632364597552;;0;0;0;TJPE;G1;;2021/TJPE/09/G1/TJPE38207202109231632364597540;False;2021-09-22 23:36:37.552;Erro no arquivo
29;650431821;TJPE96776202109231632364595779;d65a1743f7523e4974b14b22a2611780ed5132854b2d841c95e802b60f92146a;7;1632364595786;;0;0;0;TJPE;G1;;2021/TJPE/09/G1/TJPE96776202109231632364595779;False;2021-09-22 23:36:35.786;Erro no arquivo
30;650431817;TJPE71496202109231632364592347;b5154ebca0a6095cf8960d42ee5e8b59711d9e5a90795af358bcff9cdb920175;7;1632364592355;;0;0;0;TJPE;G1;;2021/TJPE/09/G1/TJPE71496202109231632364592347;False;2021-09-22 23:36:32.355;Erro no arquivo
31;650431813;TJPE48621202109231632364586918;3777920ce0d3f7c6a754b8e27c057b08199a5be9ef370562eb625087f0a6b6a9;7;1632364586927;;0;0;0;TJPE;G1;;2021/TJPE/09/G1/TJPE48621202109231632364586918;False;2021-09-22 23:36:26.927;Erro no arquivo
32;650431805;TJPE96455202109231632364581110;dce2243ecd82752fcc95a194727c32aa3566ae2a3c0fdd55767f273deadccb3f;3;1632364581115;;97;97;0;TJPE;G1;674332.0;2021/TJPE/09/G1/TJPE96455202109231632364581110;False;2021-09-22 23:36:21.115;Processado com sucesso
33;650431799;TJPE68779202109231632364577473;8cb6a114c032502892063c6e91700c5081ff572fa061949a7d0c4a5368896179;7;1632364577487;;0;0;0;TJPE;G1;;2021/TJPE/09/G1/TJPE68779202109231632364577473;False;2021-09-22 23:36:17.487;Erro no arquivo
34;650431789;TJPE26826202109231632364572555;277eff71f510af6937cb0933d3d2650964188ba1565da97cc9c5b095280e54a4;7;1632364572564;;0;0;0;TJPE;G1;;2021/TJPE/09/G1/TJPE26826202109231632364572555;False;2021-09-22 23:36:12.564;Erro no arquivo
35;650431772;TJPE61426202109231632364569443;5ca5699ebaed28f28fa0b2db48922591a3379feb1f95db58664c305ad33c9998;7;1632364569451;;0;0;0;TJPE;G1;;2021/TJPE/09/G1/TJPE61426202109231632364569443;False;2021-09-22 23:36:09.451;Erro no arquivo
36;650431760;TJPE76086202109231632364565191;d21d1f3a3adddb2c6455db23adb026a27482a6cc625d720d88d6d8de5fa6f7ed;7;1632364565199;;0;0;0;TJPE;G1;;2021/TJPE/09/G1/TJPE76086202109231632364565191;False;2021-09-22 23:36:05.199;Erro no arquivo
37;650431756;TJPE33161202109231632364563225;9984c2fc1d8077940bdf0d99c1b23c1a20dea0587a968fa377dc678d21e18e4c;7;1632364563234;;0;0;0;TJPE;G1;;2021/TJPE/09/G1/TJPE33161202109231632364563225;False;2021-09-22 23:36:03.234;Erro no arquivo
38;650431749;TJPE87386202109231632364561171;7cbbb86afff255e95d7bb1bbbe11cb560ea1660d49092214e0c2bae3e9f6ba2e;7;1632364561184;;0;0;0;TJPE;G1;;2021/TJPE/09/G1/TJPE87386202109231632364561171;False;2021-09-22 23:36:01.184;Erro no arquivo
39;650431745;TJPE31098202109231632364559299;38dd12ee6eef90889cf1e67aef04e6c596e9a270e06937543b6e9884bef3a846;3;1632364559355;;100;100;0;TJPE;JE;1225805.0;2021/TJPE/09/JE/TJPE31098202109231632364559299;False;2021-09-22 23:35:59.355;Processado com sucesso
0;650431738;TJPE54234202109231632364557328;b7f44fde885a2e76400395f8affa897474f4ba771c50bd9b9c79fe5b5b0f6fac;7;1632364557335;;0;0;0;TJPE;G1;;2021/TJPE/09/G1/TJPE54234202109231632364557328;False;2021-09-22 23:35:57.335;Erro no arquivo
1;650431734;TJPE38128202109231632364555392;728bd458e538c6b6c0bbde2e3a86b9cebdcc56c125c5c4181b3d3cda7df7aef0;7;1632364555397;;0;0;0;TJPE;G1;;2021/TJPE/09/G1/TJPE38128202109231632364555392;False;2021-09-22 23:35:55.397;Erro no arquivo
2;650431732;TJPE40305202109231632364553865;244d61a4bf18c6a4219f4b774ed55b892c2530e464e49277ac3964b450238be2;7;1632364553876;;0;0;0;TJPE;G1;;2021/TJPE/09/G1/TJPE40305202109231632364553865;False;2021-09-22 23:35:53.876;Erro no arquivo
3;650431725;TJPE82652202109231632364551665;cf35a5813b156bacdf2a5fed3a65b67f5e5c335ddf804ed03a116a5b36f89529;7;1632364551673;;0;0;0;TJPE;G1;;2021/TJPE/09/G1/TJPE82652202109231632364551665;False;2021-09-22 23:35:51.673;Erro no arquivo
4;650431719;TJPE23008202109231632364549671;7f3a5780f0d06de6f52740502d617ac30ea397bd7e8d936fc1e197ab282cdec9;7;1632364549681;;0;0;0;TJPE;G1;;2021/TJPE/09/G1/TJPE23008202109231632364549671;False;2021-09-22 23:35:49.681;Erro no arquivo
5;650431707;TJPE26970202109231632364547834;19486db19233e868af449a6ba6597fdbd055f54821079e7babc184ad15a2504f;7;1632364547841;;0;0;0;TJPE;G1;;2021/TJPE/09/G1/TJPE26970202109231632364547834;False;2021-09-22 23:35:47.841;Erro no arquivo
6;650431692;TJPE37802202109231632364546044;01286ce46294a9e0aa70603cbf9d1b47521dbff85522595afb9f862bdd5cb36e;7;1632364546054;;0;0;0;TJPE;G1;;2021/TJPE/09/G1/TJPE37802202109231632364546044;False;2021-09-22 23:35:46.054;Erro no arquivo
7;650431685;TJPE14445202109231632364544047;906fadd71653d40ac0400f042a40b68eb2dbfbaa74217315f3278d6ec3bca182;3;1632364544057;;100;100;0;TJPE;JE;1165477.0;2021/TJPE/09/JE/TJPE14445202109231632364544047;False;2021-09-22 23:35:44.057;Processado com sucesso
8;650431681;TJPE90562202109231632364541752;fd272928aadf7542ab794f0f7674ab8f9d9002687739459b853f6ee933107e69;3;1632364541762;;100;100;0;TJPE;JE;1187926.0;2021/TJPE/09/JE/TJPE90562202109231632364541752;False;2021-09-22 23:35:41.762;Processado com sucesso
9;650431672;TJPE53124202109231632364539526;1152c8dc4823e3575f17346705468bf10ec2e3718465c07941413ab257610fe3;7;1632364539536;;0;0;0;TJPE;G1;;2021/TJPE/09/G1/TJPE53124202109231632364539526;False;2021-09-22 23:35:39.536;Erro no arquivo
10;650431668;TJPE22250202109231632364537928;500e4a25991353b7681ff91af0fbf19dec5282212f3a0b7e1be83e7d476160c7;7;1632364537938;;0;0;0;TJPE;G1;;2021/TJPE/09/G1/TJPE22250202109231632364537928;False;2021-09-22 23:35:37.938;Erro no arquivo
11;650431663;TJPE16986202109231632364535462;3be55ec3658238c473cbafb61338c40a719d1d16d1d4f2ad98682987e65d8e4f;3;1632364535487;;100;100;0;TJPE;JE;1283687.0;2021/TJPE/09/JE/TJPE16986202109231632364535462;False;2021-09-22 23:35:35.487;Processado com sucesso
12;650431653;TJPE23568202109231632364533161;519d48c127bbc6bf5c1d700e0f0e3cf89c242473e692b1988f36b1ceac2910ac;7;1632364533171;;0;0;0;TJPE;G1;;2021/TJPE/09/G1/TJPE23568202109231632364533161;False;2021-09-22 23:35:33.171;Erro no arquivo
13;650431630;TJPE15509202109231632364523674;6adda5a8bca051f704162b472b3c5505d4e892575d1b03c6727c6b340c954b8b;7;1632364523678;;0;0;0;TJPE;G1;;2021/TJPE/09/G1/TJPE15509202109231632364523674;False;2021-09-22 23:35:23.678;Erro no arquivo
14;650431617;TJPE65176202109231632364517534;6b1b0e3766d2b75ff5c143fc560d40bd5475e2167a71c16900c3f6585ee3ba84;7;1632364517542;;0;0;0;TJPE;G1;;2021/TJPE/09/G1/TJPE65176202109231632364517534;False;2021-09-22 23:35:17.542;Erro no arquivo
15;650431607;TJPE28745202109231632364510748;e412da697359a2397fdab3302cc94fc7a347f825a1aa510ba0dc97bae6a17e62;7;1632364510756;;0;0;0;TJPE;G1;;2021/TJPE/09/G1/TJPE28745202109231632364510748;False;2021-09-22 23:35:10.756;Erro no arquivo
16;650431572;TJPE75762202109231632364504793;40ea8ba060334afba2fd54ae5ec33952d33d37ca4a2989ae71a7adf5585f9166;7;1632364504800;;0;0;0;TJPE;G1;;2021/TJPE/09/G1/TJPE75762202109231632364504793;False;2021-09-22 23:35:04.800;Erro no arquivo
17;650431561;TJPE26285202109231632364500496;455ee41a7ff1270211d22f0dcd43180ddac365873317ef1825f9e6b882b1d5be;7;1632364500510;;0;0;0;TJPE;G1;;2021/TJPE/09/G1/TJPE26285202109231632364500496;False;2021-09-22 23:35:00.510;Erro no arquivo
18;650431519;TJPE42592202109231632364484584;d5c55a84249935760b2a86f4f2057e76b96e949f8609efd0833fcd18e86d02c4;7;1632364484596;;0;0;0;TJPE;G1;;2021/TJPE/09/G1/TJPE42592202109231632364484584;False;2021-09-22 23:34:44.596;Erro no arquivo
19;650431505;TJPE71300202109231632364479146;b1c58fd6553d7e7cfe4bfec54f39bfd3f7e2cb03068fade89193e66fb0eb756d;7;1632364479155;;0;0;0;TJPE;JE;;2021/TJPE/09/JE/TJPE71300202109231632364479146;False;2021-09-22 23:34:39.155;Erro no arquivo
20;650431497;TJPE48082202109231632364471250;2a907a0c2b252f173a149b6ca266f576f1d1f80848c53c22db3d965c5bf57aaf;7;1632364471258;;0;0;0;TJPE;G1;;2021/TJPE/09/G1/TJPE48082202109231632364471250;False;2021-09-22 23:34:31.258;Erro no arquivo
21;650431485;TJPE66549202109231632364466110;6a04ab809cd0b3f1aed2957792db23cdffb70ae2c89d9ba905b119245508c5aa;7;1632364466118;;0;0;0;TJPE;G1;;2021/TJPE/09/G1/TJPE66549202109231632364466110;False;2021-09-22 23:34:26.118;Erro no arquivo
22;650431481;TJPE55114202109231632364462155;ab387bcbca501d1b50d1afb7a05098c4b73757aada09e7887648e7e640f6bd93;7;1632364462169;;0;0;0;TJPE;G1;;2021/TJPE/09/G1/TJPE55114202109231632364462155;False;2021-09-22 23:34:22.169;Erro no arquivo
23;650431477;TJPE61922202109231632364459815;378642428d684ccf6d373f4f2ddb0b4b57257e9cc2db7c2f0240f3ec65dffb91;7;1632364459824;;0;0;0;TJPE;G1;;2021/TJPE/09/G1/TJPE61922202109231632364459815;False;2021-09-22 23:34:19.824;Erro no arquivo
24;650431471;TJPE20097202109231632364457803;ab5aaffdf91605e5a577d408493c24480841c6ba243dead6af521782eddb303f;7;1632364457817;;0;0;0;TJPE;G1;;2021/TJPE/09/G1/TJPE20097202109231632364457803;False;2021-09-22 23:34:17.817;Erro no arquivo
25;650431465;TJPE48810202109231632364455450;978744123508097c7aa47124dee1940a54aab78512228d9022e18f263e5969cc;7;1632364455457;;0;0;0;TJPE;G1;;2021/TJPE/09/G1/TJPE48810202109231632364455450;False;2021-09-22 23:34:15.457;Erro no arquivo
26;650431462;TJPE40493202109231632364453543;9d0c3680455606f18da260ea84b9e97fd3c1c8ad3571cbf2e22fb9f383700376;7;1632364453553;;0;0;0;TJPE;G1;;2021/TJPE/09/G1/TJPE40493202109231632364453543;False;2021-09-22 23:34:13.553;Erro no arquivo
27;650431457;TJPE98775202109231632364451129;6243ff9583fa891ce797a9aa6c39d28d04cb78f747a7442976577ea05342bd46;7;1632364451138;;0;0;0;TJPE;G1;;2021/TJPE/09/G1/TJPE98775202109231632364451129;False;2021-09-22 23:34:11.138;Erro no arquivo
28;650431454;TJPE64618202109231632364448168;64cb066ba3135fdde855c449b299893abfa80458f7ae61b280b8b3bd9636f8c8;7;1632364448181;;0;0;0;TJPE;G1;;2021/TJPE/09/G1/TJPE64618202109231632364448168;False;2021-09-22 23:34:08.181;Erro no arquivo
29;650431446;TJPE56631202109231632364446165;24482589658a390fe0dfc1fbb5d8b2b826118ef37e3ca7951b0a136efdf857a1;7;1632364446172;;0;0;0;TJPE;G1;;2021/TJPE/09/G1/TJPE56631202109231632364446165;False;2021-09-22 23:34:06.172;Erro no arquivo
30;650431438;TJPE83880202109231632364444139;9fbb8b56d03a2cf431b42fbdd37dd8e5e826efe28764610f4b4e988c7d0bd446;7;1632364444147;;0;0;0;TJPE;G1;;2021/TJPE/09/G1/TJPE83880202109231632364444139;False;2021-09-22 23:34:04.147;Erro no arquivo
31;650431436;TJPE65634202109231632364442045;a836eca18e1748d4ecace913eb7c12a7915f3b5fc9ca00828bd156badb6d30ba;7;1632364442054;;0;0;0;TJPE;G1;;2021/TJPE/09/G1/TJPE65634202109231632364442045;False;2021-09-22 23:34:02.054;Erro no arquivo
32;650431432;TJPE21099202109231632364439952;16d5669ae27deae72113dd020e0d52f8d8bd1af0b38bd711c5b4b6d3261bbba1;7;1632364439965;;0;0;0;TJPE;G1;;2021/TJPE/09/G1/TJPE21099202109231632364439952;False;2021-09-22 23:33:59.965;Erro no arquivo
33;650431430;TJPE69150202109231632364438038;d1e6446ab007808a59145dacaa2cb766651076f02e63475a7b56a65eb77b3ab3;7;1632364438048;;0;0;0;TJPE;G1;;2021/TJPE/09/G1/TJPE69150202109231632364438038;False;2021-09-22 23:33:58.048;Erro no arquivo
34;650431426;TJPE64713202109231632364436149;32d4ff2167cfaafdad8b00d2ce0f332e3af44e6480fe3d6a14ab8d238248042e;7;1632364436158;;0;0;0;TJPE;G1;;2021/TJPE/09/G1/TJPE64713202109231632364436149;False;2021-09-22 23:33:56.158;Erro no arquivo
35;650431421;TJPE38934202109231632364434327;175823a40a7c1ad3cbac11f7b23c409895261e7631924039c5a571fa49d3650a;7;1632364434340;;0;0;0;TJPE;G1;;2021/TJPE/09/G1/TJPE38934202109231632364434327;False;2021-09-22 23:33:54.340;Erro no arquivo
36;650431415;TJPE39885202109231632364432474;6e2cce653c3595c423694e0bf23ebe2e6c5999aa2a49dcd68b115fc5f8c78cb3;3;1632364432484;;100;100;0;TJPE;JE;946650.0;2021/TJPE/09/JE/TJPE39885202109231632364432474;False;2021-09-22 23:33:52.484;Processado com sucesso
37;650431413;TJPE15348202109231632364430297;eeeb25b88b848db19aaddd2b2188453d71deee89b1cf3aeb9cbbcd9adb8c13ff;7;1632364430306;;0;0;0;TJPE;G1;;2021/TJPE/09/G1/TJPE15348202109231632364430297;False;2021-09-22 23:33:50.306;Erro no arquivo
38;650431396;TJPE69669202109231632364423536;c8b54f594167a996e7cefabf24371f0930d6909e70ad3c7234a01b50b55d3fbc;7;1632364423549;;0;0;0;TJPE;G1;;2021/TJPE/09/G1/TJPE69669202109231632364423536;False;2021-09-22 23:33:43.549;Erro no arquivo
39;650431385;TJPE32092202109231632364420448;440c1b98fdd9fb9d16b35a47da6b6ffe41248bb55da6d01ab1f043a2eaa39430;7;1632364420454;;0;0;0;TJPE;G1;;2021/TJPE/09/G1/TJPE32092202109231632364420448;False;2021-09-22 23:33:40.454;Erro no arquivo
0;650431366;TJPE40293202109231632364412719;eed8fb697ff7bed39b89a2017346c36bfb5190722c9f2bcd1f7cd035de5fdee8;7;1632364412746;;0;0;0;TJPE;G1;;2021/TJPE/09/G1/TJPE40293202109231632364412719;False;2021-09-22 23:33:32.746;Erro no arquivo
1;650431356;TJPE76095202109231632364409021;e550f7a2b6d004f3142134a6a202a27e85eae77a3c61fb0edb93e68314686e99;3;1632364409034;;96;96;0;TJPE;G1;700318.0;2021/TJPE/09/G1/TJPE76095202109231632364409021;False;2021-09-22 23:33:29.034;Processado com sucesso
2;650431341;TJPE75650202109231632364403951;9bc340eefa3d7238df7b6ecd01385b40606d89fb3636b120742861fd77499182;7;1632364403956;;0;0;0;TJPE;G1;;2021/TJPE/09/G1/TJPE75650202109231632364403951;False;2021-09-22 23:33:23.956;Erro no arquivo
3;650431325;TJPE79937202109231632364397244;2077fec1701e8991075edd09b0aea298ca33a07bb55f6e8f21d47e2d0c9faeed;7;1632364397251;;0;0;0;TJPE;G1;;2021/TJPE/09/G1/TJPE79937202109231632364397244;False;2021-09-22 23:33:17.251;Erro no arquivo
4;650431316;TJPE17900202109231632364391610;e447e724dde587164e8373fbf1e39c57c711fd751862757bfd36df2c6caa8bb9;7;1632364391622;;0;0;0;TJPE;G1;;2021/TJPE/09/G1/TJPE17900202109231632364391610;False;2021-09-22 23:33:11.622;Erro no arquivo
5;650431293;TJPE22121202109231632364383519;b849a09b4df6605b06dd7142312222d39fd8e24dd240543718813e7642360553;7;1632364383527;;0;0;0;TJPE;G1;;2021/TJPE/09/G1/TJPE22121202109231632364383519;False;2021-09-22 23:33:03.527;Erro no arquivo
6;650431279;TJPE37075202109231632364377727;67aa9eb9ffd2c8680e74dc7e7fd933ca773fe1613a0882457407f1f2ec106507;3;1632364377741;;100;100;0;TJPE;JE;1189660.0;2021/TJPE/09/JE/TJPE37075202109231632364377727;False;2021-09-22 23:32:57.741;Processado com sucesso
7;650431258;TJPE23579202109231632364372852;1868eeef6b62c9457975a79ef5a2cdd4a2e9ef9c261114ea261ad7aafddf0c71;3;1632364372857;;95;95;0;TJPE;G1;599254.0;2021/TJPE/09/G1/TJPE23579202109231632364372852;False;2021-09-22 23:32:52.857;Processado com sucesso
8;650431253;TJPE43901202109231632364369127;fe36af157ef6e6997ec6aee7322855f6115b5d1f55b217417b180639f86acc97;3;1632364369136;;100;100;0;TJPE;JE;1061357.0;2021/TJPE/09/JE/TJPE43901202109231632364369127;False;2021-09-22 23:32:49.136;Processado com sucesso
9;650431243;TJPE43276202109231632364363698;5506d9982faba164e18b6ef256617d0e9af6e8ae255503224136af7ac7f1ff85;7;1632364363707;;0;0;0;TJPE;G1;;2021/TJPE/09/G1/TJPE43276202109231632364363698;False;2021-09-22 23:32:43.707;Erro no arquivo
10;650431237;TJPE76767202109231632364359689;12f3214867e9db3ff444dfdc16ecf0314202a770b6b2a3bef2d64a2f80dee3ee;7;1632364359705;;0;0;0;TJPE;G1;;2021/TJPE/09/G1/TJPE76767202109231632364359689;False;2021-09-22 23:32:39.705;Erro no arquivo
11;650431230;TJPE36610202109231632364355289;4be94f123b6d4ce8f3600bb8b80c4ca31b024e2d897da17a184cb4d2b5ce41d7;7;1632364355302;;0;0;0;TJPE;G1;;2021/TJPE/09/G1/TJPE36610202109231632364355289;False;2021-09-22 23:32:35.302;Erro no arquivo
12;650431224;TJPE83656202109231632364352141;4859e0b61fdc51778de3a75c777bbf28ddb73e47d3f56c78c1cd892338b071eb;7;1632364352149;;0;0;0;TJPE;G1;;2021/TJPE/09/G1/TJPE83656202109231632364352141;False;2021-09-22 23:32:32.149;Erro no arquivo
13;650431217;TJPE18484202109231632364346993;f128ff0dd699743ea8ca6376417d2cfc461b44e4643199f5cc8884baabd28390;3;1632364347001;;94;94;0;TJPE;G1;683260.0;2021/TJPE/09/G1/TJPE18484202109231632364346993;False;2021-09-22 23:32:27.001;Processado com sucesso
14;650431209;TJPE46243202109231632364342373;0cde04d515a63dda0d9053b058962f9a38cac84fdae8caf8e74dcb0880aadd5a;7;1632364342382;;0;0;0;TJPE;G1;;2021/TJPE/09/G1/TJPE46243202109231632364342373;False;2021-09-22 23:32:22.382;Erro no arquivo
15;650431200;TJPE49549202109231632364338357;a99ceb06f127cae190472cafd63af9e5a2f3a6da7db8bf18b66650912474ffd3;3;1632364338367;;100;100;0;TJPE;JE;1196367.0;2021/TJPE/09/JE/TJPE49549202109231632364338357;False;2021-09-22 23:32:18.367;Processado com sucesso
16;650431194;TJPE97470202109231632364333200;c6da0468826bf6c0aef34a1c810c6ce8d9ae56f849316bff62576153a3b0281c;7;1632364333222;;0;0;0;TJPE;G1;;2021/TJPE/09/G1/TJPE97470202109231632364333200;False;2021-09-22 23:32:13.222;Erro no arquivo
17;650431189;TJPE75595202109231632364327082;abe6bd7edc48167db931915bee3a73bcece607ce8e3b581bbac75f64b5feee63;7;1632364327086;;0;0;0;TJPE;G1;;2021/TJPE/09/G1/TJPE75595202109231632364327082;False;2021-09-22 23:32:07.086;Erro no arquivo
18;650431180;TJPE40699202109231632364323713;4b25142f2dccbd449d0d5dff064cb50ae5eba3186c9d315e68416fcd59485452;7;1632364323723;;0;0;0;TJPE;G1;;2021/TJPE/09/G1/TJPE40699202109231632364323713;False;2021-09-22 23:32:03.723;Erro no arquivo
19;650431173;TJPE11296202109231632364318631;fe9d13e137222e4ca5a8f46f6d553ca14e5101dcf73600cf7c03373dcd8c69bc;7;1632364318639;;0;0;0;TJPE;G1;;2021/TJPE/09/G1/TJPE11296202109231632364318631;False;2021-09-22 23:31:58.639;Erro no arquivo
20;650431146;TJPE79756202109231632364310784;b49e299c530ef183ae58791e1a6b44b350f2dd34b271d4d7d59624cd5ff727b5;7;1632364310788;;0;0;0;TJPE;G1;;2021/TJPE/09/G1/TJPE79756202109231632364310784;False;2021-09-22 23:31:50.788;Erro no arquivo
21;650431127;TJPE52490202109231632364305971;127741b79b9b1b42b3d8111e8462bd61890b446c2b8c1621871182d838fec3da;7;1632364305977;;0;0;0;TJPE;G1;;2021/TJPE/09/G1/TJPE52490202109231632364305971;False;2021-09-22 23:31:45.977;Erro no arquivo
22;650431125;TJPE82014202109231632364302700;cf34312d24d406f2670ae81912d9a91d989fed5653e515172ad0f9ecb8699c1d;7;1632364302709;;0;0;0;TJPE;G1;;2021/TJPE/09/G1/TJPE82014202109231632364302700;False;2021-09-22 23:31:42.709;Erro no arquivo
23;650431109;TJPE20045202109231632364297718;1253e5b4dc0692f9a77c4de2848c7110f5a58bc3ec429c64da8b7505793227fa;7;1632364297726;;0;0;0;TJPE;G1;;2021/TJPE/09/G1/TJPE20045202109231632364297718;False;2021-09-22 23:31:37.726;Erro no arquivo
24;650431088;TJPE16066202109231632364292488;279facfa86951bb6d16370658dc7d61c753c4b59f5466d284d1368984cddacb4;7;1632364292495;;0;0;0;TJPE;G1;;2021/TJPE/09/G1/TJPE16066202109231632364292488;False;2021-09-22 23:31:32.495;Erro no arquivo
25;650431079;TJPE26858202109231632364288743;d42441e5bcdf97cfbb197635ec9c7ff93c84d2293388a7b345328f94addfa11f;7;1632364288749;;0;0;0;TJPE;G1;;2021/TJPE/09/G1/TJPE26858202109231632364288743;False;2021-09-22 23:31:28.749;Erro no arquivo
26;650431054;TJPE26791202109231632364282989;2363ca5b7f778756638d1d7549438858c92bbc6092ee6fb5f1af449fcdc7e169;7;1632364282998;;0;0;0;TJPE;G1;;2021/TJPE/09/G1/TJPE26791202109231632364282989;False;2021-09-22 23:31:22.998;Erro no arquivo
27;650431042;TJPE15352202109231632364277760;4a74a2bb685ba35c58f092a5e671c4a3ef0ac46da331fc3fbeac5a5eddc68725;7;1632364277771;;0;0;0;TJPE;G1;;2021/TJPE/09/G1/TJPE15352202109231632364277760;False;2021-09-22 23:31:17.771;Erro no arquivo
28;650431004;TJPE57500202109231632364263078;e292298badac4552a3403948fbada7a6e5c1da2307d55e2303625be8e4e8039e;7;1632364263087;;0;0;0;TJPE;G1;;2021/TJPE/09/G1/TJPE57500202109231632364263078;False;2021-09-22 23:31:03.087;Erro no arquivo
29;650430981;TJPE75498202109231632364255994;af3ead48a3b401ecd0e464b0fd52662ce9803032ad205405db170ffaad155583;7;1632364256003;;0;0;0;TJPE;G1;;2021/TJPE/09/G1/TJPE75498202109231632364255994;False;2021-09-22 23:30:56.003;Erro no arquivo
30;650430971;TJPE25313202109231632364252045;725dc50119cd449ce5d94d41951027dc9751f49d50ffeee463a6e8641bc16884;7;1632364252054;;0;0;0;TJPE;G1;;2021/TJPE/09/G1/TJPE25313202109231632364252045;False;2021-09-22 23:30:52.054;Erro no arquivo
31;650430957;TJPE57715202109231632364248130;e2a25447b248347bb9cf59598107c8075a128e6e1bc90fa67940ef890ce4c59a;7;1632364248136;;0;0;0;TJPE;G1;;2021/TJPE/09/G1/TJPE57715202109231632364248130;False;2021-09-22 23:30:48.136;Erro no arquivo
32;650430945;TJPE41542202109231632364243308;a35f51566ecc956276148ca529a4a5d2e5e74fbebff7f87311db44cad0d1414a;7;1632364243320;;0;0;0;TJPE;G1;;2021/TJPE/09/G1/TJPE41542202109231632364243308;False;2021-09-22 23:30:43.320;Erro no arquivo
33;650430940;TJPE96823202109231632364239258;cabadb86d585424a22fc2a595b5e6c5f2eda14e7f457c7cfa7321021eefd2c5b;7;1632364239268;;0;0;0;TJPE;G1;;2021/TJPE/09/G1/TJPE96823202109231632364239258;False;2021-09-22 23:30:39.268;Erro no arquivo
34;650430925;TJPE34869202109231632364232750;b0625f5a625cb5f1673f7a3ff82f627e24c768dbe4123c3387126b43b0a35c8b;7;1632364232759;;0;0;0;TJPE;G1;;2021/TJPE/09/G1/TJPE34869202109231632364232750;False;2021-09-22 23:30:32.759;Erro no arquivo
35;650430904;TJPE31363202109231632364222335;d0cfeabd4dd68b88e7f9fc50a5437dd188007d717b57abccbb1ed419f7d465b1;7;1632364222343;;0;0;0;TJPE;G1;;2021/TJPE/09/G1/TJPE31363202109231632364222335;False;2021-09-22 23:30:22.343;Erro no arquivo
36;650430894;TJPE25487202109231632364215374;547d1c5869f1584756a56af029687e1eb1886f72dc540e68beebb81f1bce1d8f;3;1632364215383;;100;100;0;TJPE;JE;1129032.0;2021/TJPE/09/JE/TJPE25487202109231632364215374;False;2021-09-22 23:30:15.383;Processado com sucesso
37;650430880;TJPE16592202109231632364210720;b931038d0dad8e6c8d3f5283dcc7666b9be4a117c9a9c4b2b9a0506b88306a6f;7;1632364210728;;0;0;0;TJPE;G1;;2021/TJPE/09/G1/TJPE16592202109231632364210720;False;2021-09-22 23:30:10.728;Erro no arquivo
38;650430868;TJPE73619202109231632364205958;0eec25be916201708ee45062ec0b010405180913e9032cb63fa7f87e241f7c04;7;1632364205969;;0;0;0;TJPE;G1;;2021/TJPE/09/G1/TJPE73619202109231632364205958;False;2021-09-22 23:30:05.969;Erro no arquivo
39;650430850;TJPE46667202109231632364199711;740d006b3d43f606cfe6cff3a07c95fcf28649755dc403c581faa911e1cd009d;7;1632364199718;;0;0;0;TJPE;G1;;2021/TJPE/09/G1/TJPE46667202109231632364199711;False;2021-09-22 23:29:59.718;Erro no arquivo
0;650430841;TJPE93204202109231632364196765;f49517ee0b8bcfbd20aea011f2b1244619716b7c8e43a89db7bc7a5981a7059b;7;1632364196774;;0;0;0;TJPE;G1;;2021/TJPE/09/G1/TJPE93204202109231632364196765;False;2021-09-22 23:29:56.774;Erro no arquivo
1;650430828;TJPE32519202109231632364192357;33b501b449248ecbdd2c74ad2824339131117ae640a683813bd6d693cab9e854;7;1632364192395;;0;0;0;TJPE;G1;;2021/TJPE/09/G1/TJPE32519202109231632364192357;False;2021-09-22 23:29:52.395;Erro no arquivo
2;650430811;TJPE96142202109231632364184174;22c60318fef27887b06918b34306d199ed600bf52ef969b07ca2e60f0b6f2a4c;7;1632364184194;;0;0;0;TJPE;G1;;2021/TJPE/09/G1/TJPE96142202109231632364184174;False;2021-09-22 23:29:44.194;Erro no arquivo
3;650430794;TJPE17364202109231632364178614;774acc64aaf05c9971c2ea4d7a4dfa96b1377bd2f02a1d680a524bd2a32daa67;7;1632364178623;;0;0;0;TJPE;G1;;2021/TJPE/09/G1/TJPE17364202109231632364178614;False;2021-09-22 23:29:38.623;Erro no arquivo
4;650430786;TJPE49074202109231632364173343;b45b3107b220fdefdaacbdeb209007c417cd0d379f5e1bb43ab404c8340a16c1;7;1632364173356;;0;0;0;TJPE;G1;;2021/TJPE/09/G1/TJPE49074202109231632364173343;False;2021-09-22 23:29:33.356;Erro no arquivo
5;650430777;TJPE75783202109231632364166481;27c38beb3e153ba668cd7d8842591f83640d45a65832291a6cbc123cb62682b8;3;1632364166494;;100;100;0;TJPE;G1;1740056.0;2021/TJPE/09/G1/TJPE75783202109231632364166481;False;2021-09-22 23:29:26.494;Processado com sucesso
6;650430677;TJPE25561202109231632364129589;1c53e1cb1fb609644ba88f944c216fd7a927ac4b4b8070422bedc1f053a43594;7;1632364129597;;0;0;0;TJPE;G1;;2021/TJPE/09/G1/TJPE25561202109231632364129589;False;2021-09-22 23:28:49.597;Erro no arquivo
7;650430672;TJPE37039202109231632364127148;a37388cfd2c685d0ab9ff3f0d94bb3e4acaae24fda5f1adf8924a5a90319aca4;7;1632364127163;;0;0;0;TJPE;G1;;2021/TJPE/09/G1/TJPE37039202109231632364127148;False;2021-09-22 23:28:47.163;Erro no arquivo
8;650430666;TJPE29521202109231632364124358;c5535f14a5090fe1d70e3ba17d12c2a5640e43a08987d3cfa64ec582dee9a230;7;1632364124367;;0;0;0;TJPE;G1;;2021/TJPE/09/G1/TJPE29521202109231632364124358;False;2021-09-22 23:28:44.367;Erro no arquivo
9;650430662;TJPE15629202109231632364122350;291f1c3ed8c78ce069ed93d07085bdb714e19bf1ef1ab3181bb0889da25715b2;7;1632364122356;;0;0;0;TJPE;G1;;2021/TJPE/09/G1/TJPE15629202109231632364122350;False;2021-09-22 23:28:42.356;Erro no arquivo
10;650430659;TJPE51750202109231632364120953;74a6afa093f9a2391ac98fb03102fa5ac48ce9c0a94ed5c3844f79a1ce3ba969;7;1632364120960;;0;0;0;TJPE;G1;;2021/TJPE/09/G1/TJPE51750202109231632364120953;False;2021-09-22 23:28:40.960;Erro no arquivo
11;650430658;TJPE72575202109231632364119542;e3f239272d7cc5a99b798aea0b3e6cdad0e74be0739a66913971e2de3241d694;7;1632364119551;;0;0;0;TJPE;G1;;2021/TJPE/09/G1/TJPE72575202109231632364119542;False;2021-09-22 23:28:39.551;Erro no arquivo
12;650430652;TJPE19873202109231632364117373;5dbe253fc9c1807f8b07eb46996c52ac17852749a354a0f8ce1599f617d12677;7;1632364117379;;0;0;0;TJPE;G1;;2021/TJPE/09/G1/TJPE19873202109231632364117373;False;2021-09-22 23:28:37.379;Erro no arquivo
13;650430648;TJPE27551202109231632364115312;85aa2b8032deb05eaa840a7408caf3d45a70fba61d46b637b9f7503d71d8f0a1;7;1632364115321;;0;0;0;TJPE;G1;;2021/TJPE/09/G1/TJPE27551202109231632364115312;False;2021-09-22 23:28:35.321;Erro no arquivo
14;650430646;TJPE72116202109231632364108120;f9aaac82a15d957be998b40401c53a45dce4551af1157e488654ef62072e39ec;7;1632364108128;;0;0;0;TJPE;G1;;2021/TJPE/09/G1/TJPE72116202109231632364108120;False;2021-09-22 23:28:28.128;Erro no arquivo
15;650430633;TJPE81978202109231632364106046;64d8c627cd613d0433af5c6ba053351441b287632a69eb56b18b013ad1257938;7;1632364106054;;0;0;0;TJPE;G1;;2021/TJPE/09/G1/TJPE81978202109231632364106046;False;2021-09-22 23:28:26.054;Erro no arquivo
16;650430626;TJPE17042202109231632364104095;9fa4b50fe12f4b64f1f455dab8f7079263b732c3579f5736bbbfa3101a874957;7;1632364104111;;0;0;0;TJPE;G1;;2021/TJPE/09/G1/TJPE17042202109231632364104095;False;2021-09-22 23:28:24.111;Erro no arquivo
17;650430619;TJPE45424202109231632364101752;f33bba759af7e425383680b5cb7f7e7317b3bb58801c18ae6c81ffc4dfd97998;7;1632364101760;;0;0;0;TJPE;G1;;2021/TJPE/09/G1/TJPE45424202109231632364101752;False;2021-09-22 23:28:21.760;Erro no arquivo
18;650430617;TJPE98250202109231632364099715;32f74253face8dffb0c63619bf1dd7ac45466bb4170992fd8c89f915ac484cd2;7;1632364099728;;0;0;0;TJPE;G1;;2021/TJPE/09/G1/TJPE98250202109231632364099715;False;2021-09-22 23:28:19.728;Erro no arquivo
19;650430612;TJPE63205202109231632364097832;2a6442dd60b5c0b19f64961f10b5cbe67d7dc7da586911c1b294c1ecf0e9e0dd;3;1632364097843;;100;100;0;TJPE;G1;1334760.0;2021/TJPE/09/G1/TJPE63205202109231632364097832;False;2021-09-22 23:28:17.843;Processado com sucesso
20;650430606;TJPE27235202109231632364095563;e8a9f62aab80747c9ee78b7ea23b64d00601dd582b33098761658549f27a71b5;7;1632364095571;;0;0;0;TJPE;G1;;2021/TJPE/09/G1/TJPE27235202109231632364095563;False;2021-09-22 23:28:15.571;Erro no arquivo
21;650430598;TJPE76290202109231632364093764;e8974aa87feba514ab26890b6b19cc5090af2f159e50bb6dc3d52bd82ab1f08f;7;1632364093771;;0;0;0;TJPE;G1;;2021/TJPE/09/G1/TJPE76290202109231632364093764;False;2021-09-22 23:28:13.771;Erro no arquivo
22;650430590;TJPE11697202109231632364091899;612dcebba9ba622685b950183d80fafa4cd0ab941b0ed559ee0c0a69919e2f88;7;1632364091906;;0;0;0;TJPE;G1;;2021/TJPE/09/G1/TJPE11697202109231632364091899;False;2021-09-22 23:28:11.906;Erro no arquivo
23;650430584;TJPE20533202109231632364090154;590992b018807fce56f5dc25acf2ae4476d6d7b97547c4fdb3bd5dc8154c3116;3;1632364090176;;100;100;0;TJPE;JE;1143128.0;2021/TJPE/09/JE/TJPE20533202109231632364090154;False;2021-09-22 23:28:10.176;Processado com sucesso
24;650430577;TJPE53307202109231632364088170;11c4bc63e7afe45e6393f3c7074ce7bbf866569a9e2d16e95d1534a71f9103c4;7;1632364088192;;0;0;0;TJPE;G1;;2021/TJPE/09/G1/TJPE53307202109231632364088170;False;2021-09-22 23:28:08.192;Erro no arquivo
25;650430574;TJPE62580202109231632364086190;3ae6f291944cfda3ff3bc77f17ec1606ec2b6033ba2fe7bcba2b3dee626443db;7;1632364086199;;0;0;0;TJPE;G1;;2021/TJPE/09/G1/TJPE62580202109231632364086190;False;2021-09-22 23:28:06.199;Erro no arquivo
26;650430569;TJPE10387202109231632364083801;4f7e42ce6826885620c33a38b824f3cb2976187b810f5ebcb283931eacf9ae53;7;1632364083810;;0;0;0;TJPE;G1;;2021/TJPE/09/G1/TJPE10387202109231632364083801;False;2021-09-22 23:28:03.810;Erro no arquivo
27;650430567;TJPE41506202109231632364081688;7f75130169e372d55e468b23fd82628765ddba2a4a788222a76b61524c8e41c1;7;1632364081708;;0;0;0;TJPE;G1;;2021/TJPE/09/G1/TJPE41506202109231632364081688;False;2021-09-22 23:28:01.708;Erro no arquivo
28;650430565;TJPE57035202109231632364078701;94a9c06786247dd2581a7444adfc76d43ccd46bea4bab46ccc767e4e58653fdd;7;1632364078708;;0;0;0;TJPE;G1;;2021/TJPE/09/G1/TJPE57035202109231632364078701;False;2021-09-22 23:27:58.708;Erro no arquivo
29;650430563;TJPE82182202109231632364076616;e0852f69009f2b391df78f7a42a6a2fb3f99ce50cac22f7a8c9333d7883edbf2;7;1632364076625;;0;0;0;TJPE;G1;;2021/TJPE/09/G1/TJPE82182202109231632364076616;False;2021-09-22 23:27:56.625;Erro no arquivo
30;650430560;TJPE55722202109231632364074665;2e46ae92bb5ed42c12f35c2ef394f3d5e2ef88af4d85cbd1fc7efca58eb7bccb;7;1632364074677;;0;0;0;TJPE;G1;;2021/TJPE/09/G1/TJPE55722202109231632364074665;False;2021-09-22 23:27:54.677;Erro no arquivo
31;650430556;TJPE53602202109231632364072877;f2281e17bc46b8b5aa72e1604313e30476b85787e70a00d228b417a8c46d46e9;7;1632364072887;;0;0;0;TJPE;G1;;2021/TJPE/09/G1/TJPE53602202109231632364072877;False;2021-09-22 23:27:52.887;Erro no arquivo
32;650430549;TJPE61194202109231632364070792;cab2db9071afe55f6c92c498932db4e7546ff135e2c855f65fd9b0d278975cca;7;1632364070802;;0;0;0;TJPE;G1;;2021/TJPE/09/G1/TJPE61194202109231632364070792;False;2021-09-22 23:27:50.802;Erro no arquivo
33;650430546;TJPE58524202109231632364068501;e1d3183e987d0f5ddb645508d71361195596df9d016bf9d8814672cc71c0df13;7;1632364068516;;0;0;0;TJPE;G1;;2021/TJPE/09/G1/TJPE58524202109231632364068501;False;2021-09-22 23:27:48.516;Erro no arquivo
34;650430541;TJPE77253202109231632364065539;ae6509bebcc006c5f5d99df694ac7fb09a66c8093945da913dd64b83a995d763;3;1632364065554;;100;100;0;TJPE;G1;1366501.0;2021/TJPE/09/G1/TJPE77253202109231632364065539;False;2021-09-22 23:27:45.554;Processado com sucesso
35;650430537;TJPE58198202109231632364063328;b7cbef07e2af6ce07fb08314ab4b82e44572e017c4b0c086f6e1c54ea7290ef7;7;1632364063336;;0;0;0;TJPE;JE;;2021/TJPE/09/JE/TJPE58198202109231632364063328;False;2021-09-22 23:27:43.336;Erro no arquivo
36;650430534;TJPE34023202109231632364061564;5adc60d14ad16def47d8beea458548368eb82c5d003ecac98a07e2d8e229a1f2;7;1632364061575;;0;0;0;TJPE;G1;;2021/TJPE/09/G1/TJPE34023202109231632364061564;False;2021-09-22 23:27:41.575;Erro no arquivo
37;650430523;TJPE14207202109231632364047724;80c83597d8d9f4d11330250d6872709cfcf814da90ca9bae2f27aef48d3eb375;7;1632364047737;;0;0;0;TJPE;G1;;2021/TJPE/09/G1/TJPE14207202109231632364047724;False;2021-09-22 23:27:27.737;Erro no arquivo
38;650430520;TJPE25178202109231632364046254;07ab23bde687c182ca5bc80d7828a059cc37caeb76af660d6f4240b6b54d4207;7;1632364046315;;0;0;0;TJPE;G1;;2021/TJPE/09/G1/TJPE25178202109231632364046254;False;2021-09-22 23:27:26.315;Erro no arquivo
39;650430516;TJPE13117202109231632364044157;02bf9013d8be3594714fbd252b14ac7fcbb05b0d921ae02f029b667a7a30a37f;3;1632364044166;;100;100;0;TJPE;JE;1055072.0;2021/TJPE/09/JE/TJPE13117202109231632364044157;False;2021-09-22 23:27:24.166;Processado com sucesso
0;650430511;TJPE64832202109231632364042291;8d93cc437d7c96fa4dadeee21a0e3e56b056b9e28ac43d704599a06d0d3d7ba0;3;1632364042300;;92;92;0;TJPE;G1;1170018.0;2021/TJPE/09/G1/TJPE64832202109231632364042291;False;2021-09-22 23:27:22.300;Processado com sucesso
1;650430510;TJPE87276202109231632364040396;29061b01732822016d5fcb7ce08082bf687d907886723367cf0d58d9defc0c3d;7;1632364040407;;0;0;0;TJPE;G1;;2021/TJPE/09/G1/TJPE87276202109231632364040396;False;2021-09-22 23:27:20.407;Erro no arquivo
2;650430507;TJPE39087202109231632364038724;d759513a98387603340e8a276f3f03c60749385b694aca07bb42a7a2bb117280;3;1632364038732;;100;100;0;TJPE;JE;1092492.0;2021/TJPE/09/JE/TJPE39087202109231632364038724;False;2021-09-22 23:27:18.732;Processado com sucesso
3;650430504;TJPE91812202109231632364036649;7e4a4ec46cf6186456340233adcbd2a705033bd9031af69a6a365a8fea26e297;7;1632364036670;;0;0;0;TJPE;G1;;2021/TJPE/09/G1/TJPE91812202109231632364036649;False;2021-09-22 23:27:16.670;Erro no arquivo
4;650430502;TJPE19118202109231632364034495;3b57b030fd0983c022943304ee3d1d2b269af14ff8d4fcf5664216f638e16b67;7;1632364034503;;0;0;0;TJPE;G1;;2021/TJPE/09/G1/TJPE19118202109231632364034495;False;2021-09-22 23:27:14.503;Erro no arquivo
5;650430494;TJPE28911202109231632364032371;7aa705256639918becebed42899cb1bff68d5070ad26799b9e64a4687d3b826c;7;1632364032385;;0;0;0;TJPE;G1;;2021/TJPE/09/G1/TJPE28911202109231632364032371;False;2021-09-22 23:27:12.385;Erro no arquivo
6;650430488;TJPE84577202109231632364030142;a0410fc4cc67b29ff108cf4679d1b2fc42685693caf5e7401273e30f27afac17;7;1632364030151;;0;0;0;TJPE;G1;;2021/TJPE/09/G1/TJPE84577202109231632364030142;False;2021-09-22 23:27:10.151;Erro no arquivo
7;650430486;TJPE44524202109231632364028012;d66299dc7bd6a53bb948d4844d473f7f20e16ae8bb122dec8201e04e1efdab22;7;1632364028033;;0;0;0;TJPE;G1;;2021/TJPE/09/G1/TJPE44524202109231632364028012;False;2021-09-22 23:27:08.033;Erro no arquivo
8;650430482;TJPE35501202109231632364025887;92e1eeacceabecfdb0485180fd8b4985a7d323d4ddd75a30378cbd986c369847;7;1632364025902;;0;0;0;TJPE;G1;;2021/TJPE/09/G1/TJPE35501202109231632364025887;False;2021-09-22 23:27:05.902;Erro no arquivo
9;650430472;TJPE90358202109231632364023676;9c54360f2cff646e5e73c92e40a8b4214515a3fdb87daa8b3f6a5600dbd4d201;7;1632364023685;;0;0;0;TJPE;G1;;2021/TJPE/09/G1/TJPE90358202109231632364023676;False;2021-09-22 23:27:03.685;Erro no arquivo
10;650430462;TJPE44562202109231632364020482;b42f1ae516b3689474a4d62bc00c9cd4c617403af10667b8c812fa9f45eb5e4c;7;1632364020505;;0;0;0;TJPE;G1;;2021/TJPE/09/G1/TJPE44562202109231632364020482;False;2021-09-22 23:27:00.505;Erro no arquivo
11;650430455;TJPE70018202109231632364018484;80811a96436c1fbf5126d158e29b1100316723d3d4a6a1e068711b9122242e0a;7;1632364018497;;0;0;0;TJPE;G1;;2021/TJPE/09/G1/TJPE70018202109231632364018484;False;2021-09-22 23:26:58.497;Erro no arquivo
12;650430451;TJPE32032202109231632364016690;b9ec74eb485a1166e240c49583b50ea0fc63ea3dc23a1792ade606e3ce303fa2;7;1632364016701;;0;0;0;TJPE;G1;;2021/TJPE/09/G1/TJPE32032202109231632364016690;False;2021-09-22 23:26:56.701;Erro no arquivo
13;650430448;TJPE27357202109231632364014409;87713e5b9051adacd11fbaa9e28787c907c3bf2ba72e9eebc372d620e9ca7291;7;1632364014420;;0;0;0;TJPE;G1;;2021/TJPE/09/G1/TJPE27357202109231632364014409;False;2021-09-22 23:26:54.420;Erro no arquivo
14;650430446;TJPE97021202109231632364012668;46bbeb13e76470ac2e6107f77523f77371577d4a40387c08845a75b066fd0fa0;7;1632364012679;;0;0;0;TJPE;G1;;2021/TJPE/09/G1/TJPE97021202109231632364012668;False;2021-09-22 23:26:52.679;Erro no arquivo
15;650430440;TJPE28208202109231632364010774;8c3e223db80e9378f390a806df03ffae3ad07e68399c342409af27a49f6a5bda;7;1632364010787;;0;0;0;TJPE;G1;;2021/TJPE/09/G1/TJPE28208202109231632364010774;False;2021-09-22 23:26:50.787;Erro no arquivo
16;650430435;TJPE50784202109231632364008678;b98a2aea0116beed21489efa315b3ea9e1ff12310c36d50de12aca9f724052db;7;1632364008686;;0;0;0;TJPE;G1;;2021/TJPE/09/G1/TJPE50784202109231632364008678;False;2021-09-22 23:26:48.686;Erro no arquivo
17;650430431;TJPE51303202109231632364006730;5fab27260d19db0f9cca05c0ccf9f77fc7aef406f918ca072e4cb0235da8013b;7;1632364006734;;0;0;0;TJPE;G1;;2021/TJPE/09/G1/TJPE51303202109231632364006730;False;2021-09-22 23:26:46.734;Erro no arquivo
18;650430425;TJPE14186202109231632364005400;bda9cff395d9bff7a259e88565abd7a0fb855059c5deebbef5059ae09e6793d5;3;1632364005409;;100;100;0;TJPE;JE;1185395.0;2021/TJPE/09/JE/TJPE14186202109231632364005400;False;2021-09-22 23:26:45.409;Processado com sucesso
19;650430418;TJPE35419202109231632364003321;44c2b22e48916fc3e1e3ce722d64602df626396210f6c81f11be9284f387d559;7;1632364003331;;0;0;0;TJPE;G1;;2021/TJPE/09/G1/TJPE35419202109231632364003321;False;2021-09-22 23:26:43.331;Erro no arquivo
20;650430416;TJPE72946202109231632364001392;25f9edc74f5dfad53d48e9cdff12964ed3fa7d831b5e5d9a86fc9468b8df0210;7;1632364001401;;0;0;0;TJPE;G1;;2021/TJPE/09/G1/TJPE72946202109231632364001392;False;2021-09-22 23:26:41.401;Erro no arquivo
21;650430413;TJPE49756202109231632363999499;f4b5d83568e17e1e220ec4beee374ce4bf81940c2b198a247940e03a8d020c78;7;1632363999507;;0;0;0;TJPE;G1;;2021/TJPE/09/G1/TJPE49756202109231632363999499;False;2021-09-22 23:26:39.507;Erro no arquivo
22;650430407;TJPE50456202109231632363997345;4cd01ebe31420d14a83379f9834ce6a067f4ed31a70270cee2f7b79004415466;7;1632363997358;;0;0;0;TJPE;G1;;2021/TJPE/09/G1/TJPE50456202109231632363997345;False;2021-09-22 23:26:37.358;Erro no arquivo
23;650430401;TJPE16263202109231632363995383;cbb580c68bcd148bfebc12ec97b4be27e0b2b2fa7d1070f2d85f87fa5323028e;7;1632363995391;;0;0;0;TJPE;G1;;2021/TJPE/09/G1/TJPE16263202109231632363995383;False;2021-09-22 23:26:35.391;Erro no arquivo
24;650430399;TJPE77198202109231632363993017;a29bb42e68f1d5db7de9f765448aefb0dd4ffed835805b0eaab69e310c0b21c9;7;1632363993034;;0;0;0;TJPE;G1;;2021/TJPE/09/G1/TJPE77198202109231632363993017;False;2021-09-22 23:26:33.034;Erro no arquivo
25;650430391;TJPE13288202109231632363990798;96e7d1d18dc03fbe982aed8e30d14493265684e2209e6f96c42cac9e769967fb;7;1632363990813;;0;0;0;TJPE;G1;;2021/TJPE/09/G1/TJPE13288202109231632363990798;False;2021-09-22 23:26:30.813;Erro no arquivo
26;650430390;TJPE43876202109231632363988532;0c18745ca14d3b31e0c8853f5603131db0799791c398dd5c4e28c9e81fe4b1f0;7;1632363988543;;0;0;0;TJPE;G1;;2021/TJPE/09/G1/TJPE43876202109231632363988532;False;2021-09-22 23:26:28.543;Erro no arquivo
27;650430388;TJPE46999202109231632363986489;60a4dc9795e5dd5ab85604b0a134fade94352bb02fb38055b2c35c10ae8b777a;7;1632363986499;;0;0;0;TJPE;G1;;2021/TJPE/09/G1/TJPE46999202109231632363986489;False;2021-09-22 23:26:26.499;Erro no arquivo
28;650430385;TJPE53447202109231632363984716;ed0f2e741be7600d484d4b63cdde23492c870e5abea8030715fd0e5d7e61b560;7;1632363984725;;0;0;0;TJPE;G1;;2021/TJPE/09/G1/TJPE53447202109231632363984716;False;2021-09-22 23:26:24.725;Erro no arquivo
29;650430378;TJPE99400202109231632363982160;fc33f426c08e1eb1370b15954ac950d390a7b9ce8d50d5823e60a3edf980fe31;7;1632363982173;;0;0;0;TJPE;G1;;2021/TJPE/09/G1/TJPE99400202109231632363982160;False;2021-09-22 23:26:22.173;Erro no arquivo
30;650430366;TJPE98573202109231632363980251;fe5245b59562f34b165e21297f8507c92c32faead7074470ce059c6f5de6cf1c;7;1632363980265;;0;0;0;TJPE;G1;;2021/TJPE/09/G1/TJPE98573202109231632363980251;False;2021-09-22 23:26:20.265;Erro no arquivo
31;650430362;TJPE41752202109231632363978889;ae7c84766ddd195823f31908486888b4099d4c58944b7449530d11a622205b98;7;1632363978901;;0;0;0;TJPE;G1;;2021/TJPE/09/G1/TJPE41752202109231632363978889;False;2021-09-22 23:26:18.901;Erro no arquivo
32;650430356;TJPE28808202109231632363977029;5df95a20714d0696dd7e7bd6abdace24cc14594bcca1430697b5bdb05431bbd7;7;1632363977041;;0;0;0;TJPE;G1;;2021/TJPE/09/G1/TJPE28808202109231632363977029;False;2021-09-22 23:26:17.041;Erro no arquivo
33;650430354;TJPE59618202109231632363975180;739fc8d3ccd43bb71053aad73d8378cbc18af1cfdd3ab17134948be1b491d999;7;1632363975201;;0;0;0;TJPE;G1;;2021/TJPE/09/G1/TJPE59618202109231632363975180;False;2021-09-22 23:26:15.201;Erro no arquivo
34;650430346;TJPE25277202109231632363972838;7fefa2da235d52542bcc9277d1ae665a8c1846da4c41803ef8b510f74dbe19d8;7;1632363972849;;0;0;0;TJPE;G1;;2021/TJPE/09/G1/TJPE25277202109231632363972838;False;2021-09-22 23:26:12.849;Erro no arquivo
35;650430340;TJPE73343202109231632363970350;6cdfe633d604d8ae93ea63d0e07bb7cbc8e0c8f095f9a048eecdf20fb1dcfb93;7;1632363970359;;0;0;0;TJPE;G1;;2021/TJPE/09/G1/TJPE73343202109231632363970350;False;2021-09-22 23:26:10.359;Erro no arquivo
36;650430335;TJPE28343202109231632363968095;2133a6a0321f714c3ed09013d8ce404716d0c98a14295ca475b60848732b82d1;7;1632363968104;;0;0;0;TJPE;G1;;2021/TJPE/09/G1/TJPE28343202109231632363968095;False;2021-09-22 23:26:08.104;Erro no arquivo
37;650430329;TJPE30960202109231632363966007;f680011c63241ec6a6cc80168a549a0cff9e426eb585608f6efd7359e278d109;7;1632363966022;;0;0;0;TJPE;G1;;2021/TJPE/09/G1/TJPE30960202109231632363966007;False;2021-09-22 23:26:06.022;Erro no arquivo
38;650430325;TJPE61356202109231632363964109;39870cbef7c75ace959a7ab56b07820806d5684f35db7ebdf2c7ab7c9dc0e83d;7;1632363964118;;0;0;0;TJPE;G1;;2021/TJPE/09/G1/TJPE61356202109231632363964109;False;2021-09-22 23:26:04.118;Erro no arquivo
39;650430318;TJPE24996202109231632363961896;f48da06ef8fe0a3193c93f654f4db5c2640d69a91f10448aa41686000adf38fb;7;1632363961909;;0;0;0;TJPE;G1;;2021/TJPE/09/G1/TJPE24996202109231632363961896;False;2021-09-22 23:26:01.909;Erro no arquivo
0;650430303;TJPE57979202109231632363956854;33a5da2d3883a6e11b11f4ba8a3276890ad83c6ca8ee5c460be1f2352ad9e655;7;1632363956863;;0;0;0;TJPE;G1;;2021/TJPE/09/G1/TJPE57979202109231632363956854;False;2021-09-22 23:25:56.863;Erro no arquivo
1;650430297;TJPE39441202109231632363953197;d3ff3662f98c525909b66ac0b9786f2c7e80a03574dcca09624262f700c9f6be;7;1632363953206;;0;0;0;TJPE;G1;;2021/TJPE/09/G1/TJPE39441202109231632363953197;False;2021-09-22 23:25:53.206;Erro no arquivo
2;650430274;TJPE84645202109231632363946184;f7cf69774fb06c6c27c87d8c0ad06c95c8bfd8ee49bb2143632ae897878deb26;3;1632363946203;;100;100;0;TJPE;JE;998377.0;2021/TJPE/09/JE/TJPE84645202109231632363946184;False;2021-09-22 23:25:46.203;Processado com sucesso
3;650430253;TJPE53377202109231632363939803;6c9b372d45f9c9c822e7441472e4646a009b18af3b4c155e313709c2c18ca0ed;7;1632363939810;;0;0;0;TJPE;G1;;2021/TJPE/09/G1/TJPE53377202109231632363939803;False;2021-09-22 23:25:39.810;Erro no arquivo
4;650430237;TJPE11128202109231632363935965;83ede5c76395ac550c0e03e1900075ea63b3fc3f6141a37cfac30a03f6cb2d73;7;1632363935973;;0;0;0;TJPE;G1;;2021/TJPE/09/G1/TJPE11128202109231632363935965;False;2021-09-22 23:25:35.973;Erro no arquivo
5;650430227;TJPE62416202109231632363931016;2ee5b3fc4d072e4da38c301034c5459cb3393d195ddf6a091f40a9e54e27411e;7;1632363931022;;0;0;0;TJPE;G1;;2021/TJPE/09/G1/TJPE62416202109231632363931016;False;2021-09-22 23:25:31.022;Erro no arquivo
6;650430223;TJPE41616202109231632363929377;81b6f22dde7d8ff6bcb4cab098be9be8979a05e9031cc866c2bf8e29e12e1a34;7;1632363929384;;0;0;0;TJPE;G1;;2021/TJPE/09/G1/TJPE41616202109231632363929377;False;2021-09-22 23:25:29.384;Erro no arquivo
7;650430217;TJPE64149202109231632363927157;3a17b98fab1a4cb13685a5be83961b5162bf1d63b0776dea0cc4e6093301ea70;3;1632363927170;;100;100;0;TJPE;JE;1143875.0;2021/TJPE/09/JE/TJPE64149202109231632363927157;False;2021-09-22 23:25:27.170;Processado com sucesso
8;650430207;TJPE23422202109231632363924994;22ab8e6eefbcfee7000fd49c513192d2e40d3e2190855081884eaca4b085d242;7;1632363925002;;0;0;0;TJPE;G1;;2021/TJPE/09/G1/TJPE23422202109231632363924994;False;2021-09-22 23:25:25.002;Erro no arquivo
9;650430195;TJPE96868202109231632363923332;5931c6e96eb8e05f93eb06a2fe5cc9ad1859461753354f95c5a7312c7d0212df;7;1632363923353;;0;0;0;TJPE;G1;;2021/TJPE/09/G1/TJPE96868202109231632363923332;False;2021-09-22 23:25:23.353;Erro no arquivo
10;650430192;TJPE10675202109231632363921488;d202bc4d4e02b552952bda87efc04ef3037a7a851627c3f44211aa7dd60e9219;7;1632363921493;;0;0;0;TJPE;G1;;2021/TJPE/09/G1/TJPE10675202109231632363921488;False;2021-09-22 23:25:21.493;Erro no arquivo
11;650430191;TJPE22557202109231632363919971;bc2b3f5e2fe636e17c960ef75f928993eeac68aeaafc0a0a2dd542f9448fe576;7;1632363919977;;0;0;0;TJPE;G1;;2021/TJPE/09/G1/TJPE22557202109231632363919971;False;2021-09-22 23:25:19.977;Erro no arquivo
12;650430187;TJPE67561202109231632363918336;8ca3cbb7ae4ec4fe48553aa7f8d45b54058605d333f258270d797cbf12e8b57b;7;1632363918346;;0;0;0;TJPE;G1;;2021/TJPE/09/G1/TJPE67561202109231632363918336;False;2021-09-22 23:25:18.346;Erro no arquivo
13;650430185;TJPE73619202109231632363916323;8784f7763048ddc7f6167843e2335fca3a13dc465d395aa20e6fbd58eeb9c5f5;3;1632363916335;;100;100;0;TJPE;JE;1042517.0;2021/TJPE/09/JE/TJPE73619202109231632363916323;False;2021-09-22 23:25:16.335;Processado com sucesso
14;650430181;TJPE53134202109231632363914121;590947901cb7bbfcc9548267d6d5cf3acb6a0a5a95a72e889bdb6b6cc27c961f;7;1632363914145;;0;0;0;TJPE;G1;;2021/TJPE/09/G1/TJPE53134202109231632363914121;False;2021-09-22 23:25:14.145;Erro no arquivo
15;650430174;TJPE48040202109231632363911992;4019f28d2cfce0a72f0e4f6b96771c8892f46518efcc87f1e8dc763012bb36b4;3;1632363912001;;100;100;0;TJPE;JE;1177215.0;2021/TJPE/09/JE/TJPE48040202109231632363911992;False;2021-09-22 23:25:12.001;Processado com sucesso
16;650430171;TJPE66264202109231632363909953;83d01e8b7d13381825cfbf34c5268f1c3eed67c583b75f6e8f38ba8fcba3c246;7;1632363909961;;0;0;0;TJPE;G1;;2021/TJPE/09/G1/TJPE66264202109231632363909953;False;2021-09-22 23:25:09.961;Erro no arquivo
17;650430169;TJPE38378202109231632363907992;76ff42403c25bb439d5593e93db0f8e98098538dbf7b5337fa9e9d6f60b0883e;7;1632363908005;;0;0;0;TJPE;G1;;2021/TJPE/09/G1/TJPE38378202109231632363907992;False;2021-09-22 23:25:08.005;Erro no arquivo
18;650430161;TJPE19982202109231632363905809;4a3fb23a2f6fad100bd5bcafcaeaecae7bd5241879d76072cccf0031d44e3e14;7;1632363905820;;0;0;0;TJPE;G1;;2021/TJPE/09/G1/TJPE19982202109231632363905809;False;2021-09-22 23:25:05.820;Erro no arquivo
19;650430156;TJPE48328202109231632363904014;2efc23947267b01fc7260f024e5bf82e1b8b657ea773c5d7135c3626392447bc;3;1632363904038;;100;100;0;TJPE;JE;1274937.0;2021/TJPE/09/JE/TJPE48328202109231632363904014;False;2021-09-22 23:25:04.038;Processado com sucesso
20;650430148;TJPE52964202109231632363901726;32c185432d69506900031b052c8e19facd2670d7d309c79982b43f04fc7f8167;7;1632363901739;;0;0;0;TJPE;G1;;2021/TJPE/09/G1/TJPE52964202109231632363901726;False;2021-09-22 23:25:01.739;Erro no arquivo
21;650430144;TJPE32491202109231632363899920;d85e95eb37f04e3a5d3e10474721c4b2ee1e5f5c1cf8a16c211e0bd9dc0d0682;7;1632363899928;;0;0;0;TJPE;G1;;2021/TJPE/09/G1/TJPE32491202109231632363899920;False;2021-09-22 23:24:59.928;Erro no arquivo
22;650430141;TJPE31733202109231632363897944;49913aed1a85c4fafc018cda24b95a77e0737cc346cb23131fa69a7a8790788e;7;1632363897953;;0;0;0;TJPE;G1;;2021/TJPE/09/G1/TJPE31733202109231632363897944;False;2021-09-22 23:24:57.953;Erro no arquivo
23;650430138;TJPE63422202109231632363895967;3c5de2c7b590eaa7eea4f745a46f62f62e1918e5278622625b10953100e9acea;7;1632363895976;;0;0;0;TJPE;G1;;2021/TJPE/09/G1/TJPE63422202109231632363895967;False;2021-09-22 23:24:55.976;Erro no arquivo
24;650430129;TJPE28433202109231632363893215;f6f84272a0b271bc119ebe17a7bdaf35f2863861024ddfce03eb7efd346b5be1;7;1632363893222;;0;0;0;TJPE;JE;;2021/TJPE/09/JE/TJPE28433202109231632363893215;False;2021-09-22 23:24:53.222;Erro no arquivo
25;650430126;TJPE84180202109231632363891465;57a7814ef0592f4977db082715cbbcd343e511206d99e690104e93048669cea1;3;1632363891474;;100;100;0;TJPE;JE;1128507.0;2021/TJPE/09/JE/TJPE84180202109231632363891465;False;2021-09-22 23:24:51.474;Processado com sucesso
26;650430122;TJPE19530202109231632363889553;8a7ceccc684e3ca8bb70862fb9da593f963f374cac46ba9b2f53a12496c982ef;7;1632363889570;;0;0;0;TJPE;G1;;2021/TJPE/09/G1/TJPE19530202109231632363889553;False;2021-09-22 23:24:49.570;Erro no arquivo
27;650430119;TJPE28890202109231632363887769;7551771bed7c1fb2671c38903c3b207eb773db645ca5434d62eb4135c661eb1f;7;1632363887778;;0;0;0;TJPE;G1;;2021/TJPE/09/G1/TJPE28890202109231632363887769;False;2021-09-22 23:24:47.778;Erro no arquivo
28;650430114;TJPE15636202109231632363885647;996bfb39c5c72d173dbdae0b231dee31dffefa374232949bf12c66915c29ff44;7;1632363885665;;0;0;0;TJPE;G1;;2021/TJPE/09/G1/TJPE15636202109231632363885647;False;2021-09-22 23:24:45.665;Erro no arquivo
29;650430107;TJPE39609202109231632363883214;c7b929795d6827fda94ee2fd7ecf10302d08d2c88bf0181afa520acb9fb85e65;7;1632363883223;;0;0;0;TJPE;G1;;2021/TJPE/09/G1/TJPE39609202109231632363883214;False;2021-09-22 23:24:43.223;Erro no arquivo
30;650430099;TJPE54866202109231632363881274;87c69046d8e470ae80c767542a1f362867bf45c056d0f808598c65faa9077aac;7;1632363881283;;0;0;0;TJPE;G1;;2021/TJPE/09/G1/TJPE54866202109231632363881274;False;2021-09-22 23:24:41.283;Erro no arquivo
31;650430092;TJPE31014202109231632363878128;9fe5f30571f01047e522bc0a79269ccf3519b905a58a393226ed383d18bfb5a5;7;1632363878146;;0;0;0;TJPE;JE;;2021/TJPE/09/JE/TJPE31014202109231632363878128;False;2021-09-22 23:24:38.146;Erro no arquivo
32;650430087;TJPE83539202109231632363876278;f8be5d0e1b294131d16fce27d0f781fff4b031ad6abf7bfc557b56e812af5111;7;1632363876292;;0;0;0;TJPE;G1;;2021/TJPE/09/G1/TJPE83539202109231632363876278;False;2021-09-22 23:24:36.292;Erro no arquivo
33;650430084;TJPE36437202109231632363874346;c96225a3700f4676cf4129182763bc86206622bd0f711bd7312e2440cc0fe209;7;1632363874355;;0;0;0;TJPE;G1;;2021/TJPE/09/G1/TJPE36437202109231632363874346;False;2021-09-22 23:24:34.355;Erro no arquivo
34;650430078;TJPE16681202109231632363872406;dadd75e0ae0b6da4b2b93c0c6e1abc53ddb821a9f58a32831b8783ad59d31b6f;7;1632363872414;;0;0;0;TJPE;G1;;2021/TJPE/09/G1/TJPE16681202109231632363872406;False;2021-09-22 23:24:32.414;Erro no arquivo
35;650430073;TJPE80669202109231632363870299;875df83eaa8a86975781ad690c161774eeea91d5d0f05165bf4072f017004230;3;1632363870309;;97;97;0;TJPE;G1;1221049.0;2021/TJPE/09/G1/TJPE80669202109231632363870299;False;2021-09-22 23:24:30.309;Processado com sucesso
36;650430063;TJPE47010202109231632363868069;ceac49324a83abe232e5ed33de0099648d519e3b0bd8c5514ba076c8a5f90237;7;1632363868081;;0;0;0;TJPE;G1;;2021/TJPE/09/G1/TJPE47010202109231632363868069;False;2021-09-22 23:24:28.081;Erro no arquivo
37;650430057;TJPE73026202109231632363866011;91b3b1696ecc1a96d67b79c493818908a2c9e8fe775aa4c8620032708c87cf93;7;1632363866022;;0;0;0;TJPE;G1;;2021/TJPE/09/G1/TJPE73026202109231632363866011;False;2021-09-22 23:24:26.022;Erro no arquivo
38;650430053;TJPE81598202109231632363863575;5381db4913717291164d3bc9e384fc3b2827589a88c60fedd9b5a83cdc2dc0aa;7;1632363863585;;0;0;0;TJPE;G1;;2021/TJPE/09/G1/TJPE81598202109231632363863575;False;2021-09-22 23:24:23.585;Erro no arquivo
39;650430051;TJPE54317202109231632363861583;db7fab31dde26d7555860731c6a750fdeadb0ac5166709a48dcf190985edc801;3;1632363861597;;100;100;0;TJPE;G1;1822072.0;2021/TJPE/09/G1/TJPE54317202109231632363861583;False;2021-09-22 23:24:21.597;Processado com sucesso
0;650430048;TJPE39367202109231632363858658;7854b0d42cde7784691e2f8c39254d88d8f16ef3d2cf90fafd8f0c1ff2d0f25b;7;1632363858666;;0;0;0;TJPE;G1;;2021/TJPE/09/G1/TJPE39367202109231632363858658;False;2021-09-22 23:24:18.666;Erro no arquivo
1;650430040;TJPE66423202109231632363856061;ce2cbd9595fda33bb081514721c84fbd93327491a091bd5ff1945870b490535f;7;1632363856081;;0;0;0;TJPE;G1;;2021/TJPE/09/G1/TJPE66423202109231632363856061;False;2021-09-22 23:24:16.081;Erro no arquivo
2;650430036;TJPE53173202109231632363852876;938e8a6b5228a70f634345b226730caf66cf3ca21c57cba0d4a86739b9750c98;7;1632363852883;;0;0;0;TJPE;G1;;2021/TJPE/09/G1/TJPE53173202109231632363852876;False;2021-09-22 23:24:12.883;Erro no arquivo
3;650430031;TJPE18841202109231632363851075;96a095c30d458b65b654e3e3b187c61e4c7e8281208086e6116e4c013a70b274;7;1632363851084;;0;0;0;TJPE;G1;;2021/TJPE/09/G1/TJPE18841202109231632363851075;False;2021-09-22 23:24:11.084;Erro no arquivo
4;650430026;TJPE60265202109231632363849017;2a143490c49027c435ef31b09fa707cc72d1165470d2ea71f4d693b7852ed51e;7;1632363849026;;0;0;0;TJPE;G1;;2021/TJPE/09/G1/TJPE60265202109231632363849017;False;2021-09-22 23:24:09.026;Erro no arquivo
5;650430022;TJPE75561202109231632363846942;fcba3e70a56ff288ecf8f8e520c8cf46e60763fc9cf18a7aac1ecd90926198c3;7;1632363846954;;0;0;0;TJPE;G1;;2021/TJPE/09/G1/TJPE75561202109231632363846942;False;2021-09-22 23:24:06.954;Erro no arquivo
6;650430017;TJPE44372202109231632363844811;6af24a2497c519a9851c13f54f911a3e9d45f38218294c9fc1ee27864f753d3b;7;1632363844839;;0;0;0;TJPE;G1;;2021/TJPE/09/G1/TJPE44372202109231632363844811;False;2021-09-22 23:24:04.839;Erro no arquivo
7;650430007;TJPE69948202109231632363842538;e3ba15c641f1acf7f2a4776cd0786ca053c62ea078d96aeea6e2c6b0dddb4ada;3;1632363842547;;100;100;0;TJPE;JE;1021583.0;2021/TJPE/09/JE/TJPE69948202109231632363842538;False;2021-09-22 23:24:02.547;Processado com sucesso
8;650430005;TJPE82164202109231632363840745;e89fba0533aa53367c561f391ed4ed093a87133245aa0eeaa83d65bcc8764f09;7;1632363840755;;0;0;0;TJPE;G1;;2021/TJPE/09/G1/TJPE82164202109231632363840745;False;2021-09-22 23:24:00.755;Erro no arquivo
9;650430003;TJPE15737202109231632363838597;96f625a1a6c71bfd819e5cae642d8a31da53253eb9d510c501c15524e6825f68;7;1632363838606;;0;0;0;TJPE;G1;;2021/TJPE/09/G1/TJPE15737202109231632363838597;False;2021-09-22 23:23:58.606;Erro no arquivo
10;650429998;TJPE11333202109231632363836487;d1d5efc5eb2daa6d6401b2d6a5f2ac1667c21f92b6a3f860c8522ec23ab134c3;7;1632363836499;;0;0;0;TJPE;G1;;2021/TJPE/09/G1/TJPE11333202109231632363836487;False;2021-09-22 23:23:56.499;Erro no arquivo
11;650429985;TJPE85292202109231632363830636;7c49c658f52dadae996ff9421e0702d88ed89de0b2b485498bb05f648428d7cf;7;1632363830645;;0;0;0;TJPE;G1;;2021/TJPE/09/G1/TJPE85292202109231632363830636;False;2021-09-22 23:23:50.645;Erro no arquivo
12;650429981;TJPE76249202109231632363827742;bf36914df0f87dab5a2e860c66f5f96ca2ef5161cfdee11f5601298b370c97bb;7;1632363827752;;0;0;0;TJPE;G1;;2021/TJPE/09/G1/TJPE76249202109231632363827742;False;2021-09-22 23:23:47.752;Erro no arquivo
13;650429969;TJPE35714202109231632363817449;b211e369f2c8ee9d3f607357b0a7e9940b06915754cdc033da03194d00a7af94;7;1632363817457;;0;0;0;TJPE;G1;;2021/TJPE/09/G1/TJPE35714202109231632363817449;False;2021-09-22 23:23:37.457;Erro no arquivo
14;650429955;TJPE92589202109231632363813305;b8a26425221c3d2a837b50587b78b66f319f0938ca0df49060db7dd3c7271577;7;1632363813318;;0;0;0;TJPE;G1;;2021/TJPE/09/G1/TJPE92589202109231632363813305;False;2021-09-22 23:23:33.318;Erro no arquivo
15;650429943;TJPE56896202109231632363808287;4204f630969053e11c4d8ab001ce8e4fade7ae45bfa825bf60c3385d91b7e7b4;7;1632363808297;;0;0;0;TJPE;G1;;2021/TJPE/09/G1/TJPE56896202109231632363808287;False;2021-09-22 23:23:28.297;Erro no arquivo
16;650429934;TJPE20913202109231632363804986;d43a8f5dc237987fd824c3b37ccacfc1f60c5da371f424fb9eafac3b88acbf4f;7;1632363804996;;0;0;0;TJPE;G1;;2021/TJPE/09/G1/TJPE20913202109231632363804986;False;2021-09-22 23:23:24.996;Erro no arquivo
17;650429899;TJPE71488202109231632363789436;95295daa2ece0a039fc5c291b1ab63669685e37022a701aa577fb85f2b739491;7;1632363789444;;0;0;0;TJPE;G1;;2021/TJPE/09/G1/TJPE71488202109231632363789436;False;2021-09-22 23:23:09.444;Erro no arquivo
18;650429883;TJPE52212202109231632363781569;f8290c775340639b102a3a9e3eb8ef7b8615ebdbd0e11bb4681e499e18e058a6;3;1632363781575;;97;97;0;TJPE;G1;657119.0;2021/TJPE/09/G1/TJPE52212202109231632363781569;False;2021-09-22 23:23:01.575;Processado com sucesso
19;650429876;TJPE43269202109231632363778136;f0a41d3bfe9642131060b988fc9661fb5191fdcb17e3011ddee861b60b8f1f20;3;1632363778145;;100;100;0;TJPE;JE;1150385.0;2021/TJPE/09/JE/TJPE43269202109231632363778136;False;2021-09-22 23:22:58.145;Processado com sucesso
20;650429853;TJPE52205202109231632363771070;525ed29e44d48a4fa769a06ea97de7ccd73325c1060230ba93ff6a85d436f35d;7;1632363771083;;0;0;0;TJPE;G1;;2021/TJPE/09/G1/TJPE52205202109231632363771070;False;2021-09-22 23:22:51.083;Erro no arquivo
21;650429845;TJPE89596202109231632363765093;8cd962403df31a0bb7ba652740d6736c62a1940f81c3307361acc27e75ebc45f;7;1632363765104;;0;0;0;TJPE;G1;;2021/TJPE/09/G1/TJPE89596202109231632363765093;False;2021-09-22 23:22:45.104;Erro no arquivo
22;650429839;TJPE73358202109231632363763052;7d2d24a6808cc78932e2d4979421b178e108585ed520d6f500b836927abfecf8;7;1632363763066;;0;0;0;TJPE;G1;;2021/TJPE/09/G1/TJPE73358202109231632363763052;False;2021-09-22 23:22:43.066;Erro no arquivo
23;650429835;TJPE35634202109231632363760896;1d094d0af2ba92169cff908d9d0f281b6aa3cf5716b43bb38b6d3dabe60a4f56;7;1632363760910;;0;0;0;TJPE;G1;;2021/TJPE/09/G1/TJPE35634202109231632363760896;False;2021-09-22 23:22:40.910;Erro no arquivo
24;650429827;TJPE11959202109231632363758950;0b933b310411165d76ab3d5868310123b5a6af2f94b5d0937975d77d92f48931;7;1632363758959;;0;0;0;TJPE;JE;;2021/TJPE/09/JE/TJPE11959202109231632363758950;False;2021-09-22 23:22:38.959;Erro no arquivo
25;650429818;TJPE70952202109231632363756907;3f546ae8f948ce8edf21feb4480928a62cf2b057d13ca4226554d7f7fb88060d;3;1632363756934;;96;96;0;TJPE;G1;1235744.0;2021/TJPE/09/G1/TJPE70952202109231632363756907;False;2021-09-22 23:22:36.934;Processado com sucesso
26;650429814;TJPE93042202109231632363754494;75aa2667647276c28096a19354fd06901a1ce4c2aa10d85a00c33106f13156ac;7;1632363754504;;0;0;0;TJPE;G1;;2021/TJPE/09/G1/TJPE93042202109231632363754494;False;2021-09-22 23:22:34.504;Erro no arquivo
27;650429807;TJPE22276202109231632363752274;0e574725f3ce5ae33816ba5d6ba0103fadadde3aaefe48953e541e224ef05eab;3;1632363752288;;100;100;0;TJPE;G1;1695071.0;2021/TJPE/09/G1/TJPE22276202109231632363752274;False;2021-09-22 23:22:32.288;Processado com sucesso
28;650429805;TJPE11084202109231632363749335;35c963af07583601d25c149861d49a40de65a11eb0b3ab91d475585596aaba64;7;1632363749345;;0;0;0;TJPE;G1;;2021/TJPE/09/G1/TJPE11084202109231632363749335;False;2021-09-22 23:22:29.345;Erro no arquivo
29;650429796;TJPE73838202109231632363747216;bd4f165c6e0decb16539d0dddbfb5b56abc37a3e16b69614d26bf9591dca1ba6;7;1632363747225;;0;0;0;TJPE;G1;;2021/TJPE/09/G1/TJPE73838202109231632363747216;False;2021-09-22 23:22:27.225;Erro no arquivo
30;650429785;TJPE72403202109231632363745056;b75aefdd8faf1ee8d2deadb3f8c3b10e3b53cad267ab0f6470957e3e49e44349;7;1632363745070;;0;0;0;TJPE;G1;;2021/TJPE/09/G1/TJPE72403202109231632363745056;False;2021-09-22 23:22:25.070;Erro no arquivo
31;650429779;TJPE33698202109231632363742986;0b930affa53162b7d7195e3f82b8bbe48acd787079ef0ec3f706eb29b4c65c9b;7;1632363742994;;0;0;0;TJPE;G1;;2021/TJPE/09/G1/TJPE33698202109231632363742986;False;2021-09-22 23:22:22.994;Erro no arquivo
32;650429772;TJPE42373202109231632363740872;363a7ff03543ef7dfe51edc6f286f4b06c596f61a47ccbb1546c4145a7df98e7;7;1632363740884;;0;0;0;TJPE;G1;;2021/TJPE/09/G1/TJPE42373202109231632363740872;False;2021-09-22 23:22:20.884;Erro no arquivo
33;650429765;TJPE23510202109231632363738202;12f8e473fb010af18d08f6fc9fe0793717817e6823c6f90ae5affb5d5855b994;7;1632363738211;;0;0;0;TJPE;G1;;2021/TJPE/09/G1/TJPE23510202109231632363738202;False;2021-09-22 23:22:18.211;Erro no arquivo
34;650429762;TJPE37297202109231632363736131;b4ad4c126055aca62d8503011dd7214c61d0ddd7556a1599d6ab7d40c63cc022;7;1632363736149;;0;0;0;TJPE;G1;;2021/TJPE/09/G1/TJPE37297202109231632363736131;False;2021-09-22 23:22:16.149;Erro no arquivo
35;650429754;TJPE80504202109231632363733753;c6c04706662048ac71abfbd2ea485073204b9f76f669ac728305a2914521b116;7;1632363733766;;0;0;0;TJPE;G1;;2021/TJPE/09/G1/TJPE80504202109231632363733753;False;2021-09-22 23:22:13.766;Erro no arquivo
36;650429738;TJPE18444202109231632363731932;38a5c15bafb3adb539d04b2388ae15c755b65eb7c86e194ed55f021007f698c8;7;1632363731941;;0;0;0;TJPE;G1;;2021/TJPE/09/G1/TJPE18444202109231632363731932;False;2021-09-22 23:22:11.941;Erro no arquivo
37;650429729;TJPE26370202109231632363729361;36d2d5c6121311d40c88b9020f6e0e7149bd0a074f74782aadf772640d717045;7;1632363729371;;0;0;0;TJPE;G1;;2021/TJPE/09/G1/TJPE26370202109231632363729361;False;2021-09-22 23:22:09.371;Erro no arquivo
38;650429724;TJPE70632202109231632363726876;582085124d59f7d1c335b439e3325bbfb789bfde61aa6642cc2fd1d2ca414db7;7;1632363726887;;0;0;0;TJPE;G1;;2021/TJPE/09/G1/TJPE70632202109231632363726876;False;2021-09-22 23:22:06.887;Erro no arquivo
39;650429720;TJPE54774202109231632363724984;d2ef727745ff54bcd67ac3e71025482d2e2a56d37588c580ff372d30b670b724;7;1632363724992;;0;0;0;TJPE;G1;;2021/TJPE/09/G1/TJPE54774202109231632363724984;False;2021-09-22 23:22:04.992;Erro no arquivo
0;650429717;TJPE52491202109231632363722939;c55ae8dda3cd77547c4d949ac161a57fdc913252caa229289a21a127ed6f2ec8;7;1632363722944;;0;0;0;TJPE;G1;;2021/TJPE/09/G1/TJPE52491202109231632363722939;False;2021-09-22 23:22:02.944;Erro no arquivo
1;650429715;TJPE40964202109231632363721500;451450ef6ee7fa900596fbb9372aba50f0faef224f7eaed525b4918aa881fe84;7;1632363721509;;0;0;0;TJPE;G1;;2021/TJPE/09/G1/TJPE40964202109231632363721500;False;2021-09-22 23:22:01.509;Erro no arquivo
2;650429705;TJPE43773202109231632363719427;09b5473c4cbcc38077302c98ee0ec059e5db3d30cb59696dc8169777680ace69;7;1632363719449;;0;0;0;TJPE;G1;;2021/TJPE/09/G1/TJPE43773202109231632363719427;False;2021-09-22 23:21:59.449;Erro no arquivo
3;650429700;TJPE74625202109231632363716825;e4da9c45169aa9089c9e7cccd2ff8d254dfd2617dea815d39a09f33c8a28a1fa;7;1632363716835;;0;0;0;TJPE;G1;;2021/TJPE/09/G1/TJPE74625202109231632363716825;False;2021-09-22 23:21:56.835;Erro no arquivo
4;650429699;TJPE82385202109231632363714493;de90953c6657d5817c937fb87ed3fd9efa6f1d6f8094d287dc2d6a0a8e0b3261;7;1632363714512;;0;0;0;TJPE;G1;;2021/TJPE/09/G1/TJPE82385202109231632363714493;False;2021-09-22 23:21:54.512;Erro no arquivo
5;650429694;TJPE42043202109231632363711151;534693085d5f93aacfe6e3877e82297e18883f4784c8f48d22ec1463f946c584;7;1632363711157;;0;0;0;TJPE;G1;;2021/TJPE/09/G1/TJPE42043202109231632363711151;False;2021-09-22 23:21:51.157;Erro no arquivo
6;650429690;TJPE19280202109231632363709136;acfbc3d586b44c6b200ba0470cfabe30b6425d3ecc128bdc397f2fdaa6e0e04c;7;1632363709204;;0;0;0;TJPE;G1;;2021/TJPE/09/G1/TJPE19280202109231632363709136;False;2021-09-22 23:21:49.204;Erro no arquivo
7;650429682;TJPE42699202109231632363707119;cc9d878e059ea45e9dabc3a05af2336d9e2b1104a3e564472afec1be5c3277ca;7;1632363707128;;0;0;0;TJPE;G1;;2021/TJPE/09/G1/TJPE42699202109231632363707119;False;2021-09-22 23:21:47.128;Erro no arquivo
8;650429674;TJPE11274202109231632363705052;beb5ef3a4233c8c49155d0474648693de4b2930ef8b8ee1037e4d1212fd8122b;3;1632363705060;;100;100;0;TJPE;JE;1053752.0;2021/TJPE/09/JE/TJPE11274202109231632363705052;False;2021-09-22 23:21:45.060;Processado com sucesso
9;650429672;TJPE12536202109231632363703010;78d0b5ca919fa52ed7ae64e4449dbac6a7cd6d10a6de48048d14cf05b6fb9b41;7;1632363703035;;0;0;0;TJPE;G1;;2021/TJPE/09/G1/TJPE12536202109231632363703010;False;2021-09-22 23:21:43.035;Erro no arquivo
10;650429640;TJPE66804202109231632363694433;61b39a49c4e6caa419077a5ffd60d49870cc06beff69d11cea91b5197ed54b51;7;1632363694449;;0;0;0;TJPE;G1;;2021/TJPE/09/G1/TJPE66804202109231632363694433;False;2021-09-22 23:21:34.449;Erro no arquivo
11;650429623;TJPE17248202109231632363688879;8233e2a5ba4186f50b67b94f9e95ea57ad028f76764d470039f2aaaa9c8f2a2b;7;1632363688891;;0;0;0;TJPE;G1;;2021/TJPE/09/G1/TJPE17248202109231632363688879;False;2021-09-22 23:21:28.891;Erro no arquivo
12;650429608;TJPE40413202109231632363681953;e97f73442c3d9c9150ff47bd97c2b949893e2522e456253262e3d9fa9f557f5a;7;1632363681981;;0;0;0;TJPE;G1;;2021/TJPE/09/G1/TJPE40413202109231632363681953;False;2021-09-22 23:21:21.981;Erro no arquivo
13;650429602;TJPE55518202109231632363675999;3e58ad1a6055450087eeae9a6104a30a933b540b33ce169237cf15f4d43921ca;7;1632363676011;;0;0;0;TJPE;G1;;2021/TJPE/09/G1/TJPE55518202109231632363675999;False;2021-09-22 23:21:16.011;Erro no arquivo
14;650429584;TJPE94913202109231632363666926;fda203459bbe82afa681fd803d4116bef243f1d26aba4973e79fe458d8d15408;7;1632363666942;;0;0;0;TJPE;G1;;2021/TJPE/09/G1/TJPE94913202109231632363666926;False;2021-09-22 23:21:06.942;Erro no arquivo
15;650429561;TJPE81338202109231632363659857;0c7c9e17ab8eb05066777a9040001c45620db35f8b8c97fcb4150fdc821948a4;3;1632363659869;;100;100;0;TJPE;G1;1596208.0;2021/TJPE/09/G1/TJPE81338202109231632363659857;False;2021-09-22 23:20:59.869;Processado com sucesso
16;650429552;TJPE30714202109231632363654361;a4480a1454138f2b9acdfbedbf1cdaf2ecbc0a4a4eb2efc327398a400601dfa8;7;1632363654375;;0;0;0;TJPE;G1;;2021/TJPE/09/G1/TJPE30714202109231632363654361;False;2021-09-22 23:20:54.375;Erro no arquivo
17;650429535;TJPE46249202109231632363646669;75404d745b13b0e06cc432cf9798ee38e84fd62ac24a4eb88b2e93f697db9451;7;1632363646681;;0;0;0;TJPE;G1;;2021/TJPE/09/G1/TJPE46249202109231632363646669;False;2021-09-22 23:20:46.681;Erro no arquivo
18;650429522;TJPE51686202109231632363641737;334cce0604a5629255a3d37e3a38683a3f6da1e00e8a56c89f30d47a314ad337;7;1632363641750;;0;0;0;TJPE;G1;;2021/TJPE/09/G1/TJPE51686202109231632363641737;False;2021-09-22 23:20:41.750;Erro no arquivo
19;650429517;TJPE57834202109231632363636959;edfe49c5ddc47763b019b27dac2fb9e932632cedae9e8bc727206926ab2a744c;3;1632363636984;;100;100;0;TJPE;JE;1211505.0;2021/TJPE/09/JE/TJPE57834202109231632363636959;False;2021-09-22 23:20:36.984;Processado com sucesso
20;650429513;TJPE34465202109231632363632162;29d0b93a4524309508d3d7b783e2aee68d173eb71a4e81ab361b2fd20a98d5bc;3;1632363632177;;100;100;0;TJPE;G1;1295940.0;2021/TJPE/09/G1/TJPE34465202109231632363632162;False;2021-09-22 23:20:32.177;Processado com sucesso
21;650429491;TJPE26534202109231632363625365;9136176691e22cfd6fabbb428a36ed3c780abd54db3e3f8c4181eb60fa25c54e;7;1632363625372;;0;0;0;TJPE;G1;;2021/TJPE/09/G1/TJPE26534202109231632363625365;False;2021-09-22 23:20:25.372;Erro no arquivo
22;650429469;TJPE33283202109231632363617431;e26f24c5947a0b1913e3554185d62b9482d65ee4f1e4dc6c19c5c4c375d718f5;7;1632363617444;;0;0;0;TJPE;G1;;2021/TJPE/09/G1/TJPE33283202109231632363617431;False;2021-09-22 23:20:17.444;Erro no arquivo
23;650429460;TJPE77907202109231632363613886;a1e7d927ae9719d26577a67d5369a5468b73962cf2044a8b1cc87539a4dbe667;7;1632363613895;;0;0;0;TJPE;G1;;2021/TJPE/09/G1/TJPE77907202109231632363613886;False;2021-09-22 23:20:13.895;Erro no arquivo
24;650429450;TJPE26515202109231632363607007;570ea79c377436515fd7748c36bb548c794b2ae2408fb4fec78892f5b40260d5;7;1632363607014;;0;0;0;TJPE;G1;;2021/TJPE/09/G1/TJPE26515202109231632363607007;False;2021-09-22 23:20:07.014;Erro no arquivo
25;650429439;TJPE58906202109231632363601666;a85390d40fea395994164f4ea2941d9c060229fb2cdde0de1f34cca96a5b5f0e;3;1632363601674;;100;100;0;TJPE;JE;1052699.0;2021/TJPE/09/JE/TJPE58906202109231632363601666;False;2021-09-22 23:20:01.674;Processado com sucesso
26;650429435;TJPE81660202109231632363597449;0477a61c56c0167e0ef6e3e664d665ed1f56263f840b35780f5241502fb82be5;7;1632363597473;;0;0;0;TJPE;G1;;2021/TJPE/09/G1/TJPE81660202109231632363597449;False;2021-09-22 23:19:57.473;Erro no arquivo
27;650429421;TJPE55471202109231632363584489;d3e00a2401e40bdc1fb6db76b61fea24570e25ed9a1efc6cb3b81c84f64ac705;7;1632363584498;;0;0;0;TJPE;G1;;2021/TJPE/09/G1/TJPE55471202109231632363584489;False;2021-09-22 23:19:44.498;Erro no arquivo
28;650429417;TJPE86902202109231632363579160;92ac31e427be4ac1289a9ac40025f0e8c4c2ad0aa169012ee35c43a8b8fff2b3;7;1632363579166;;0;0;0;TJPE;G1;;2021/TJPE/09/G1/TJPE86902202109231632363579160;False;2021-09-22 23:19:39.166;Erro no arquivo
29;650429406;TJPE60516202109231632363571965;5044d862f6d74b8e00eebd9de5064ad31cbfafb57386a71ec3941432a9d35d60;7;1632363571986;;0;0;0;TJPE;G1;;2021/TJPE/09/G1/TJPE60516202109231632363571965;False;2021-09-22 23:19:31.986;Erro no arquivo
30;650429392;TJPE59061202109231632363567253;0249fbebd21cdeefa03c0f5aa7c1331182dafc0104354da93e10088e13cc3394;3;1632363567263;;96;96;0;TJPE;G1;1261074.0;2021/TJPE/09/G1/TJPE59061202109231632363567253;False;2021-09-22 23:19:27.263;Processado com sucesso
31;650429383;TJPE33009202109231632363559032;0604260623bea10323f4fd80eb806090edb6551dad77defedf0ead375aa3db38;7;1632363559040;;0;0;0;TJPE;G1;;2021/TJPE/09/G1/TJPE33009202109231632363559032;False;2021-09-22 23:19:19.040;Erro no arquivo
32;650429363;TJPE55575202109231632363553062;e113e45cd63123435aefba721c6089f79958e43c5b992129ca94491a315aef45;7;1632363553090;;0;0;0;TJPE;G1;;2021/TJPE/09/G1/TJPE55575202109231632363553062;False;2021-09-22 23:19:13.090;Erro no arquivo
33;650429339;TJPE86866202109231632363545633;6332d14ed867ecb56edb7dc340f4e29ba7d51ea0990c6171d6b362c2a052eb92;7;1632363545648;;0;0;0;TJPE;G1;;2021/TJPE/09/G1/TJPE86866202109231632363545633;False;2021-09-22 23:19:05.648;Erro no arquivo
34;650429331;TJPE85341202109231632363542017;3ae2551f288b102d3dd0e83c776a5105bca02e1f9765cf38d1727ce9bbdf8e4d;7;1632363542029;;0;0;0;TJPE;G1;;2021/TJPE/09/G1/TJPE85341202109231632363542017;False;2021-09-22 23:19:02.029;Erro no arquivo
35;650429322;TJPE63918202109231632363538099;126d189e7f84588fb17bcf2459276d75ed8f42bd884e9c36545d21411a8bf6cb;7;1632363538120;;0;0;0;TJPE;G1;;2021/TJPE/09/G1/TJPE63918202109231632363538099;False;2021-09-22 23:18:58.120;Erro no arquivo
36;650429310;TJPE22538202109231632363535335;de0f8bd8040337153e2ee0553a58b02f0d3c873ecf0b7168caa551278c4088e3;7;1632363535348;;0;0;0;TJPE;G1;;2021/TJPE/09/G1/TJPE22538202109231632363535335;False;2021-09-22 23:18:55.348;Erro no arquivo
37;650429296;TJPE78966202109231632363531291;e17c6f7ddbbb0dd8848e5748f8fc6ab46fde72e4f2670741a29af8d8545591fe;7;1632363531301;;0;0;0;TJPE;G1;;2021/TJPE/09/G1/TJPE78966202109231632363531291;False;2021-09-22 23:18:51.301;Erro no arquivo
38;650429282;TJPE36667202109231632363526593;2ce4195b90d378244fb52aea5dfb0718001c3172f53098531174e2bccce9d6ad;7;1632363526647;;0;0;0;TJPE;G1;;2021/TJPE/09/G1/TJPE36667202109231632363526593;False;2021-09-22 23:18:46.647;Erro no arquivo
39;650429248;TJPE66665202109231632363516352;5db82eb10a62c1955f155fd04255786bf037afac29bd95c6b89cdce296824922;7;1632363516358;;0;0;0;TJPE;G1;;2021/TJPE/09/G1/TJPE66665202109231632363516352;False;2021-09-22 23:18:36.358;Erro no arquivo
0;650429236;TJPE42598202109231632363513495;d5467ff5976a873b9c2e5324c2ae39a844188ebe4f44e3a095c04cacd963127c;7;1632363513508;;0;0;0;TJPE;G1;;2021/TJPE/09/G1/TJPE42598202109231632363513495;False;2021-09-22 23:18:33.508;Erro no arquivo
1;650429228;TJPE44811202109231632363509895;ffe8112371350f090bc9b1e17fba3ec1b9f4c0d9b38476d9ed63b7499efed07b;7;1632363509905;;0;0;0;TJPE;G1;;2021/TJPE/09/G1/TJPE44811202109231632363509895;False;2021-09-22 23:18:29.905;Erro no arquivo
2;650429220;TJPE78540202109231632363503547;2edfc0a976d34cff0626c8aad4728bfa3dc0146503036e5ce136b8c68d6a8163;7;1632363503559;;0;0;0;TJPE;G1;;2021/TJPE/09/G1/TJPE78540202109231632363503547;False;2021-09-22 23:18:23.559;Erro no arquivo
3;650429208;TJPE15466202109231632363499369;553d672b012ad88bf5633d94f4d051fc6519069cc5cc531db819ff8d103a0dc3;7;1632363499391;;0;0;0;TJPE;G1;;2021/TJPE/09/G1/TJPE15466202109231632363499369;False;2021-09-22 23:18:19.391;Erro no arquivo
4;650429200;TJPE26222202109231632363495884;3e1899d09706d9fe10838f8e5b7a45d41d52e9742352f0309ed309f03d539f21;3;1632363495895;;100;100;0;TJPE;JE;1419353.0;2021/TJPE/09/JE/TJPE26222202109231632363495884;False;2021-09-22 23:18:15.895;Processado com sucesso
5;650429194;TJPE72162202109231632363492335;143efb398bf0602f29773adc5649c6363da1170784d0034dd1240e3035d7ec4f;7;1632363492348;;0;0;0;TJPE;G1;;2021/TJPE/09/G1/TJPE72162202109231632363492335;False;2021-09-22 23:18:12.348;Erro no arquivo
6;650429182;TJPE54918202109231632363488742;1277985fb14bd537e07a82ceab21e537e5d50a5d4083e962f68327944700b336;7;1632363488753;;0;0;0;TJPE;G1;;2021/TJPE/09/G1/TJPE54918202109231632363488742;False;2021-09-22 23:18:08.753;Erro no arquivo
7;650429176;TJPE42354202109231632363486874;027907d9130634192f24fef238e8689c8daf3cd38801af9e1011898891bb3709;7;1632363486891;;0;0;0;TJPE;G1;;2021/TJPE/09/G1/TJPE42354202109231632363486874;False;2021-09-22 23:18:06.891;Erro no arquivo
8;650429171;TJPE57925202109231632363484752;67e16a68bfe42119ed6a5a87bf37f270c504370abe98462550d255d39cc9451b;7;1632363484767;;0;0;0;TJPE;G1;;2021/TJPE/09/G1/TJPE57925202109231632363484752;False;2021-09-22 23:18:04.767;Erro no arquivo
9;650429169;TJPE12508202109231632363482509;960ae904135337d08ec806ae9adf6460973de0aa40f3d568f93185aed998b838;7;1632363482521;;0;0;0;TJPE;JE;;2021/TJPE/09/JE/TJPE12508202109231632363482509;False;2021-09-22 23:18:02.521;Erro no arquivo
10;650429167;TJPE29028202109231632363480577;56e8a4641eed007ec413948eb0afb5a2ba233d264ed0b7c4af761b3d1b695a28;7;1632363480586;;0;0;0;TJPE;G1;;2021/TJPE/09/G1/TJPE29028202109231632363480577;False;2021-09-22 23:18:00.586;Erro no arquivo
11;650429159;TJPE83635202109231632363478188;ab4f2472a9d89d3d71879a233af3d195d18e1681ceab1e20255239f7bd97e1d1;7;1632363478221;;0;0;0;TJPE;G1;;2021/TJPE/09/G1/TJPE83635202109231632363478188;False;2021-09-22 23:17:58.221;Erro no arquivo
12;650429154;TJPE59531202109231632363476070;1c6f9b2dc6e1eaa40dc4e369f1346a4327aaba9b117915b022c539d8811f7f80;7;1632363476079;;0;0;0;TJPE;G1;;2021/TJPE/09/G1/TJPE59531202109231632363476070;False;2021-09-22 23:17:56.079;Erro no arquivo
13;650429148;TJPE16335202109231632363474466;142b97d073888619e32a3438ae1d4875b9911bb26de55bbdb886c7bc9015b006;7;1632363474477;;0;0;0;TJPE;G1;;2021/TJPE/09/G1/TJPE16335202109231632363474466;False;2021-09-22 23:17:54.477;Erro no arquivo
14;650429146;TJPE97698202109231632363472228;d84e55a0b22e1595156c7de4014dec46e9c1405f68004d8828f3b3c962bb1ce8;7;1632363472238;;0;0;0;TJPE;G1;;2021/TJPE/09/G1/TJPE97698202109231632363472228;False;2021-09-22 23:17:52.238;Erro no arquivo
15;650429143;TJPE43482202109231632363470090;784a4b69abd168bd7406ed893c1f56afd25011dc54efbb95d2fbdebaa8bbe705;7;1632363470101;;0;0;0;TJPE;G1;;2021/TJPE/09/G1/TJPE43482202109231632363470090;False;2021-09-22 23:17:50.101;Erro no arquivo
16;650429136;TJPE50673202109231632363467613;9205a288833fe6bedd4728cadc3a6de32917c4efb8bfa3d17d50793ac0cd5353;7;1632363467617;;0;0;0;TJPE;G1;;2021/TJPE/09/G1/TJPE50673202109231632363467613;False;2021-09-22 23:17:47.617;Erro no arquivo
17;650429135;TJPE52708202109231632363466219;a1af2ddef023ff3fe4b2836f477d9cd581a9e3f384123b32b814136da0f0ae64;7;1632363466240;;0;0;0;TJPE;G1;;2021/TJPE/09/G1/TJPE52708202109231632363466219;False;2021-09-22 23:17:46.240;Erro no arquivo
18;650429131;TJPE93375202109231632363464115;b24b5bb831baf0a1d603ec0c2ef7465c3ba277066c1729dbb1f9f13b46eaef89;7;1632363464126;;0;0;0;TJPE;G1;;2021/TJPE/09/G1/TJPE93375202109231632363464115;False;2021-09-22 23:17:44.126;Erro no arquivo
19;650429128;TJPE77191202109231632363462236;abd96b2d6470d1b7be508a79cba19e2b1464fe0ef61e7b429aff1a28329ef860;7;1632363462244;;0;0;0;TJPE;G1;;2021/TJPE/09/G1/TJPE77191202109231632363462236;False;2021-09-22 23:17:42.244;Erro no arquivo
20;650429126;TJPE59687202109231632363459924;c8049614f9edd8170106b4959f69161dacf5175e15ce2c837c8a0843e48be01f;3;1632363459934;;100;100;0;TJPE;JE;1117867.0;2021/TJPE/09/JE/TJPE59687202109231632363459924;False;2021-09-22 23:17:39.934;Processado com sucesso
21;650429110;TJPE67599202109231632363457875;c461e55f9eb79524ec5b757773b5b06d3cd29bf757d9f60d56c3ced580e1fc4e;7;1632363457885;;0;0;0;TJPE;G1;;2021/TJPE/09/G1/TJPE67599202109231632363457875;False;2021-09-22 23:17:37.885;Erro no arquivo
22;650429089;TJPE45867202109231632363452547;d21676eaaff477635e553f97f18c1f984f5bbd3571a3123d37d8136da3fb01c6;7;1632363452555;;0;0;0;TJPE;G1;;2021/TJPE/09/G1/TJPE45867202109231632363452547;False;2021-09-22 23:17:32.555;Erro no arquivo
23;650429082;TJPE96514202109231632363448887;cbd1f207d3e5d2bc0f1107fe2d09c43cdc94ecf9ee237c5e6b2796a6346b01fa;7;1632363448910;;0;0;0;TJPE;G1;;2021/TJPE/09/G1/TJPE96514202109231632363448887;False;2021-09-22 23:17:28.910;Erro no arquivo
24;650429077;TJPE61803202109231632363445380;039ab142f419efd132cbb90ef42b209e77a7434986de203f270badcc9e0b027d;7;1632363445388;;0;0;0;TJPE;G1;;2021/TJPE/09/G1/TJPE61803202109231632363445380;False;2021-09-22 23:17:25.388;Erro no arquivo
25;650429060;TJPE65076202109231632363439436;efc8f4b62c02d3d0012d26d8940d338f3fdb6763bda3dea2e2f90685840cdc82;7;1632363439444;;0;0;0;TJPE;G1;;2021/TJPE/09/G1/TJPE65076202109231632363439436;False;2021-09-22 23:17:19.444;Erro no arquivo
26;650429040;TJPE61938202109231632363432543;f83dcc18f7aafa63607555562de69cb2e47e43edec3bd2028c9ad5505bcf3781;7;1632363432556;;0;0;0;TJPE;G1;;2021/TJPE/09/G1/TJPE61938202109231632363432543;False;2021-09-22 23:17:12.556;Erro no arquivo
27;650429024;TJPE10378202109231632363428442;06e0f5c3b2d5573f65e61d8477a4aac592e34f28b42f78a3ddacd470461c9406;7;1632363428451;;0;0;0;TJPE;G1;;2021/TJPE/09/G1/TJPE10378202109231632363428442;False;2021-09-22 23:17:08.451;Erro no arquivo
28;650429015;TJPE20431202109231632363422647;74128dd5c46431df3ae18c516fabb8b77a7464dfa9d4d870b8cfed00cde7aa3f;7;1632363422658;;0;0;0;TJPE;G1;;2021/TJPE/09/G1/TJPE20431202109231632363422647;False;2021-09-22 23:17:02.658;Erro no arquivo
29;650428995;TJPE82912202109231632363415326;6f878b18eab3ededfea19718264837ce96f27e0eba6283ae84acd37a6820cf28;7;1632363415345;;0;0;0;TJPE;G1;;2021/TJPE/09/G1/TJPE82912202109231632363415326;False;2021-09-22 23:16:55.345;Erro no arquivo
30;650428983;TJPE95826202109231632363410672;9ba3f4a16d25fc8365a401905a33a84beb9400af542a78e0bf04da22da59f04d;7;1632363410682;;0;0;0;TJPE;G1;;2021/TJPE/09/G1/TJPE95826202109231632363410672;False;2021-09-22 23:16:50.682;Erro no arquivo
31;650428960;TJPE97249202109231632363403108;f5779d8c9b995f5256b5f7b5f3470a40e9a1ccd14d9777dbae4dd97813262835;7;1632363403113;;0;0;0;TJPE;G1;;2021/TJPE/09/G1/TJPE97249202109231632363403108;False;2021-09-22 23:16:43.113;Erro no arquivo
32;650428956;TJPE21604202109231632363399936;6674a882f05d057d3929f95d3fd4123816ccd594138b1a955db6370a3d3b7846;3;1632363399947;;100;100;0;TJPE;G1;1482226.0;2021/TJPE/09/G1/TJPE21604202109231632363399936;False;2021-09-22 23:16:39.947;Processado com sucesso
33;650428949;TJPE57437202109231632363393596;604fcc2c9f227b212f6c4f8df61a6369c8d3f7e58f532ec325d47c94d2ad9db2;7;1632363393605;;0;0;0;TJPE;G1;;2021/TJPE/09/G1/TJPE57437202109231632363393596;False;2021-09-22 23:16:33.605;Erro no arquivo
34;650428932;TJPE19215202109231632363386654;d3aad4b8739d7d2b4ff6285da90414045c37f82292c1df77fa2beca91d5423a0;7;1632363386664;;0;0;0;TJPE;G1;;2021/TJPE/09/G1/TJPE19215202109231632363386654;False;2021-09-22 23:16:26.664;Erro no arquivo
35;650428909;TJPE97399202109231632363379962;e85a8bc342e2321d71049e030e1c5b3984dd7860e7b5e9353b25601505bf9b03;7;1632363379968;;0;0;0;TJPE;G1;;2021/TJPE/09/G1/TJPE97399202109231632363379962;False;2021-09-22 23:16:19.968;Erro no arquivo
36;650428897;TJPE44127202109231632363374392;14594951270c816e869e67a2b21230c97382ac3f0da02cb91c4b29e3755049de;7;1632363374406;;0;0;0;TJPE;JE;;2021/TJPE/09/JE/TJPE44127202109231632363374392;False;2021-09-22 23:16:14.406;Erro no arquivo
37;650428870;TJPE40855202109231632363356912;d60895d52a29c9dd990ca51ce5fcec356546cf33a1e5376b2c73d25b15860ac0;7;1632363356920;;0;0;0;TJPE;G1;;2021/TJPE/09/G1/TJPE40855202109231632363356912;False;2021-09-22 23:15:56.920;Erro no arquivo
38;650428857;TJPE32182202109231632363352517;ea75d19eacf0642133ac0afd44cbfcf95833e62acbfebf03891ce9355a472b42;3;1632363352526;;100;100;0;TJPE;JE;1126927.0;2021/TJPE/09/JE/TJPE32182202109231632363352517;False;2021-09-22 23:15:52.526;Processado com sucesso
39;650428854;TJPE90457202109231632363350725;7afee35160f1daf2062a7e3cff36139146111e52f8c4a14160314bdffefed6a1;7;1632363350732;;0;0;0;TJPE;G1;;2021/TJPE/09/G1/TJPE90457202109231632363350725;False;2021-09-22 23:15:50.732;Erro no arquivo
0;650428850;TJPE44490202109231632363348958;0efdb7ef068cc281fae1238bf84b00f8d7c1c8442aad063c1bb62d539431cd09;7;1632363348967;;0;0;0;TJPE;G1;;2021/TJPE/09/G1/TJPE44490202109231632363348958;False;2021-09-22 23:15:48.967;Erro no arquivo
1;650428846;TJPE42383202109231632363346988;79086016f9baf825f06c7b6305d23dd4225bc68e49f713c711578d63da0bf77f;7;1632363346997;;0;0;0;TJPE;G1;;2021/TJPE/09/G1/TJPE42383202109231632363346988;False;2021-09-22 23:15:46.997;Erro no arquivo
2;650428839;TJPE93466202109231632363344363;c3d1b88a6980c5b92d40c52d1d14007113d3fc6ae53d9857798995eb98c439eb;7;1632363344371;;0;0;0;TJPE;G1;;2021/TJPE/09/G1/TJPE93466202109231632363344363;False;2021-09-22 23:15:44.371;Erro no arquivo
3;650428835;TJPE22705202109231632363341588;babc8bff96e7dcd24f3eb10728fec3f5c503febc408c01813bd38071ab29a253;3;1632363341600;;100;100;0;TJPE;G1;1567273.0;2021/TJPE/09/G1/TJPE22705202109231632363341588;False;2021-09-22 23:15:41.600;Processado com sucesso
4;650428831;TJPE78926202109231632363338980;5d590cc77aaa26a1357f3a96eee32a4e3d3df946a4f9bf80595aa36b23a17d68;3;1632363338988;;100;100;0;TJPE;JE;1006295.0;2021/TJPE/09/JE/TJPE78926202109231632363338980;False;2021-09-22 23:15:38.988;Processado com sucesso
5;650428827;TJPE62556202109231632363336991;75391e9cd0e9ccb9d0cfbeda76bef514035df5ad6dffd88411e5d141e017ceeb;7;1632363337000;;0;0;0;TJPE;JE;;2021/TJPE/09/JE/TJPE62556202109231632363336991;False;2021-09-22 23:15:37.000;Erro no arquivo
6;650428821;TJPE97993202109231632363335055;3823c01ed17fd76fbf931de430e36251849dc6b78f7f74fa6fd3b64d8f44cb96;7;1632363335063;;0;0;0;TJPE;JE;;2021/TJPE/09/JE/TJPE97993202109231632363335055;False;2021-09-22 23:15:35.063;Erro no arquivo
7;650428816;TJPE84052202109231632363333165;e603f80c70532c6ff1bcd49b92a756703d27d9b64bc71ff8de68ed7d29cb6fa2;7;1632363333173;;0;0;0;TJPE;G1;;2021/TJPE/09/G1/TJPE84052202109231632363333165;False;2021-09-22 23:15:33.173;Erro no arquivo
8;650428813;TJPE57535202109231632363331237;0a06f029e019e3e8986b59e69cf712a8749c5248642eb40c53802b4032877141;7;1632363331242;;0;0;0;TJPE;G1;;2021/TJPE/09/G1/TJPE57535202109231632363331237;False;2021-09-22 23:15:31.242;Erro no arquivo
9;650428812;TJPE19928202109231632363329704;4436f3fc0d12f4f7d2035637796f702f404753b93900d2c985d3f6c2e408808c;7;1632363329712;;0;0;0;TJPE;G1;;2021/TJPE/09/G1/TJPE19928202109231632363329704;False;2021-09-22 23:15:29.712;Erro no arquivo
10;650428805;TJPE53668202109231632363327428;f07812bf9fff50d3e371d967dfb4f189d1284d790134712a082cb48523ebc47e;7;1632363327437;;0;0;0;TJPE;G1;;2021/TJPE/09/G1/TJPE53668202109231632363327428;False;2021-09-22 23:15:27.437;Erro no arquivo
11;650428802;TJPE26782202109231632363325602;98d308784d5f9decc288e3789973c4866ebd144ea4b1be58859d8d79a9a12904;7;1632363325612;;0;0;0;TJPE;G1;;2021/TJPE/09/G1/TJPE26782202109231632363325602;False;2021-09-22 23:15:25.612;Erro no arquivo
12;650428800;TJPE71727202109231632363323895;30ed22a601891301bef0291e639ad63db5629860ad8aed405c4070e7d3472883;7;1632363323925;;0;0;0;TJPE;G1;;2021/TJPE/09/G1/TJPE71727202109231632363323895;False;2021-09-22 23:15:23.925;Erro no arquivo
13;650428796;TJPE11875202109231632363321751;67967653c5b27157ae3c158ca0db6992d082bea8e92b01c0dd71af96d3256d69;7;1632363321759;;0;0;0;TJPE;G1;;2021/TJPE/09/G1/TJPE11875202109231632363321751;False;2021-09-22 23:15:21.759;Erro no arquivo
14;650428748;TJPE90113202109231632363293753;f29035ff9024e0875b406ab4396a7d42cd09533640bf2f59a41acd40bd14d2cd;7;1632363293763;;0;0;0;TJPE;G1;;2021/TJPE/09/G1/TJPE90113202109231632363293753;False;2021-09-22 23:14:53.763;Erro no arquivo
15;650428734;TJPE25983202109231632363286107;fb417c6a00e84a3642eae643fed722e36a228a1bc3adeac8b4873f41a4d43498;3;1632363286116;;100;100;0;TJPE;JE;1085571.0;2021/TJPE/09/JE/TJPE25983202109231632363286107;False;2021-09-22 23:14:46.116;Processado com sucesso
16;650428721;TJPE44871202109231632363279038;40c8251aed381109386ddb858a60bc9acc32dd5466809393244acc85465a01cb;7;1632363279053;;0;0;0;TJPE;G1;;2021/TJPE/09/G1/TJPE44871202109231632363279038;False;2021-09-22 23:14:39.053;Erro no arquivo
17;650428716;TJPE58886202109231632363275495;76d9a4cc3575da24d94f99cdbfac1d094520a277f17c320e3e111d07b5eb1ec5;7;1632363275510;;0;0;0;TJPE;G1;;2021/TJPE/09/G1/TJPE58886202109231632363275495;False;2021-09-22 23:14:35.510;Erro no arquivo
18;650428711;TJPE99043202109231632363273221;aabeeb4a9dfaccc13fda128d39d3d2b439a1095aff386a40b986bd8d34bb5ee1;7;1632363273229;;0;0;0;TJPE;G1;;2021/TJPE/09/G1/TJPE99043202109231632363273221;False;2021-09-22 23:14:33.229;Erro no arquivo
19;650428709;TJPE98225202109231632363271263;83a39f91cd074656c2c257027d4a34158f63d6fb8678779cc3bbe1824c2bc8ba;7;1632363271271;;0;0;0;TJPE;G1;;2021/TJPE/09/G1/TJPE98225202109231632363271263;False;2021-09-22 23:14:31.271;Erro no arquivo
20;650428704;TJPE87112202109231632363269255;a1e3338018240bfc83a46dce30ac0c18a665e3b28b713a17dbce6c456b562625;7;1632363269278;;0;0;0;TJPE;G1;;2021/TJPE/09/G1/TJPE87112202109231632363269255;False;2021-09-22 23:14:29.278;Erro no arquivo
21;650428698;TJPE90285202109231632363267393;e3bcaec775a4c7c5d6ed8070cc51daae8d4c206d8f6755ecdda19c93efdc6deb;7;1632363267407;;0;0;0;TJPE;G1;;2021/TJPE/09/G1/TJPE90285202109231632363267393;False;2021-09-22 23:14:27.407;Erro no arquivo
22;650428691;TJPE81668202109231632363265229;1b8cd4abd836784e87ae38a0e6a66d51dbf34582d968af010c7f75bbc33d2ad0;3;1632363265237;;100;100;0;TJPE;JE;1091790.0;2021/TJPE/09/JE/TJPE81668202109231632363265229;False;2021-09-22 23:14:25.237;Processado com sucesso
23;650428686;TJPE85134202109231632363263308;2148db521822ce92d9d12d325762e77073e245bbab92f159d9bc2f134e3b04e1;7;1632363263319;;0;0;0;TJPE;G1;;2021/TJPE/09/G1/TJPE85134202109231632363263308;False;2021-09-22 23:14:23.319;Erro no arquivo
24;650428676;TJPE96733202109231632363261337;2e70b4e90944081941d592312dbdfae7eec44d4aa6a9a4e8acaff3342049ed22;7;1632363261348;;0;0;0;TJPE;G1;;2021/TJPE/09/G1/TJPE96733202109231632363261337;False;2021-09-22 23:14:21.348;Erro no arquivo
25;650428671;TJPE37398202109231632363259346;0685e34b45f7c094dba8a6e7dce4ed468c60a53d13b3c95c3c0490cb27d205f0;3;1632363259367;;100;100;0;TJPE;JE;1091504.0;2021/TJPE/09/JE/TJPE37398202109231632363259346;False;2021-09-22 23:14:19.367;Processado com sucesso
26;650428668;TJPE37532202109231632363257281;e24229b42370587a19caaf637ea8c19c3093724fabdd748403c45bb632eba66d;7;1632363257292;;0;0;0;TJPE;G1;;2021/TJPE/09/G1/TJPE37532202109231632363257281;False;2021-09-22 23:14:17.292;Erro no arquivo
27;650428664;TJPE62304202109231632363254949;e06e6085f5cb2412372adc8e35d4c43e6269c2199fc426589fe18ba29676a910;7;1632363254961;;0;0;0;TJPE;G1;;2021/TJPE/09/G1/TJPE62304202109231632363254949;False;2021-09-22 23:14:14.961;Erro no arquivo
28;650428662;TJPE51361202109231632363252448;a4ed883fb9054ea4dfd63f164013672141f8a323e1cb685f9bef23de839ba736;7;1632363252459;;0;0;0;TJPE;G1;;2021/TJPE/09/G1/TJPE51361202109231632363252448;False;2021-09-22 23:14:12.459;Erro no arquivo
29;650428645;TJPE48023202109231632363250428;f6e5ad0317596101ae0598ecaba9e560d8f5eaaec2a89a635fa2bef7e042beb9;7;1632363250436;;0;0;0;TJPE;G1;;2021/TJPE/09/G1/TJPE48023202109231632363250428;False;2021-09-22 23:14:10.436;Erro no arquivo
30;650428636;TJPE39434202109231632363248466;ac926711f97b68759e9f686a473d413ba0c45f41fd05923ed7711c000bd8ee29;7;1632363248486;;0;0;0;TJPE;G1;;2021/TJPE/09/G1/TJPE39434202109231632363248466;False;2021-09-22 23:14:08.486;Erro no arquivo
31;650428629;TJPE48162202109231632363246462;7a228ba916c73b2806a04d3a024c2e56521d3b1b1cedb29b3fc93dedb3c65336;7;1632363246475;;0;0;0;TJPE;G1;;2021/TJPE/09/G1/TJPE48162202109231632363246462;False;2021-09-22 23:14:06.475;Erro no arquivo
32;650428622;TJPE69517202109231632363243978;fb0eaf0d968046c19de26c600cde421a887b2919ff5f030bc6c3451ddadea971;7;1632363243987;;0;0;0;TJPE;G1;;2021/TJPE/09/G1/TJPE69517202109231632363243978;False;2021-09-22 23:14:03.987;Erro no arquivo
33;650428605;TJPE48859202109231632363237963;aefcc8c6d1ab55bb7c520db89ba8a3fa21a9b101ef9edd45ed26efa1584e312b;3;1632363237976;;100;100;0;TJPE;JE;1160829.0;2021/TJPE/09/JE/TJPE48859202109231632363237963;False;2021-09-22 23:13:57.976;Processado com sucesso
34;650428596;TJPE90607202109231632363232769;2ee7dc2be831dba436d0492bfd329ea7ed04840e5ffaebb8da245abc7928d9a4;7;1632363232789;;0;0;0;TJPE;G1;;2021/TJPE/09/G1/TJPE90607202109231632363232769;False;2021-09-22 23:13:52.789;Erro no arquivo
35;650428591;TJPE52107202109231632363226732;5eafd837fd11cfeb10fca340c5939112809d38208598d491267e2f81d775ab32;7;1632363226745;;0;0;0;TJPE;G1;;2021/TJPE/09/G1/TJPE52107202109231632363226732;False;2021-09-22 23:13:46.745;Erro no arquivo
36;650428578;TJPE63830202109231632363222241;a9258f1d31929bb12797b71eb36e0e75c9009e2bbb26506d26ae7b21f4ca41a5;7;1632363222252;;0;0;0;TJPE;G1;;2021/TJPE/09/G1/TJPE63830202109231632363222241;False;2021-09-22 23:13:42.252;Erro no arquivo
37;650428570;TJPE60528202109231632363218350;54262cb8ce9450bd79a9bf89fac37e367f05377ed5c4428c13c6aaca97dd530d;7;1632363218359;;0;0;0;TJPE;G1;;2021/TJPE/09/G1/TJPE60528202109231632363218350;False;2021-09-22 23:13:38.359;Erro no arquivo
38;650428561;TJPE53132202109231632363212018;0cd02107b0abbed8ceb47f6ea9628e4a8a7ba1ea98fa706b0acf31dcccc5ef8c;7;1632363212028;;0;0;0;TJPE;G1;;2021/TJPE/09/G1/TJPE53132202109231632363212018;False;2021-09-22 23:13:32.028;Erro no arquivo
39;650428549;TJPE57298202109231632363208506;99809cc497abf06e21763d4f9afd6068b860d24c5218c0f9f748f75c116dc302;7;1632363208518;;0;0;0;TJPE;G1;;2021/TJPE/09/G1/TJPE57298202109231632363208506;False;2021-09-22 23:13:28.518;Erro no arquivo
0;650428526;TJPE76881202109231632363202055;1576747ba54e8832077d5ca31b6d9c1d26d109e56e5be6bac2013741c139cba7;3;1632363202064;;100;100;0;TJPE;JE;1145458.0;2021/TJPE/09/JE/TJPE76881202109231632363202055;False;2021-09-22 23:13:22.064;Processado com sucesso
1;650428510;TJPE75047202109231632363193249;8ac04c13b801fa0967e44eb83f6e0ee7edcde36771173ecaa6ad7f4650954070;7;1632363193262;;0;0;0;TJPE;G1;;2021/TJPE/09/G1/TJPE75047202109231632363193249;False;2021-09-22 23:13:13.262;Erro no arquivo
2;650428504;TJPE39995202109231632363187055;1dab9ef77b59355b00658944470d307f9ebac95669dc8e3570c76d7059acd8c7;7;1632363187064;;0;0;0;TJPE;G1;;2021/TJPE/09/G1/TJPE39995202109231632363187055;False;2021-09-22 23:13:07.064;Erro no arquivo
3;650428481;TJPE85895202109231632363175292;a05068d6e7943074b6e4ba53ca1d89411b663e4d529494c0b8d9479e019ee78a;7;1632363175304;;0;0;0;TJPE;G1;;2021/TJPE/09/G1/TJPE85895202109231632363175292;False;2021-09-22 23:12:55.304;Erro no arquivo
4;650428468;TJPE42646202109231632363172605;99625b3b9d8cafc4730189915cde435da76a7e57a6a2be37a80dd87817c73710;7;1632363172669;;0;0;0;TJPE;G1;;2021/TJPE/09/G1/TJPE42646202109231632363172605;False;2021-09-22 23:12:52.669;Erro no arquivo
5;650428453;TJPE71845202109231632363164791;a599cae4b3d4d05d39d6398e4967174555c30dd1c80ab54e9568cdacde009a06;3;1632363164799;;100;100;0;TJPE;JE;1055754.0;2021/TJPE/09/JE/TJPE71845202109231632363164791;False;2021-09-22 23:12:44.799;Processado com sucesso
6;650428447;TJPE13261202109231632363160590;d994a194de120bbe7fb19aa37e77accd968d36297c8036501e89c0b2231393a2;7;1632363160603;;0;0;0;TJPE;G1;;2021/TJPE/09/G1/TJPE13261202109231632363160590;False;2021-09-22 23:12:40.603;Erro no arquivo
7;650428430;TJPE29732202109231632363155458;ce505c894b9d6056d1ce16bb5d5ef63b33d479c6fe1d2725e3356d3275c40127;7;1632363155465;;0;0;0;TJPE;G1;;2021/TJPE/09/G1/TJPE29732202109231632363155458;False;2021-09-22 23:12:35.465;Erro no arquivo
8;650428418;TJPE51132202109231632363149795;ca970bc2d5cbfe67b6ef0bb6a40b063c09aee3512d168b18f0e9ee735b2f54c7;7;1632363149803;;0;0;0;TJPE;G1;;2021/TJPE/09/G1/TJPE51132202109231632363149795;False;2021-09-22 23:12:29.803;Erro no arquivo
9;650428407;TJPE29593202109231632363145833;22741207e650745d0ca072ba0bf72cd2afe573333d7901ed03d5d51e21d56d17;7;1632363145844;;0;0;0;TJPE;G1;;2021/TJPE/09/G1/TJPE29593202109231632363145833;False;2021-09-22 23:12:25.844;Erro no arquivo
10;650428392;TJPE43689202109231632363138498;92c4f7e6dfca5c083c7dfa3605af921d2684e5aca0d9f91eef7632d0541790f7;7;1632363138519;;0;0;0;TJPE;G1;;2021/TJPE/09/G1/TJPE43689202109231632363138498;False;2021-09-22 23:12:18.519;Erro no arquivo
11;650428379;TJPE36618202109231632363131023;0c286771ec21c081726b0e59d45e5c82da6268fc8e27cf1b69c16173cea9f2d5;7;1632363131030;;0;0;0;TJPE;G1;;2021/TJPE/09/G1/TJPE36618202109231632363131023;False;2021-09-22 23:12:11.030;Erro no arquivo
12;650428368;TJPE49924202109231632363128092;7f6565ba8933f92d29f4e877d9ac3a93633c34ea27986c782c8b55a64cd18b82;3;1632363128096;;97;97;0;TJPE;G1;499549.0;2021/TJPE/09/G1/TJPE49924202109231632363128092;False;2021-09-22 23:12:08.096;Processado com sucesso
13;650428362;TJPE50119202109231632363125453;cb4966c5ed06629f98da812b0bf7378eefa820d8b4efc90d29d5f13ce91a951e;7;1632363125462;;0;0;0;TJPE;G1;;2021/TJPE/09/G1/TJPE50119202109231632363125453;False;2021-09-22 23:12:05.462;Erro no arquivo
14;650428355;TJPE13190202109231632363119528;5c2c8bb501431cdf8b935a3f404d0fe98a94a0bf00f1327cfb83d42c49ed1d3d;7;1632363119538;;0;0;0;TJPE;G1;;2021/TJPE/09/G1/TJPE13190202109231632363119528;False;2021-09-22 23:11:59.538;Erro no arquivo
15;650428347;TJPE89677202109231632363116114;97c0e816bc8086083ecbd2029f24c73abfaec80dd00b65331c8b63e744857de7;7;1632363116123;;0;0;0;TJPE;G1;;2021/TJPE/09/G1/TJPE89677202109231632363116114;False;2021-09-22 23:11:56.123;Erro no arquivo
16;650428331;TJPE91791202109231632363111464;8152e695f602d63f9b06d1873f9d9e8febb99e43bfc90342c5a075ced047492c;7;1632363111471;;0;0;0;TJPE;G1;;2021/TJPE/09/G1/TJPE91791202109231632363111464;False;2021-09-22 23:11:51.471;Erro no arquivo
17;650428329;TJPE70283202109231632363106961;10feede8e790f929bce358ecc2417e3ae10ea6a87d63ab2d54c72012f4527127;7;1632363106969;;0;0;0;TJPE;G1;;2021/TJPE/09/G1/TJPE70283202109231632363106961;False;2021-09-22 23:11:46.969;Erro no arquivo
18;650428321;TJPE55405202109231632363105038;93d2fff42db4c912d53a6a0f9e8923f2cf2ebfcdf5a457c9ea8779bb700115b4;7;1632363105050;;0;0;0;TJPE;G1;;2021/TJPE/09/G1/TJPE55405202109231632363105038;False;2021-09-22 23:11:45.050;Erro no arquivo
19;650428317;TJPE20667202109231632363102581;ca128a9dd85137eac00b2ddc34f53571b1bc87aae25149111edbf996a981a8fc;7;1632363102605;;0;0;0;TJPE;G1;;2021/TJPE/09/G1/TJPE20667202109231632363102581;False;2021-09-22 23:11:42.605;Erro no arquivo
20;650428310;TJPE55271202109231632363098540;90a58f45de85d1f86cab46392d25f74d39707f13146f373123e77cc18716a732;7;1632363098553;;0;0;0;TJPE;G1;;2021/TJPE/09/G1/TJPE55271202109231632363098540;False;2021-09-22 23:11:38.553;Erro no arquivo
21;650428307;TJPE88129202109231632363096430;0ed568b030b03d5ca95e5baec4db96d8e018406d7b19af640b96417eedcc77f7;7;1632363096438;;0;0;0;TJPE;G1;;2021/TJPE/09/G1/TJPE88129202109231632363096430;False;2021-09-22 23:11:36.438;Erro no arquivo
22;650428302;TJPE36628202109231632363094682;8b9a349a62b9c8e3a7bdef27bdf58bd2cc2b73099b88d9321dfc4ec0d5a69999;7;1632363094691;;0;0;0;TJPE;G1;;2021/TJPE/09/G1/TJPE36628202109231632363094682;False;2021-09-22 23:11:34.691;Erro no arquivo
23;650428294;TJPE71974202109231632363092621;7b1d3ef353659a0782522b79ee7a7b1c49a3222dd2ac7d17dd3a17af89fc21f6;3;1632363092635;;100;100;0;TJPE;JE;1221513.0;2021/TJPE/09/JE/TJPE71974202109231632363092621;False;2021-09-22 23:11:32.635;Processado com sucesso
24;650428289;TJPE88863202109231632363090506;764322e22949b77a14d9c3cda3f8d765489ce0c5a278ce3352fa1315891874aa;3;1632363090514;;100;100;0;TJPE;JE;1135134.0;2021/TJPE/09/JE/TJPE88863202109231632363090506;False;2021-09-22 23:11:30.514;Processado com sucesso
25;650428281;TJPE76506202109231632363088388;063f76f9fb7a1425552edacd914a816a2584ead11eadfad1390c3c14638c328d;7;1632363088410;;0;0;0;TJPE;G1;;2021/TJPE/09/G1/TJPE76506202109231632363088388;False;2021-09-22 23:11:28.410;Erro no arquivo
26;650428277;TJPE16510202109231632363086387;8f923b03fa8768f5da6e9b7ece536599b7b5e8f1e2dba95cec911680e9740a8b;7;1632363086395;;0;0;0;TJPE;G1;;2021/TJPE/09/G1/TJPE16510202109231632363086387;False;2021-09-22 23:11:26.395;Erro no arquivo
27;650428276;TJPE25354202109231632363084409;3c77b1429ffd18e15202473218f4842d88ab3e72c92d3cffe43ceb367810a450;7;1632363084418;;0;0;0;TJPE;G1;;2021/TJPE/09/G1/TJPE25354202109231632363084409;False;2021-09-22 23:11:24.418;Erro no arquivo
28;650428273;TJPE85469202109231632363082196;d8e72089a21ad29f309a2b75b8f20a219152526ab1626dadcd49f04b1abc31a8;7;1632363082318;;0;0;0;TJPE;G1;;2021/TJPE/09/G1/TJPE85469202109231632363082196;False;2021-09-22 23:11:22.318;Erro no arquivo
29;650428267;TJPE16094202109231632363079893;f2b7082cf1e9f8ef541a64e0329b822d1236661e72f068293cdd5e00b97176ec;3;1632363079907;;100;100;0;TJPE;JE;1201573.0;2021/TJPE/09/JE/TJPE16094202109231632363079893;False;2021-09-22 23:11:19.907;Processado com sucesso
30;650428262;TJPE76257202109231632363077797;6d4c43605c6cd4db3d1b1f7ad42a5a9342971f5c1a6ee7b0bd60b6a3be4fcc22;7;1632363077804;;0;0;0;TJPE;G1;;2021/TJPE/09/G1/TJPE76257202109231632363077797;False;2021-09-22 23:11:17.804;Erro no arquivo
31;650428255;TJPE34929202109231632363076190;c8b1451581a56029ad3138e0f9383e181a51247a8c79ecf35d8139b6b4e49bf4;7;1632363076200;;0;0;0;TJPE;G1;;2021/TJPE/09/G1/TJPE34929202109231632363076190;False;2021-09-22 23:11:16.200;Erro no arquivo
32;650428233;TJPE85760202109231632363072282;c3a535c0c3f0e794d12043529e28be8dae757e758c35e4936dd162d4114cb5f0;7;1632363072306;;0;0;0;TJPE;G1;;2021/TJPE/09/G1/TJPE85760202109231632363072282;False;2021-09-22 23:11:12.306;Erro no arquivo
33;650428219;TJPE28667202109231632363063806;67b5922b66b49130f87501f4091e33f8eeb13306a8afeeb60583a2a892ac53fd;7;1632363063817;;0;0;0;TJPE;G1;;2021/TJPE/09/G1/TJPE28667202109231632363063806;False;2021-09-22 23:11:03.817;Erro no arquivo
34;650428211;TJPE25746202109231632363059620;0d9b5e666d09616b21f557d41447e5b0ed0298116934f62abcff0bbf877132f2;7;1632363059628;;0;0;0;TJPE;G1;;2021/TJPE/09/G1/TJPE25746202109231632363059620;False;2021-09-22 23:10:59.628;Erro no arquivo
35;650428192;TJPE34688202109231632363053443;6a2e6ae4576f5fc49af65594f9e96127afcc593b3ff2936a9dca0279b99354de;7;1632363053453;;0;0;0;TJPE;G1;;2021/TJPE/09/G1/TJPE34688202109231632363053443;False;2021-09-22 23:10:53.453;Erro no arquivo
36;650428185;TJPE34898202109231632363049715;c3bd0b8cb5ce2e3ef5c5ef4ea7fe79fc46727aaf04c021dc988cfbaed82dc407;7;1632363049723;;0;0;0;TJPE;G1;;2021/TJPE/09/G1/TJPE34898202109231632363049715;False;2021-09-22 23:10:49.723;Erro no arquivo
37;650428160;TJPE89471202109231632363044693;37e8ee5daf53b518c487e6aa971e2f887ff1d76c8fac7d5db53bc1e7e49f7bb1;7;1632363044702;;0;0;0;TJPE;G1;;2021/TJPE/09/G1/TJPE89471202109231632363044693;False;2021-09-22 23:10:44.702;Erro no arquivo
38;650428150;TJPE39362202109231632363042720;125abe3c49c43df6523e3cd767ea71f987173e2282c71a183316eeaf57121a2c;7;1632363042730;;0;0;0;TJPE;G1;;2021/TJPE/09/G1/TJPE39362202109231632363042720;False;2021-09-22 23:10:42.730;Erro no arquivo
39;650428147;TJPE61327202109231632363041193;919228b99cc30bb5bcb92bf12a59e1d667fcacb3ec7894cc5204c9f0e9a97ddb;7;1632363041200;;0;0;0;TJPE;G1;;2021/TJPE/09/G1/TJPE61327202109231632363041193;False;2021-09-22 23:10:41.200;Erro no arquivo
0;650428141;TJPE44392202109231632363039464;a51a526def1cbbad89376f49c738cab0da00657fa84609f8e6aba92f597f81f0;7;1632363039475;;0;0;0;TJPE;G1;;2021/TJPE/09/G1/TJPE44392202109231632363039464;False;2021-09-22 23:10:39.475;Erro no arquivo
1;650428139;TJPE48473202109231632363036867;e8933d3dd48b826429093707ca4dcaf712c14a4fd62028f5d2b18dea4749f284;7;1632363036876;;0;0;0;TJPE;G1;;2021/TJPE/09/G1/TJPE48473202109231632363036867;False;2021-09-22 23:10:36.876;Erro no arquivo
2;650428121;TJPE69432202109231632363034078;88c1f45f11080995303705a627f2f8edda1acf0df247769fd3f8e1c49ec42e4c;7;1632363034087;;0;0;0;TJPE;G1;;2021/TJPE/09/G1/TJPE69432202109231632363034078;False;2021-09-22 23:10:34.087;Erro no arquivo
3;650428116;TJPE20308202109231632363032011;36efdec7df578a41b32e5fe596f81ca34ef048253e13ef645255aa98e970ed24;7;1632363032019;;0;0;0;TJPE;G1;;2021/TJPE/09/G1/TJPE20308202109231632363032011;False;2021-09-22 23:10:32.019;Erro no arquivo
4;650428111;TJPE30690202109231632363029936;6a633747b011c210146dffd2a1d1e0e9e6b19a085162b206e7cb0a19a9434e13;3;1632363029945;;100;100;0;TJPE;JE;1297853.0;2021/TJPE/09/JE/TJPE30690202109231632363029936;False;2021-09-22 23:10:29.945;Processado com sucesso
5;650428107;TJPE46012202109231632363027357;0611569aa5cfd13c38fa0c21a73ce26358707c5f7d285189a3cdb2a230eae26f;7;1632363027372;;0;0;0;TJPE;G1;;2021/TJPE/09/G1/TJPE46012202109231632363027357;False;2021-09-22 23:10:27.372;Erro no arquivo
6;650428100;TJPE82822202109231632363024629;4b81a13fac049b9f482cecc56feb0f49b64d4121b405ecf0c78c6a0762b4fa0a;7;1632363024651;;0;0;0;TJPE;G1;;2021/TJPE/09/G1/TJPE82822202109231632363024629;False;2021-09-22 23:10:24.651;Erro no arquivo
7;650428082;TJPE37544202109231632363021897;8e3cd9c5448900fe9e1aa57754aa2e5b9533f29d1dd261fea978c859650ed0fb;7;1632363021907;;0;0;0;TJPE;G1;;2021/TJPE/09/G1/TJPE37544202109231632363021897;False;2021-09-22 23:10:21.907;Erro no arquivo
8;650428071;TJPE35384202109231632363019782;293b246141d081d5adea19b14012c217df93047fd81e68e4ad8261716cc45a93;7;1632363019791;;0;0;0;TJPE;G1;;2021/TJPE/09/G1/TJPE35384202109231632363019782;False;2021-09-22 23:10:19.791;Erro no arquivo
9;650428059;TJPE29907202109231632363017860;dfafdd4a90cb760a76605d5ef110860fec7711ddfc026aad8d70c8d4b5fb6e88;7;1632363017869;;0;0;0;TJPE;G1;;2021/TJPE/09/G1/TJPE29907202109231632363017860;False;2021-09-22 23:10:17.869;Erro no arquivo
10;650428049;TJPE60612202109231632363015652;4aafb3b2604d7263654847fc7f2209fe281e04a4770ad4dffc67e45a91c1a4a0;7;1632363015660;;0;0;0;TJPE;G1;;2021/TJPE/09/G1/TJPE60612202109231632363015652;False;2021-09-22 23:10:15.660;Erro no arquivo
11;650428041;TJPE79170202109231632363013638;891bbe34b9e71b68fcf9a81a880c314ed8b5e786333dcf238ce55eb87c63eb03;7;1632363013658;;0;0;0;TJPE;G1;;2021/TJPE/09/G1/TJPE79170202109231632363013638;False;2021-09-22 23:10:13.658;Erro no arquivo
12;650428017;TJPE84404202109231632363003743;9d567dee7356928a52fb0d896af1dfedd49a4f8726cf6cff6f72777a73967f9d;7;1632363003751;;0;0;0;TJPE;JE;;2021/TJPE/09/JE/TJPE84404202109231632363003743;False;2021-09-22 23:10:03.751;Erro no arquivo
13;650427995;TJPE41216202109231632362998817;5b1943813eb164a86754039327c8a73b31b86a4f466aa26b7faa4d445b8edda1;3;1632362998827;;100;100;0;TJPE;JE;1303525.0;2021/TJPE/09/JE/TJPE41216202109231632362998817;False;2021-09-22 23:09:58.827;Processado com sucesso
14;650427972;TJPE58677202109231632362991061;9b445a8535937f97e6dae967199eb73935e5c66ee445763d6ff13fa9f4e0d961;7;1632362991080;;0;0;0;TJPE;G1;;2021/TJPE/09/G1/TJPE58677202109231632362991061;False;2021-09-22 23:09:51.080;Erro no arquivo
15;650427966;TJPE36983202109231632362988127;6ef03b700b3414eecee42f558f7da0075f76c0561fcdb52f3561c51cad699602;7;1632362988140;;0;0;0;TJPE;G1;;2021/TJPE/09/G1/TJPE36983202109231632362988127;False;2021-09-22 23:09:48.140;Erro no arquivo
16;650427954;TJPE81857202109231632362984854;e63265c80310129f99e1ff626c3b75d984867b3df1fbdad6e6b364fd3af667f3;7;1632362984866;;0;0;0;TJPE;G1;;2021/TJPE/09/G1/TJPE81857202109231632362984854;False;2021-09-22 23:09:44.866;Erro no arquivo
17;650427910;TJPE80511202109231632362968377;876e098e5e4e9d93990e6851c8557f136f2dee4e3115f2d22413fde9ac667079;7;1632362968387;;0;0;0;TJPE;G1;;2021/TJPE/09/G1/TJPE80511202109231632362968377;False;2021-09-22 23:09:28.387;Erro no arquivo
18;650427882;TJPE29209202109231632362960319;7051546f7d191f349cb625229011fb551f6bba36dc2ef4848c271eb2b0373e21;7;1632362960327;;0;0;0;TJPE;G1;;2021/TJPE/09/G1/TJPE29209202109231632362960319;False;2021-09-22 23:09:20.327;Erro no arquivo
19;650427850;TJPE59289202109231632362952093;4174fb0380a8545a0a2a9d5096631bd12806285226d397d98d813abbc9193450;7;1632362952104;;0;0;0;TJPE;G1;;2021/TJPE/09/G1/TJPE59289202109231632362952093;False;2021-09-22 23:09:12.104;Erro no arquivo
20;650427836;TJPE45311202109231632362945255;65335a249a2281615c791516f7d5d939335a4426c997bf0cffee2ac5840c126d;7;1632362945263;;0;0;0;TJPE;G1;;2021/TJPE/09/G1/TJPE45311202109231632362945255;False;2021-09-22 23:09:05.263;Erro no arquivo
21;650427822;TJPE91260202109231632362937931;3e1abd49d016a7ace1c10973af40da8d7602ef1fcb12a75ca0fa28c62ade6420;7;1632362937940;;0;0;0;TJPE;G1;;2021/TJPE/09/G1/TJPE91260202109231632362937931;False;2021-09-22 23:08:57.940;Erro no arquivo
22;650427816;TJPE72933202109231632362933901;7fa126121e56e988acc1d0cb68dc5f46b9c9ee03542b3553064d72717d159d8a;7;1632362933917;;0;0;0;TJPE;G1;;2021/TJPE/09/G1/TJPE72933202109231632362933901;False;2021-09-22 23:08:53.917;Erro no arquivo
23;650427804;TJPE64973202109231632362926540;2c8cd9d2f92303e0f52d16a1ba35c7db5f457b90acd072123f80df7e313433b9;7;1632362926551;;0;0;0;TJPE;G1;;2021/TJPE/09/G1/TJPE64973202109231632362926540;False;2021-09-22 23:08:46.551;Erro no arquivo
24;650427786;TJPE35956202109231632362922852;6b245e56966bad982f94f7331f5a485fcfad13c505599e0de5a5080f006da008;7;1632362922860;;0;0;0;TJPE;G1;;2021/TJPE/09/G1/TJPE35956202109231632362922852;False;2021-09-22 23:08:42.860;Erro no arquivo
25;650427755;TJPE48735202109231632362911283;75579a6dc3ea561db93a956874d2e720de207a6b2207751947bd3ea372994454;7;1632362911290;;0;0;0;TJPE;G1;;2021/TJPE/09/G1/TJPE48735202109231632362911283;False;2021-09-22 23:08:31.290;Erro no arquivo
26;650427746;TJPE58377202109231632362905624;c74f3e267cd71b2c3d46bbe3387520f37fadae65e65f39087e0438becc83c75f;7;1632362905634;;0;0;0;TJPE;G1;;2021/TJPE/09/G1/TJPE58377202109231632362905624;False;2021-09-22 23:08:25.634;Erro no arquivo
27;650427727;TJPE12954202109231632362899007;ab5979e2e0eb330ac3e922dade9073f912c4be512ada5b2f571a136014ae3212;7;1632362899018;;0;0;0;TJPE;G1;;2021/TJPE/09/G1/TJPE12954202109231632362899007;False;2021-09-22 23:08:19.018;Erro no arquivo
28;650427707;TJPE53396202109231632362894456;96b7f9c414f3a587f71519812ad3884c521e2c87ad132ff5a90ede8f1be50e8b;7;1632362894470;;0;0;0;TJPE;G1;;2021/TJPE/09/G1/TJPE53396202109231632362894456;False;2021-09-22 23:08:14.470;Erro no arquivo
29;650427683;TJPE84815202109231632362887834;0b9f3ecd9dafaf373abedc85948a214eb706de93389c91b95dcfc6af521a2e07;7;1632362887843;;0;0;0;TJPE;G1;;2021/TJPE/09/G1/TJPE84815202109231632362887834;False;2021-09-22 23:08:07.843;Erro no arquivo
30;650427672;TJPE91872202109231632362883474;709b9bd520d7a65b78d17aa2c66e20c456c93ff1edb7281122d644196f09ccb4;7;1632362883495;;0;0;0;TJPE;G1;;2021/TJPE/09/G1/TJPE91872202109231632362883474;False;2021-09-22 23:08:03.495;Erro no arquivo
31;650427642;TJPE91772202109231632362875707;95d75454b442a59ba97d29ac750dfb2f09bfd5cf0f522f30e31e2932a5956fab;7;1632362875716;;0;0;0;TJPE;G1;;2021/TJPE/09/G1/TJPE91772202109231632362875707;False;2021-09-22 23:07:55.716;Erro no arquivo
32;650427619;TJPE62967202109231632362865725;b7a06b9d41ce60addd8dcfecc5306a76ce4db6e4c397ae09787ba28a0b76cfa6;7;1632362865733;;0;0;0;TJPE;G1;;2021/TJPE/09/G1/TJPE62967202109231632362865725;False;2021-09-22 23:07:45.733;Erro no arquivo
33;650427615;TJPE74689202109231632362861824;d986fb9291c4dea44dd4760946e2d9b18c93365e2f85016ee7c629408bcb57f9;7;1632362861832;;0;0;0;TJPE;G1;;2021/TJPE/09/G1/TJPE74689202109231632362861824;False;2021-09-22 23:07:41.832;Erro no arquivo
34;650427599;TJPE12309202109231632362853239;9db4b45f4d89f0c8d9354b3e4f15650b72e95d021143c46d1001e525f8bab48e;7;1632362853247;;0;0;0;TJPE;G1;;2021/TJPE/09/G1/TJPE12309202109231632362853239;False;2021-09-22 23:07:33.247;Erro no arquivo
35;650427585;TJPE55943202109231632362848075;d2b582bf55b7ed1305b453f3cf564f88be21e76802e66cf62f56771a819a9188;7;1632362848096;;0;0;0;TJPE;G1;;2021/TJPE/09/G1/TJPE55943202109231632362848075;False;2021-09-22 23:07:28.096;Erro no arquivo
36;650427572;TJPE16099202109231632362840651;d6e6e7773db16ae92f0a2aca5ad3780f56250abfad3aa4b3c425cc9e88618f71;7;1632362840659;;0;0;0;TJPE;G1;;2021/TJPE/09/G1/TJPE16099202109231632362840651;False;2021-09-22 23:07:20.659;Erro no arquivo
37;650427559;TJPE87813202109231632362837122;2a766eec1166442b063b650887e5b620e84f8138947035f8c88daae412d4c443;7;1632362837131;;0;0;0;TJPE;G1;;2021/TJPE/09/G1/TJPE87813202109231632362837122;False;2021-09-22 23:07:17.131;Erro no arquivo
38;650427549;TJPE31706202109231632362831846;1379ebc129fbcf957098d2bb9c3ce6208a1b0df98bb3808d15c93b3a04647723;7;1632362831856;;0;0;0;TJPE;G1;;2021/TJPE/09/G1/TJPE31706202109231632362831846;False;2021-09-22 23:07:11.856;Erro no arquivo
39;650427531;TJPE33036202109231632362825109;05569307fba7c473945a8a4913baaec611ef7828b7b033deb81f44fdbf177a84;7;1632362825124;;0;0;0;TJPE;G1;;2021/TJPE/09/G1/TJPE33036202109231632362825109;False;2021-09-22 23:07:05.124;Erro no arquivo
0;650427496;TJPE78849202109231632362816034;653aecf9b4a2fb1b8e19d3ba2bb0126a4f5603e69e0768694130ca29451d75f2;7;1632362816044;;0;0;0;TJPE;G1;;2021/TJPE/09/G1/TJPE78849202109231632362816034;False;2021-09-22 23:06:56.044;Erro no arquivo
1;650427487;TJPE19519202109231632362812404;959b2527776f1c936161f0b92c69af370071fa1eecdd29242dfb408a5cdc3583;7;1632362812410;;0;0;0;TJPE;G1;;2021/TJPE/09/G1/TJPE19519202109231632362812404;False;2021-09-22 23:06:52.410;Erro no arquivo
2;650427479;TJPE70731202109231632362809058;0040028a015aa346723ce0bd50e0da99a5a4674110d0f75080f1fe979470cb43;7;1632362809065;;0;0;0;TJPE;G1;;2021/TJPE/09/G1/TJPE70731202109231632362809058;False;2021-09-22 23:06:49.065;Erro no arquivo
3;650427467;TJPE46153202109231632362803011;8edbea81b520c73133ba1558e38c8604f214fcb5e67c6d79b55eca8004965829;3;1632362803025;;100;100;0;TJPE;G1;1897434.0;2021/TJPE/09/G1/TJPE46153202109231632362803011;False;2021-09-22 23:06:43.025;Processado com sucesso
4;650427432;TJPE35892202109231632362791159;111a8d501d56acfbed422254d82f6a397bba0eebeac9bda30301e98bcca18f67;7;1632362791180;;0;0;0;TJPE;G1;;2021/TJPE/09/G1/TJPE35892202109231632362791159;False;2021-09-22 23:06:31.180;Erro no arquivo
5;650427417;TJPE52315202109231632362787235;e9af3fae36bd2c53b407e0917bacc09d0c4d4ffb9202fc2e2ef4628e16163b48;7;1632362787244;;0;0;0;TJPE;G1;;2021/TJPE/09/G1/TJPE52315202109231632362787235;False;2021-09-22 23:06:27.244;Erro no arquivo
6;650427411;TJPE56742202109231632362783752;52e5df83bdbc267b9a0fc6c0d8746db13390cbd4b0ceadb96a9a78b6d98fb54d;7;1632362783759;;0;0;0;TJPE;G1;;2021/TJPE/09/G1/TJPE56742202109231632362783752;False;2021-09-22 23:06:23.759;Erro no arquivo
7;650427397;TJPE21036202109231632362776313;758acaaf53e45117b3d898d37f80da731f54403603bbc358e36883b4523ec9df;7;1632362776322;;0;0;0;TJPE;G1;;2021/TJPE/09/G1/TJPE21036202109231632362776313;False;2021-09-22 23:06:16.322;Erro no arquivo
8;650427380;TJPE39817202109231632362768460;cd60f0e958f0aaad4241c1d6c63e8ddbbe0e997b9c629a558294c4eccfaa9071;7;1632362768487;;0;0;0;TJPE;G1;;2021/TJPE/09/G1/TJPE39817202109231632362768460;False;2021-09-22 23:06:08.487;Erro no arquivo
9;650427366;TJPE81206202109231632362761373;7220c5fd814cb9415c64d85b631c260a2f25b5e63bad343cd3462953447cfbae;7;1632362761383;;0;0;0;TJPE;G1;;2021/TJPE/09/G1/TJPE81206202109231632362761373;False;2021-09-22 23:06:01.383;Erro no arquivo
10;650427364;TJPE71884202109231632362758974;93c570837c033c8eb24be3c1a85dd4b990df36e5cf23cce5ee65250e0720d1e5;7;1632362758982;;0;0;0;TJPE;G1;;2021/TJPE/09/G1/TJPE71884202109231632362758974;False;2021-09-22 23:05:58.982;Erro no arquivo
11;650427339;TJPE77567202109231632362746464;70ab0879135bd95314ac7aee56e03a857d2a00857bda31b7236ee910e82a0dfd;7;1632362746553;;0;0;0;TJPE;G1;;2021/TJPE/09/G1/TJPE77567202109231632362746464;False;2021-09-22 23:05:46.553;Erro no arquivo
12;650427331;TJPE19303202109231632362741401;bfdf1c3648a4632b434818c7a8688c154b92566faa03ea2299ae08433664c36a;7;1632362741412;;0;0;0;TJPE;G1;;2021/TJPE/09/G1/TJPE19303202109231632362741401;False;2021-09-22 23:05:41.412;Erro no arquivo
13;650427320;TJPE19935202109231632362736842;68f6b3197493d9c680e302c82702a8b660be430e834bfbf07c80fbf242a8d53c;7;1632362736847;;0;0;0;TJPE;G1;;2021/TJPE/09/G1/TJPE19935202109231632362736842;False;2021-09-22 23:05:36.847;Erro no arquivo
14;650427309;TJPE15466202109231632362731721;25769c8b0349417ee32f9dfe9d01056bb83f10047cb39207e86825175ca65d37;7;1632362731729;;0;0;0;TJPE;G1;;2021/TJPE/09/G1/TJPE15466202109231632362731721;False;2021-09-22 23:05:31.729;Erro no arquivo
15;650427306;TJPE52605202109231632362728123;da17e485b6741ac479110900d8c5be526567d3a626affe9987cfa1796546b03c;7;1632362728131;;0;0;0;TJPE;G1;;2021/TJPE/09/G1/TJPE52605202109231632362728123;False;2021-09-22 23:05:28.131;Erro no arquivo
16;650427302;TJPE34668202109231632362721797;b1408c06daf45478c2c744348b33cafcaf2efb583c8549ef0844f62187b1b979;7;1632362721808;;0;0;0;TJPE;G1;;2021/TJPE/09/G1/TJPE34668202109231632362721797;False;2021-09-22 23:05:21.808;Erro no arquivo
17;650427287;TJPE62668202109231632362718248;3147685df6265553d0f4d3b3d449b64f1d43ccd66fc86d2726edcd8c2fdff235;7;1632362718267;;0;0;0;TJPE;G1;;2021/TJPE/09/G1/TJPE62668202109231632362718248;False;2021-09-22 23:05:18.267;Erro no arquivo
18;650427275;TJPE19403202109231632362712449;044b2542e6ddd4671cceeab4650e6890023c68a26bb3ae130a2f9a09f8e3579c;7;1632362712455;;0;0;0;TJPE;G1;;2021/TJPE/09/G1/TJPE19403202109231632362712449;False;2021-09-22 23:05:12.455;Erro no arquivo
19;650427271;TJPE19358202109231632362708621;c7bd2f2ce0750e3b569a75406cedd4df65939a716e9f60f9aa712cc878d9b8db;7;1632362708629;;0;0;0;TJPE;G1;;2021/TJPE/09/G1/TJPE19358202109231632362708621;False;2021-09-22 23:05:08.629;Erro no arquivo
20;650427264;TJPE32539202109231632362704385;826aec9e2705eff18b79c0f12a9faa9e9f0cdb0924cc164f73d1889401cd9119;7;1632362704397;;0;0;0;TJPE;G1;;2021/TJPE/09/G1/TJPE32539202109231632362704385;False;2021-09-22 23:05:04.397;Erro no arquivo
21;650427249;TJPE80252202109231632362698969;08436c85fcc455ea3c0eeeb012cd5ed538f3567865ca49552164aed0ec6bb34c;7;1632362698978;;0;0;0;TJPE;G1;;2021/TJPE/09/G1/TJPE80252202109231632362698969;False;2021-09-22 23:04:58.978;Erro no arquivo
22;650427232;TJPE35637202109231632362689982;9c0c88f9d099dd405a649a83fc9b40027d6f544531ff0b54ca7e8c635d39c749;7;1632362689992;;0;0;0;TJPE;G1;;2021/TJPE/09/G1/TJPE35637202109231632362689982;False;2021-09-22 23:04:49.992;Erro no arquivo
23;650427215;TJPE14772202109231632362683215;6a60ebb9d656ebf77061177a289eeb1abebaf3bbc87b22a5b9be2efab9ca17c6;7;1632362683223;;0;0;0;TJPE;G1;;2021/TJPE/09/G1/TJPE14772202109231632362683215;False;2021-09-22 23:04:43.223;Erro no arquivo
24;650427206;TJPE96137202109231632362677938;f8aef196ae13bec384f78ce5cd6f153614115837db0dc4790617bd8223058b26;7;1632362677960;;0;0;0;TJPE;G1;;2021/TJPE/09/G1/TJPE96137202109231632362677938;False;2021-09-22 23:04:37.960;Erro no arquivo
25;650427197;TJPE72996202109231632362670415;7f8e02ddafef294cb00eff0f413f3c530eac415dc340188731dc3bb1bf86167f;3;1632362670423;;100;100;0;TJPE;JE;1115775.0;2021/TJPE/09/JE/TJPE72996202109231632362670415;False;2021-09-22 23:04:30.423;Processado com sucesso
26;650427174;TJPE88757202109231632362661073;c12407b35f42666991745113d83aebab74cdbe4d09d7ed71fe71f7d47da5b216;7;1632362661086;;0;0;0;TJPE;G1;;2021/TJPE/09/G1/TJPE88757202109231632362661073;False;2021-09-22 23:04:21.086;Erro no arquivo
27;650427162;TJPE86771202109231632362656974;ed3704fda4230621009b8e91282d4960a32d467c71b395f8d922bf923b38e1fe;7;1632362656983;;0;0;0;TJPE;G1;;2021/TJPE/09/G1/TJPE86771202109231632362656974;False;2021-09-22 23:04:16.983;Erro no arquivo
28;650427149;TJPE41698202109231632362651779;7390b1b5d94f3773442061005cc2aafe8c2454c71bd31c710a0a97e8688ed946;7;1632362651787;;0;0;0;TJPE;G1;;2021/TJPE/09/G1/TJPE41698202109231632362651779;False;2021-09-22 23:04:11.787;Erro no arquivo
29;650427130;TJPE88020202109231632362644634;f2217a7cdda8663809b7cc095e8e1431e3fa6b93b6aa307ed83a5cf1a71c70ef;7;1632362644649;;0;0;0;TJPE;G1;;2021/TJPE/09/G1/TJPE88020202109231632362644634;False;2021-09-22 23:04:04.649;Erro no arquivo
30;650427116;TJPE76830202109231632362639849;52d667c7ab4a78bf29405b43fb9da8772cb08cb5681835678d5ea30c84c32c43;7;1632362639870;;0;0;0;TJPE;G1;;2021/TJPE/09/G1/TJPE76830202109231632362639849;False;2021-09-22 23:03:59.870;Erro no arquivo
31;650427095;TJPE87356202109231632362631417;9693283eaac96ad678d52bbf3c20ca112ed882ec9bfa4507b0f62e96e4e3028c;7;1632362631425;;0;0;0;TJPE;JE;;2021/TJPE/09/JE/TJPE87356202109231632362631417;False;2021-09-22 23:03:51.425;Erro no arquivo
32;650427073;TJPE57739202109231632362625526;2b8dba27bad590dee1bbf510bdf69b9132bdc1d29de47102fda3ce745ebe2dea;3;1632362625534;;100;100;0;TJPE;JE;1106413.0;2021/TJPE/09/JE/TJPE57739202109231632362625526;False;2021-09-22 23:03:45.534;Processado com sucesso
33;650427058;TJPE76488202109231632362620048;04a5e5b685b52fa644f66245e6ed71efb52b7296a590df2d26b4de155f28c136;7;1632362620066;;0;0;0;TJPE;G1;;2021/TJPE/09/G1/TJPE76488202109231632362620048;False;2021-09-22 23:03:40.066;Erro no arquivo
34;650427051;TJPE99818202109231632362617400;3c897b1897b8cd6db4fcd00e9a33741344172edd879cddcfb6f5977fcda0c187;3;1632362617413;;100;100;0;TJPE;JE;1124580.0;2021/TJPE/09/JE/TJPE99818202109231632362617400;False;2021-09-22 23:03:37.413;Processado com sucesso
35;650427044;TJPE31227202109231632362614709;c1769e8b050bb9e9d7ed1e006036c0e92d1690bdc19a303049858c1c88ecc6e9;7;1632362614715;;0;0;0;TJPE;G1;;2021/TJPE/09/G1/TJPE31227202109231632362614709;False;2021-09-22 23:03:34.715;Erro no arquivo
36;650427034;TJPE71637202109231632362611050;35d7d2ad4487f7781cac507edc5b346aa9f60391439ea0f85264fddd34d541fd;3;1632362611062;;100;100;0;TJPE;G1;1395283.0;2021/TJPE/09/G1/TJPE71637202109231632362611050;False;2021-09-22 23:03:31.062;Processado com sucesso
37;650427023;TJPE60237202109231632362608922;69ad5b3398e6b8cda15878d21e283265bd5055a4ac3d6efeecad16ba50728eb5;7;1632362608931;;0;0;0;TJPE;G1;;2021/TJPE/09/G1/TJPE60237202109231632362608922;False;2021-09-22 23:03:28.931;Erro no arquivo
38;650427016;TJPE64388202109231632362606956;6a0d2f21690d03c2dfe5e781d9746476c2c8ab2eadc94d10d7b3e31b32eaa59b;7;1632362606965;;0;0;0;TJPE;G1;;2021/TJPE/09/G1/TJPE64388202109231632362606956;False;2021-09-22 23:03:26.965;Erro no arquivo
39;650427012;TJPE35469202109231632362604746;4f0207f9e6d9ff380fa80636468139338d78a93276c5fcfa663d770e4e7b3b37;7;1632362604756;;0;0;0;TJPE;G1;;2021/TJPE/09/G1/TJPE35469202109231632362604746;False;2021-09-22 23:03:24.756;Erro no arquivo
0;650427005;TJPE71290202109231632362602453;d287d70ccf02f9b43a709606ed9db35467254b6f151891993cd0549b63c83bab;7;1632362602465;;0;0;0;TJPE;G1;;2021/TJPE/09/G1/TJPE71290202109231632362602453;False;2021-09-22 23:03:22.465;Erro no arquivo
1;650426999;TJPE84274202109231632362600471;5ee5e0ce2a85f2c0d1e7a3fd343c37b14fdd54f78c4b615d105cad07bc1df637;7;1632362600477;;0;0;0;TJPE;G1;;2021/TJPE/09/G1/TJPE84274202109231632362600471;False;2021-09-22 23:03:20.477;Erro no arquivo
2;650426996;TJPE87648202109231632362597975;0d3a09330b356853c27a476d86f5f490992190ce99e26d48d236d9da9ccd8539;3;1632362597984;;98;98;0;TJPE;G1;1184518.0;2021/TJPE/09/G1/TJPE87648202109231632362597975;False;2021-09-22 23:03:17.984;Processado com sucesso
3;650426981;TJPE49297202109231632362594598;d6fdee673deff287dc7e031cd94c1d94de50952e8cdc92d904c25967c001bb8c;7;1632362594609;;0;0;0;TJPE;G1;;2021/TJPE/09/G1/TJPE49297202109231632362594598;False;2021-09-22 23:03:14.609;Erro no arquivo
4;650426978;TJPE37919202109231632362592474;b7e9b5cba10c84608858cdd74edc120d173104e62f6cfd06ff6daa3aafc15dc8;7;1632362592485;;0;0;0;TJPE;G1;;2021/TJPE/09/G1/TJPE37919202109231632362592474;False;2021-09-22 23:03:12.485;Erro no arquivo
5;650426970;TJPE52620202109231632362590377;8aebc1f6bcf9af7e47e9a4488e7246e31a6547a36a71656b037bff29ae590024;7;1632362590387;;0;0;0;TJPE;G1;;2021/TJPE/09/G1/TJPE52620202109231632362590377;False;2021-09-22 23:03:10.387;Erro no arquivo
6;650426966;TJPE49982202109231632362587115;a747fff934e30b8fc7e4cc832b8f97f739c60e4b0309313e8753f4cecdbd5792;7;1632362587129;;0;0;0;TJPE;G1;;2021/TJPE/09/G1/TJPE49982202109231632362587115;False;2021-09-22 23:03:07.129;Erro no arquivo
7;650426959;TJPE82739202109231632362584936;06b409a212efa8e1584603b3e302efc8c56148fbd4bf763f8a200458be7ba95e;3;1632362584948;;100;100;0;TJPE;JE;1109592.0;2021/TJPE/09/JE/TJPE82739202109231632362584936;False;2021-09-22 23:03:04.948;Processado com sucesso
8;650426953;TJPE45981202109231632362583048;9100bd915e6d87b70b522c1342308a494127ffc0bee924a6936db88179047e87;7;1632362583057;;0;0;0;TJPE;G1;;2021/TJPE/09/G1/TJPE45981202109231632362583048;False;2021-09-22 23:03:03.057;Erro no arquivo
9;650426948;TJPE72071202109231632362580776;7761c0235447c79a93573046185e625a98723a609b44103537209693c0e4ef4c;7;1632362580791;;0;0;0;TJPE;G1;;2021/TJPE/09/G1/TJPE72071202109231632362580776;False;2021-09-22 23:03:00.791;Erro no arquivo
10;650426931;TJPE86083202109231632362572621;0f5d00212ba95e2a78d91af04428dd479ec7cf9c3ae41a0fdebbabf703526599;7;1632362572638;;0;0;0;TJPE;G1;;2021/TJPE/09/G1/TJPE86083202109231632362572621;False;2021-09-22 23:02:52.638;Erro no arquivo
11;650426914;TJPE67402202109231632362566998;64ce195635713956839457767f1ba684c7f0c7ca2adf297ccca4ddc3481a6807;7;1632362567011;;0;0;0;TJPE;G1;;2021/TJPE/09/G1/TJPE67402202109231632362566998;False;2021-09-22 23:02:47.011;Erro no arquivo
12;650426901;TJPE20751202109231632362562263;21358d5d7c5cc4956afd9bdcf4339f00fa8789abdff0bfa5c46eadcc6111b2b0;7;1632362562272;;0;0;0;TJPE;G1;;2021/TJPE/09/G1/TJPE20751202109231632362562263;False;2021-09-22 23:02:42.272;Erro no arquivo
13;650426879;TJPE46921202109231632362555171;fc2047f231793fb5576772515b41815801020b663000407fa0e4529057cd285f;7;1632362555191;;0;0;0;TJPE;G1;;2021/TJPE/09/G1/TJPE46921202109231632362555171;False;2021-09-22 23:02:35.191;Erro no arquivo
14;650426871;TJPE24342202109231632362550297;ca6dd0d0ca5defb31bf2c0a07ea10be631b01992ce5a79cb5c61e5c2227b3f53;7;1632362550374;;0;0;0;TJPE;G1;;2021/TJPE/09/G1/TJPE24342202109231632362550297;False;2021-09-22 23:02:30.374;Erro no arquivo
15;650426858;TJPE22879202109231632362543534;b49d1bbbcde067d883d90563e3a5934d2310cd2df5730dfd29033f4412f20a84;7;1632362543544;;0;0;0;TJPE;G1;;2021/TJPE/09/G1/TJPE22879202109231632362543534;False;2021-09-22 23:02:23.544;Erro no arquivo
16;650426847;TJPE64181202109231632362537790;fbb430dff8bb383b0b958377b085b9fc38f95d3d997e2c2d0933776147b6438c;7;1632362537798;;0;0;0;TJPE;G1;;2021/TJPE/09/G1/TJPE64181202109231632362537790;False;2021-09-22 23:02:17.798;Erro no arquivo
17;650426837;TJPE83166202109231632362534136;8537c10c3d6caf413cbc663dce510a47ea2e2bc568fa047ea91e0aeb996bf91a;7;1632362534147;;0;0;0;TJPE;G1;;2021/TJPE/09/G1/TJPE83166202109231632362534136;False;2021-09-22 23:02:14.147;Erro no arquivo
18;650426832;TJPE65519202109231632362529359;0c726a5c584263d7a72de0362f5c34475a7001000823ca88629ecaa93245f16f;7;1632362529365;;0;0;0;TJPE;G1;;2021/TJPE/09/G1/TJPE65519202109231632362529359;False;2021-09-22 23:02:09.365;Erro no arquivo
19;650426823;TJPE82199202109231632362526831;102269855ab5c7fc5c941ba672c0ba38ac38deff9f2b9a212eb4ba809e16c2ef;7;1632362526840;;0;0;0;TJPE;G1;;2021/TJPE/09/G1/TJPE82199202109231632362526831;False;2021-09-22 23:02:06.840;Erro no arquivo
20;650426818;TJPE55730202109231632362524355;183837cff1394c5a40b1549987df3ade4366e80418b672273b6e0bf0a500e5e0;7;1632362524376;;0;0;0;TJPE;G1;;2021/TJPE/09/G1/TJPE55730202109231632362524355;False;2021-09-22 23:02:04.376;Erro no arquivo
21;650426813;TJPE73211202109231632362520209;19a895ccf24e89ccedb3ece93e352e7444565eb03cf9b1dc4f4146960f7cfc8c;7;1632362520223;;0;0;0;TJPE;G1;;2021/TJPE/09/G1/TJPE73211202109231632362520209;False;2021-09-22 23:02:00.223;Erro no arquivo
22;650426809;TJPE79198202109231632362517989;839de11159aec2aedb4fc900c2b11b8e9636fc5b4946f10d242bc9116c3a4850;7;1632362517999;;0;0;0;TJPE;G1;;2021/TJPE/09/G1/TJPE79198202109231632362517989;False;2021-09-22 23:01:57.999;Erro no arquivo
23;650426805;TJPE94625202109231632362516174;46004e4cae2e5779a93d3a44319de39ef34f88d90c616550daefe6e9f3704e44;7;1632362516198;;0;0;0;TJPE;G1;;2021/TJPE/09/G1/TJPE94625202109231632362516174;False;2021-09-22 23:01:56.198;Erro no arquivo
24;650426798;TJPE21002202109231632362513900;842f03e24e5f624274d03ce93070897b8109fdc73132d02813c1603a789d6ce8;7;1632362513922;;0;0;0;TJPE;G1;;2021/TJPE/09/G1/TJPE21002202109231632362513900;False;2021-09-22 23:01:53.922;Erro no arquivo
25;650426787;TJPE17987202109231632362511997;95c009835778d45002199da2853409d3a87642886332698fa0d2171b0753b9c1;7;1632362512005;;0;0;0;TJPE;G1;;2021/TJPE/09/G1/TJPE17987202109231632362511997;False;2021-09-22 23:01:52.005;Erro no arquivo
26;650426781;TJPE39428202109231632362509636;e405fd63c9598b995606700f42c067211643ff6c362777edca74febf4f61ad03;7;1632362509649;;0;0;0;TJPE;G1;;2021/TJPE/09/G1/TJPE39428202109231632362509636;False;2021-09-22 23:01:49.649;Erro no arquivo
27;650426777;TJPE67873202109231632362507387;370a2365e2fd05897a00f644eb9da4b2670b609045a95b824708f5aa17adbde1;7;1632362507396;;0;0;0;TJPE;G1;;2021/TJPE/09/G1/TJPE67873202109231632362507387;False;2021-09-22 23:01:47.396;Erro no arquivo
28;650426770;TJPE18953202109231632362505052;e3884eee520cc146248e95dd9bd8167c4aa42dc135b6a6359c5e2e4b8bc258f3;7;1632362505060;;0;0;0;TJPE;G1;;2021/TJPE/09/G1/TJPE18953202109231632362505052;False;2021-09-22 23:01:45.060;Erro no arquivo
29;650426760;TJPE23142202109231632362501802;49c1cffab3b147357775129d1a51ec32519370cdddbfb9bf7b980562429ff30e;7;1632362501811;;0;0;0;TJPE;G1;;2021/TJPE/09/G1/TJPE23142202109231632362501802;False;2021-09-22 23:01:41.811;Erro no arquivo
30;650426754;TJPE34996202109231632362499735;09acc1549580bda03569097c2811505abb2fa3f6952631a3f230859e3846daab;7;1632362499757;;0;0;0;TJPE;G1;;2021/TJPE/09/G1/TJPE34996202109231632362499735;False;2021-09-22 23:01:39.757;Erro no arquivo
31;650426752;TJPE85519202109231632362497773;58c84cc425968d1b7242824dc0ad727cf1bdc7b5af9602dadce5da967a6e0c2d;7;1632362497783;;0;0;0;TJPE;G1;;2021/TJPE/09/G1/TJPE85519202109231632362497773;False;2021-09-22 23:01:37.783;Erro no arquivo
32;650426751;TJPE39308202109231632362495573;f331a0be3ccf521e9f0fddb2c342efc63a485ff07fae2a1d3f24d6d6c30732c0;7;1632362495582;;0;0;0;TJPE;G1;;2021/TJPE/09/G1/TJPE39308202109231632362495573;False;2021-09-22 23:01:35.582;Erro no arquivo
33;650426746;TJPE76849202109231632362493374;f90992e144832a7d6d4beeccad8d83a3d9915b336284b2342a8194cdad2b003d;7;1632362493383;;0;0;0;TJPE;G1;;2021/TJPE/09/G1/TJPE76849202109231632362493374;False;2021-09-22 23:01:33.383;Erro no arquivo
34;650426744;TJPE36959202109231632362491486;6d36fd4cde8afda6148ff3ef126408da879ef6f924d15b40e61a27dee910696e;7;1632362491491;;0;0;0;TJPE;G1;;2021/TJPE/09/G1/TJPE36959202109231632362491486;False;2021-09-22 23:01:31.491;Erro no arquivo
35;650426742;TJPE16335202109231632362489933;3b63f96df2a0417318b911af9b13548bc1b7ca551a4e3a843527ff78bc935343;7;1632362489942;;0;0;0;TJPE;G1;;2021/TJPE/09/G1/TJPE16335202109231632362489933;False;2021-09-22 23:01:29.942;Erro no arquivo
36;650426728;TJPE96619202109231632362481746;8adc9878c21dbf47db0d488585831bef10b79302697fa666def0fb6fe0adf4ea;7;1632362481758;;0;0;0;TJPE;G1;;2021/TJPE/09/G1/TJPE96619202109231632362481746;False;2021-09-22 23:01:21.758;Erro no arquivo
37;650426694;TJPE52607202109231632362467082;ed5989e25c2c83af51f40da42e34fb194e90fec30179794a53d804885bfcf051;7;1632362467090;;0;0;0;TJPE;G1;;2021/TJPE/09/G1/TJPE52607202109231632362467082;False;2021-09-22 23:01:07.090;Erro no arquivo
38;650426675;TJPE30610202109231632362458819;6460d5486a76ab8f3d3fc710b5e38bc4ed585ca56efd5971574aa88ee4656beb;7;1632362458840;;0;0;0;TJPE;G1;;2021/TJPE/09/G1/TJPE30610202109231632362458819;False;2021-09-22 23:00:58.840;Erro no arquivo
39;650426674;TJPE88064202109231632362456978;92a0480bc70da6456fae35eb51dc177fed4b2720b5f3f6e937d0d8c2574b9e56;3;1632362456986;;100;100;0;TJPE;JE;1069706.0;2021/TJPE/09/JE/TJPE88064202109231632362456978;False;2021-09-22 23:00:56.986;Processado com sucesso
0;650426666;TJPE18608202109231632362454943;b7abf5a460bca4ff97fdbe7a7abd8563532f7206848b0c13c5580677a9a15dae;7;1632362454955;;0;0;0;TJPE;G1;;2021/TJPE/09/G1/TJPE18608202109231632362454943;False;2021-09-22 23:00:54.955;Erro no arquivo
1;650426664;TJPE28196202109231632362452889;8cc001c6dc95120a339ab8e0bac70ef977c582b9b2bfc9b98907a0db926db7f7;7;1632362452898;;0;0;0;TJPE;G1;;2021/TJPE/09/G1/TJPE28196202109231632362452889;False;2021-09-22 23:00:52.898;Erro no arquivo
2;650426661;TJPE57160202109231632362450856;5a76cfa1ffd39a4af4b5032fb40e6ac4ca3c9cf4695dbf3233e2a24d5736d7c2;7;1632362450894;;0;0;0;TJPE;G1;;2021/TJPE/09/G1/TJPE57160202109231632362450856;False;2021-09-22 23:00:50.894;Erro no arquivo
3;650426646;TJPE27362202109231632362447686;a0a9cc74f22f53543bbfa03cb47ea6886c6804786fd77482fa604353ad10e838;7;1632362447694;;0;0;0;TJPE;G1;;2021/TJPE/09/G1/TJPE27362202109231632362447686;False;2021-09-22 23:00:47.694;Erro no arquivo
4;650426640;TJPE52118202109231632362445705;1635fb0cd443d09d12108d08e5e11e771c7b4ea8382afa9a3080a0d0beb3d213;7;1632362445714;;0;0;0;TJPE;G1;;2021/TJPE/09/G1/TJPE52118202109231632362445705;False;2021-09-22 23:00:45.714;Erro no arquivo
5;650426629;TJPE90898202109231632362443602;d0f8b0137424e7756e355000b2f7d07c25e6b2812c3df76aef9e9295d43816b3;7;1632362443611;;0;0;0;TJPE;G1;;2021/TJPE/09/G1/TJPE90898202109231632362443602;False;2021-09-22 23:00:43.611;Erro no arquivo
6;650426619;TJPE90336202109231632362441618;5d2fd55a7c58ed168c896a6266eecbdf0c93378d24841785b75fc98f1196c000;3;1632362441628;;100;100;0;TJPE;JE;1279948.0;2021/TJPE/09/JE/TJPE90336202109231632362441618;False;2021-09-22 23:00:41.628;Processado com sucesso
7;650426612;TJPE66115202109231632362439532;3743759a72960aed5fca40d1eb56befd9b8e51ea45f46031ceaf9780f5cb76c4;7;1632362439543;;0;0;0;TJPE;G1;;2021/TJPE/09/G1/TJPE66115202109231632362439532;False;2021-09-22 23:00:39.543;Erro no arquivo
8;650426604;TJPE79170202109231632362437457;f8ec4fc7862a85c80fede28873105889ae4fda1f9c08041916796d647f32d9d4;3;1632362437469;;100;100;0;TJPE;G1;1463501.0;2021/TJPE/09/G1/TJPE79170202109231632362437457;False;2021-09-22 23:00:37.469;Processado com sucesso
9;650426591;TJPE55563202109231632362435194;80d327ba6c21482368f41e01a7b91fd1946a7df0d1b9229bd243e7b2981d5de2;7;1632362435203;;0;0;0;TJPE;G1;;2021/TJPE/09/G1/TJPE55563202109231632362435194;False;2021-09-22 23:00:35.203;Erro no arquivo
10;650426582;TJPE18033202109231632362432836;1a2e517ffd0aaa05472485e057faa281cca346ac7c9f11dc6e4b545531af08ad;7;1632362432846;;0;0;0;TJPE;G1;;2021/TJPE/09/G1/TJPE18033202109231632362432836;False;2021-09-22 23:00:32.846;Erro no arquivo
11;650426570;TJPE36860202109231632362430463;e86c890cf957db46e13f285d8d43d1b67310e14e1f670fd4a762be839d60aec0;7;1632362430485;;0;0;0;TJPE;G1;;2021/TJPE/09/G1/TJPE36860202109231632362430463;False;2021-09-22 23:00:30.485;Erro no arquivo
12;650426567;TJPE45007202109231632362428385;4e8ed630d1baf58d7a790d3a52d8d89af8b121f9c9d4faaf73cc2f987eccbcea;7;1632362428398;;0;0;0;TJPE;G1;;2021/TJPE/09/G1/TJPE45007202109231632362428385;False;2021-09-22 23:00:28.398;Erro no arquivo
13;650426566;TJPE88627202109231632362426327;b49766bbc62d14df54b069bbd6d8c181a20f4c0919ff0cfc88789a98ec0af239;7;1632362426336;;0;0;0;TJPE;G1;;2021/TJPE/09/G1/TJPE88627202109231632362426327;False;2021-09-22 23:00:26.336;Erro no arquivo
14;650426554;TJPE33024202109231632362424410;0e2695a74f69d45e414e303a7ec23ca80c675f3a48981c2e41b6910217540016;3;1632362424424;;100;100;0;TJPE;JE;1259530.0;2021/TJPE/09/JE/TJPE33024202109231632362424410;False;2021-09-22 23:00:24.424;Processado com sucesso
15;650426546;TJPE88034202109231632362422089;8ffe928ad551414b6b4643d117fb5dfbb51f6b6d2f2d33eec2d8db463533b91f;7;1632362422096;;0;0;0;TJPE;G1;;2021/TJPE/09/G1/TJPE88034202109231632362422089;False;2021-09-22 23:00:22.096;Erro no arquivo
16;650426544;TJPE69046202109231632362420220;5e108d68cbbd77232f2c5268b96fc76134834c6c6ef3fe6fd7d014c6cc8efa33;7;1632362420233;;0;0;0;TJPE;G1;;2021/TJPE/09/G1/TJPE69046202109231632362420220;False;2021-09-22 23:00:20.233;Erro no arquivo
17;650426540;TJPE56775202109231632362418219;4e59db8432271ff3d4ef1b6fdcd23ea915b669070580d2d91335c1d3a47a7246;7;1632362418234;;0;0;0;TJPE;G1;;2021/TJPE/09/G1/TJPE56775202109231632362418219;False;2021-09-22 23:00:18.234;Erro no arquivo
18;650426537;TJPE58264202109231632362416042;fd4d67bc718b8b1cfa367be431c891e8767ce25bb617255368c5b5a81841d794;7;1632362416050;;0;0;0;TJPE;G1;;2021/TJPE/09/G1/TJPE58264202109231632362416042;False;2021-09-22 23:00:16.050;Erro no arquivo
19;650426536;TJPE23639202109231632362413985;2f1fd05a2cedf65a2719acb645b39087724d88971e0e4fcab7b0e9f908bc0b25;7;1632362413999;;0;0;0;TJPE;G1;;2021/TJPE/09/G1/TJPE23639202109231632362413985;False;2021-09-22 23:00:13.999;Erro no arquivo
20;650426534;TJPE52498202109231632362411839;1989eb754ef71a77c3791afa558a83aac2e00db63dcac0b4a51762be09387b92;7;1632362411848;;0;0;0;TJPE;G1;;2021/TJPE/09/G1/TJPE52498202109231632362411839;False;2021-09-22 23:00:11.848;Erro no arquivo
21;650426526;TJPE10911202109231632362409825;7c631a248fa19cc1e0880cf643f601a5b7d8bf495ff16341dda425d2befa079e;7;1632362409835;;0;0;0;TJPE;G1;;2021/TJPE/09/G1/TJPE10911202109231632362409825;False;2021-09-22 23:00:09.835;Erro no arquivo
22;650426522;TJPE89412202109231632362407668;b8dcffa5214b6b1aa32b9410732bdec2b2a57f853de6b7459278b695d0092260;7;1632362407676;;0;0;0;TJPE;G1;;2021/TJPE/09/G1/TJPE89412202109231632362407668;False;2021-09-22 23:00:07.676;Erro no arquivo
23;650426518;TJPE86999202109231632362405603;860149bfe6fe69ed5109c4ed174e49637d7e44e382423167946c8ec13571f1c9;7;1632362405611;;0;0;0;TJPE;G1;;2021/TJPE/09/G1/TJPE86999202109231632362405603;False;2021-09-22 23:00:05.611;Erro no arquivo
24;650426513;TJPE49677202109231632362401405;8eaa5e4bd1b233c8e696b002b39533d0f50498fc4f01151b532c8b4beefd5108;7;1632362401414;;0;0;0;TJPE;G1;;2021/TJPE/09/G1/TJPE49677202109231632362401405;False;2021-09-22 23:00:01.414;Erro no arquivo
25;650426509;TJPE12774202109231632362399234;dce21a16b6294ff4dda3cf8597a6a5c80a6739adcc3483b34ec39be7fd0a0fea;7;1632362399245;;0;0;0;TJPE;G1;;2021/TJPE/09/G1/TJPE12774202109231632362399234;False;2021-09-22 22:59:59.245;Erro no arquivo
26;650426505;TJPE37079202109231632362397112;d3a473f02cfb253c68cdc6c53aeaed189d217f8efb04a588e1eac5eb9e4eda4f;7;1632362397123;;0;0;0;TJPE;G1;;2021/TJPE/09/G1/TJPE37079202109231632362397112;False;2021-09-22 22:59:57.123;Erro no arquivo
27;650426490;TJPE61481202109231632362389912;2dff0681e0988195e65af6e7ebe656c208ea0d211de1faa1bcc365d8d8f0c76c;7;1632362389921;;0;0;0;TJPE;G1;;2021/TJPE/09/G1/TJPE61481202109231632362389912;False;2021-09-22 22:59:49.921;Erro no arquivo
28;650426476;TJPE76998202109231632362385071;0ff424cdeb8694f91e3ea7c4ef43c1e3c58bda467bce817ed814ad25de081932;7;1632362385097;;0;0;0;TJPE;G1;;2021/TJPE/09/G1/TJPE76998202109231632362385071;False;2021-09-22 22:59:45.097;Erro no arquivo
29;650426433;TJPE48819202109231632362373493;73087c9ae2f9070cb87191c67d9da7fdd350f22c76473c9b8fd35d3a6dafb756;7;1632362373505;;0;0;0;TJPE;G1;;2021/TJPE/09/G1/TJPE48819202109231632362373493;False;2021-09-22 22:59:33.505;Erro no arquivo
30;650426423;TJPE77634202109231632362368108;7b62c3e46ee39226efab68e9a6ca3c2a754712e815fc716e7f269b61f78bc08b;7;1632362368131;;0;0;0;TJPE;G1;;2021/TJPE/09/G1/TJPE77634202109231632362368108;False;2021-09-22 22:59:28.131;Erro no arquivo
31;650426417;TJPE44329202109231632362363866;c1220b456da986ccb6074012350468a45abdfd4eb1c853953649ae5ac92e86c7;7;1632362363880;;0;0;0;TJPE;G1;;2021/TJPE/09/G1/TJPE44329202109231632362363866;False;2021-09-22 22:59:23.880;Erro no arquivo
32;650426412;TJPE32542202109231632362360969;05745502c6e4a98b0ab7989248371b16f30be35088a26541719144a65fabb859;7;1632362360974;;0;0;0;TJPE;G1;;2021/TJPE/09/G1/TJPE32542202109231632362360969;False;2021-09-22 22:59:20.974;Erro no arquivo
33;650426405;TJPE84778202109231632362358853;1f9ec8bfab631171b0a5ff73add6c994c532a29676c035c70d2317f798b0f8b4;7;1632362358862;;0;0;0;TJPE;G1;;2021/TJPE/09/G1/TJPE84778202109231632362358853;False;2021-09-22 22:59:18.862;Erro no arquivo
34;650426400;TJPE17382202109231632362356887;d756b34b6bff86123a6c75c7206ab3a192e06b15a0051b9ba79c57566b28b6b9;7;1632362356895;;0;0;0;TJPE;G1;;2021/TJPE/09/G1/TJPE17382202109231632362356887;False;2021-09-22 22:59:16.895;Erro no arquivo
35;650426399;TJPE91800202109231632362354962;b284aaf3b0d0e339a183f116310aa415fa0d9c1467061c4d68395fc7be96ab54;7;1632362354970;;0;0;0;TJPE;G1;;2021/TJPE/09/G1/TJPE91800202109231632362354962;False;2021-09-22 22:59:14.970;Erro no arquivo
36;650426393;TJPE53544202109231632362352472;2cd27b87c16a9ccc88cdf8b46410835be47186e5a5c6eb626592a58b4bd4c249;7;1632362352481;;0;0;0;TJPE;G1;;2021/TJPE/09/G1/TJPE53544202109231632362352472;False;2021-09-22 22:59:12.481;Erro no arquivo
37;650426380;TJPE54177202109231632362349015;e1592a1f77dd7e6d8249f6478028a7f6d91f9b828704010c1b64265448215f5f;7;1632362349036;;0;0;0;TJPE;G1;;2021/TJPE/09/G1/TJPE54177202109231632362349015;False;2021-09-22 22:59:09.036;Erro no arquivo
38;650426377;TJPE22898202109231632362346880;96ed43faa22a8a269ab5e15eaf29467b58dd6787e1334d5732942cd7cc6a2296;7;1632362346890;;0;0;0;TJPE;G1;;2021/TJPE/09/G1/TJPE22898202109231632362346880;False;2021-09-22 22:59:06.890;Erro no arquivo
39;650426374;TJPE21165202109231632362344805;01302f08dc90c78791e20c859c2130b9053488ce1244e76a74c47ef07fd52250;7;1632362344828;;0;0;0;TJPE;G1;;2021/TJPE/09/G1/TJPE21165202109231632362344805;False;2021-09-22 22:59:04.828;Erro no arquivo
0;650426365;TJPE87418202109231632362342687;c86ad8c5b48cc36828cc05e03c2a44b14ad9de5a05a9a9e0c8e8ba63098650a9;7;1632362342696;;0;0;0;TJPE;G1;;2021/TJPE/09/G1/TJPE87418202109231632362342687;False;2021-09-22 22:59:02.696;Erro no arquivo
1;650426362;TJPE99977202109231632362340042;563ef212f0f411cfe39720ea4b8c2140abbd9c126dff3d7d28bda680b072703f;7;1632362340050;;0;0;0;TJPE;G1;;2021/TJPE/09/G1/TJPE99977202109231632362340042;False;2021-09-22 22:59:00.050;Erro no arquivo
2;650426360;TJPE23648202109231632362337538;7b9c5c709c6cbc8343424d5f900c78aedb823af94a55a4d7e474bf4bf65bb075;7;1632362337550;;0;0;0;TJPE;G1;;2021/TJPE/09/G1/TJPE23648202109231632362337538;False;2021-09-22 22:58:57.550;Erro no arquivo
3;650426355;TJPE19108202109231632362335715;c0a09a95454104df0dbee2898fb40468fb181b10b2a97e14303adb10fe90519c;7;1632362335723;;0;0;0;TJPE;G1;;2021/TJPE/09/G1/TJPE19108202109231632362335715;False;2021-09-22 22:58:55.723;Erro no arquivo
4;650426342;TJPE55423202109231632362333726;ebba50269064e799a37da63de80b2f05636bf8e7ec86763cdbf8cd46a646f4ba;3;1632362333740;;91;91;0;TJPE;G1;1208372.0;2021/TJPE/09/G1/TJPE55423202109231632362333726;False;2021-09-22 22:58:53.740;Processado com sucesso
5;650426334;TJPE82254202109231632362331620;151eef9556ab6491ed446d7a4746e379e1ec11f42a2fc3435af9503c5f8308aa;3;1632362331628;;100;100;0;TJPE;JE;955211.0;2021/TJPE/09/JE/TJPE82254202109231632362331620;False;2021-09-22 22:58:51.628;Processado com sucesso
6;650426320;TJPE74942202109231632362325525;7f2a8c5ec998748c9fa49e04f66d4f644e9899e9f7ab8ccce486484eefe9b733;7;1632362325545;;0;0;0;TJPE;G1;;2021/TJPE/09/G1/TJPE74942202109231632362325525;False;2021-09-22 22:58:45.545;Erro no arquivo
7;650426310;TJPE66855202109231632362321310;353db88bfc86b7ceae77c16ea5ae92730d7dfaf6cba3e3a3cdd89fff7a68c46b;3;1632362321317;;94;94;0;TJPE;G1;828873.0;2021/TJPE/09/G1/TJPE66855202109231632362321310;False;2021-09-22 22:58:41.317;Processado com sucesso
8;650426299;TJPE16270202109231632362316232;5363c6ebfdee4939382374673aa765a6e5c9c86b3708402ef79040c947078bb9;7;1632362316237;;0;0;0;TJPE;G1;;2021/TJPE/09/G1/TJPE16270202109231632362316232;False;2021-09-22 22:58:36.237;Erro no arquivo
9;650426291;TJPE32343202109231632362311255;17a0ca927d070b726caae7c34be046c38ff8a6911651f4a98abf2082574f087f;7;1632362311263;;0;0;0;TJPE;G1;;2021/TJPE/09/G1/TJPE32343202109231632362311255;False;2021-09-22 22:58:31.263;Erro no arquivo
10;650426284;TJPE59741202109231632362305344;dec28d9d2510f0617f0b09d92d4be36dbefbaad5c437cf15acc2dd80f50ac3e8;7;1632362305351;;0;0;0;TJPE;G1;;2021/TJPE/09/G1/TJPE59741202109231632362305344;False;2021-09-22 22:58:25.351;Erro no arquivo
11;650426277;TJPE22097202109231632362302433;be290cecf3c43b37436e616e7a4c22cb012319ecc44058d47f69e10281226334;7;1632362302445;;0;0;0;TJPE;G1;;2021/TJPE/09/G1/TJPE22097202109231632362302433;False;2021-09-22 22:58:22.445;Erro no arquivo
12;650426262;TJPE24870202109231632362296148;f3bf142ff146fafaf6afe72b53d16c0a366b088182b7d71bc272247f98947c9c;7;1632362296154;;0;0;0;TJPE;G1;;2021/TJPE/09/G1/TJPE24870202109231632362296148;False;2021-09-22 22:58:16.154;Erro no arquivo
13;650426252;TJPE83631202109231632362293394;8c1f1efde0e9abf0f07f9ad52577f804fca89d8671e90f773ad65a377cd2fa0b;7;1632362293403;;0;0;0;TJPE;G1;;2021/TJPE/09/G1/TJPE83631202109231632362293394;False;2021-09-22 22:58:13.403;Erro no arquivo
14;650426233;TJPE51450202109231632362289220;5c5dbf1d9c58613d11bfa540393db0b154b17d39b549d81207dea589fad568f5;7;1632362289232;;0;0;0;TJPE;G1;;2021/TJPE/09/G1/TJPE51450202109231632362289220;False;2021-09-22 22:58:09.232;Erro no arquivo
15;650426226;TJPE53708202109231632362285152;ad803d0b0e9d2a12bd976c48b61411dd4fc195f8f5bbd11f39c0bca63921e6ce;7;1632362285166;;0;0;0;TJPE;G1;;2021/TJPE/09/G1/TJPE53708202109231632362285152;False;2021-09-22 22:58:05.166;Erro no arquivo
16;650426204;TJPE26249202109231632362276483;277fc96b10b302b38428e4bd4f12afd9e60672e63b392d0a704369156d5e8256;7;1632362276492;;0;0;0;TJPE;G1;;2021/TJPE/09/G1/TJPE26249202109231632362276483;False;2021-09-22 22:57:56.492;Erro no arquivo
17;650426197;TJPE26324202109231632362273681;28d66cb51c71b9f12bb0658c2e2a32b6d1c84ba536aff85229e225d2c6c52318;7;1632362273686;;0;0;0;TJPE;G1;;2021/TJPE/09/G1/TJPE26324202109231632362273681;False;2021-09-22 22:57:53.686;Erro no arquivo
18;650426186;TJPE98798202109231632362268991;5c99d74af81c56007e24460a4d25539fae6a20aec428f655919d8e4d05a81c65;7;1632362269000;;0;0;0;TJPE;G1;;2021/TJPE/09/G1/TJPE98798202109231632362268991;False;2021-09-22 22:57:49.000;Erro no arquivo
19;650426174;TJPE27796202109231632362263996;1abb3accfe8e3ad86898bdd299458f4406869be8a49d362b290eda6d332a44f1;7;1632362264004;;0;0;0;TJPE;G1;;2021/TJPE/09/G1/TJPE27796202109231632362263996;False;2021-09-22 22:57:44.004;Erro no arquivo
20;650426163;TJPE85822202109231632362259651;364205f830598ae93e10778a4c78e3c61fc04744c9eaf129e06c1953a32b7fc3;7;1632362259659;;0;0;0;TJPE;G1;;2021/TJPE/09/G1/TJPE85822202109231632362259651;False;2021-09-22 22:57:39.659;Erro no arquivo
21;650426137;TJPE69871202109231632362255172;a56b3bbfac5402afba86d6c4ad71567cf9162b1cf234419973f02a649473c90e;7;1632362255188;;0;0;0;TJPE;G1;;2021/TJPE/09/G1/TJPE69871202109231632362255172;False;2021-09-22 22:57:35.188;Erro no arquivo
22;650426128;TJPE82789202109231632362250027;9d80aab5f1d652f178b389a6fd2828622ca1c55f9daf0d193a92dee83c3f95c0;3;1632362250039;;100;100;0;TJPE;JE;1064632.0;2021/TJPE/09/JE/TJPE82789202109231632362250027;False;2021-09-22 22:57:30.039;Processado com sucesso
23;650426125;TJPE93149202109231632362247259;eafaec835a8585f8fda4fa0740037288be573b867d91f8bf78d428038881bb0a;3;1632362247273;;100;100;0;TJPE;JE;1152346.0;2021/TJPE/09/JE/TJPE93149202109231632362247259;False;2021-09-22 22:57:27.273;Processado com sucesso
24;650426103;TJPE54110202109231632362240641;c8ba2a3eff3c2329669a5b55dab793ea211cfa17785b28e25ff99fc794460e9d;7;1632362240659;;0;0;0;TJPE;G1;;2021/TJPE/09/G1/TJPE54110202109231632362240641;False;2021-09-22 22:57:20.659;Erro no arquivo
25;650426084;TJPE37537202109231632362232798;71cf059435374db8c32b16b5e9146b78e7361fbe709ba22e5e616fc40c7fabd8;7;1632362232820;;0;0;0;TJPE;G1;;2021/TJPE/09/G1/TJPE37537202109231632362232798;False;2021-09-22 22:57:12.820;Erro no arquivo
26;650426045;TJPE86584202109231632362225907;dd99d35854cb8a8cf49c962f796144d1840e4540f273a7fcd27834b8c8bde387;3;1632362225919;;100;100;0;TJPE;JE;982673.0;2021/TJPE/09/JE/TJPE86584202109231632362225907;False;2021-09-22 22:57:05.919;Processado com sucesso
27;650426011;TJPE16907202109231632362218213;2bcd881de7025d972be4fd54d3dedaa5ec292c7ea0a9c5ad505d1173648c24b9;7;1632362218223;;0;0;0;TJPE;G1;;2021/TJPE/09/G1/TJPE16907202109231632362218213;False;2021-09-22 22:56:58.223;Erro no arquivo
28;650425978;TJPE15739202109231632362208074;c12df28bfcc4332106b4aecbbcac0f686ba6dee8c5c12c44362b009fff65c80e;7;1632362208085;;0;0;0;TJPE;G1;;2021/TJPE/09/G1/TJPE15739202109231632362208074;False;2021-09-22 22:56:48.085;Erro no arquivo
29;650425960;TJPE38727202109231632362203270;f269cefbca9ba9980e2507209631fde88329c12649fc0ebc2e341dfdd57ed528;7;1632362203278;;0;0;0;TJPE;G1;;2021/TJPE/09/G1/TJPE38727202109231632362203270;False;2021-09-22 22:56:43.278;Erro no arquivo
30;650425949;TJPE88623202109231632362197564;7ee843dbc6a68cdb41ef5b6af9d2defe15610a20aa6bacdc29b48f8817a34529;7;1632362197571;;0;0;0;TJPE;G1;;2021/TJPE/09/G1/TJPE88623202109231632362197564;False;2021-09-22 22:56:37.571;Erro no arquivo
31;650425933;TJPE35624202109231632362192005;ac67325e0306260c5681f228689829784e7c566a795c05cf43ba5dc7eecb233b;7;1632362192013;;0;0;0;TJPE;G1;;2021/TJPE/09/G1/TJPE35624202109231632362192005;False;2021-09-22 22:56:32.013;Erro no arquivo
32;650425923;TJPE64363202109231632362186440;d7f2b5b6c3dcff43cf29e6fad949c180e7265dbea53ffea66d986fd1e9362409;7;1632362186448;;0;0;0;TJPE;G1;;2021/TJPE/09/G1/TJPE64363202109231632362186440;False;2021-09-22 22:56:26.448;Erro no arquivo
33;650425899;TJPE21234202109231632362177920;ee65608d45bb7041be47dc758d81487df2ec87c0bcddfc7fcb5abbb6c72cdc12;7;1632362177928;;0;0;0;TJPE;G1;;2021/TJPE/09/G1/TJPE21234202109231632362177920;False;2021-09-22 22:56:17.928;Erro no arquivo
34;650425886;TJPE72391202109231632362174313;ef4f5cbc290a29bed3a81e79578427da6515d0c5581a4970dc255e5220b3afb6;7;1632362174321;;0;0;0;TJPE;G1;;2021/TJPE/09/G1/TJPE72391202109231632362174313;False;2021-09-22 22:56:14.321;Erro no arquivo
35;650425872;TJPE74607202109231632362168561;56e6e766d48cbf8c944b54b6af1bf024f01f80b50ed6cfe7a55dced2379a13dd;7;1632362168571;;0;0;0;TJPE;G1;;2021/TJPE/09/G1/TJPE74607202109231632362168561;False;2021-09-22 22:56:08.571;Erro no arquivo
36;650425863;TJPE57884202109231632362162932;fdfd0f1b5589bcfc759a036dfbb236fbfc1ff3173d5a0f461eb396edd7cc4506;3;1632362162952;;100;100;0;TJPE;G1;1400973.0;2021/TJPE/09/G1/TJPE57884202109231632362162932;False;2021-09-22 22:56:02.952;Processado com sucesso
37;650425846;TJPE77641202109231632362155907;d471a3a23070fa86ef38732e276d8efb97f3cb4cfa59fc553a106bf6e7f952d0;7;1632362155919;;0;0;0;TJPE;G1;;2021/TJPE/09/G1/TJPE77641202109231632362155907;False;2021-09-22 22:55:55.919;Erro no arquivo
38;650425837;TJPE36510202109231632362150897;3a007578b6a9b765afd07eb0c0bcf4ec806e619021dac11b1c3899652905feb5;7;1632362150910;;0;0;0;TJPE;G1;;2021/TJPE/09/G1/TJPE36510202109231632362150897;False;2021-09-22 22:55:50.910;Erro no arquivo
39;650425822;TJPE18285202109231632362144231;adc7a9f9cbd36a4b739db02573ce794a9bc83fa25160dcac02360bd140368843;7;1632362144239;;0;0;0;TJPE;G1;;2021/TJPE/09/G1/TJPE18285202109231632362144231;False;2021-09-22 22:55:44.239;Erro no arquivo
0;650425811;TJPE54541202109231632362138057;1aa62b2be255d11bb2ff52d2518d084d23f5210156e2e2e880eb05e28a12d173;7;1632362138067;;0;0;0;TJPE;G1;;2021/TJPE/09/G1/TJPE54541202109231632362138057;False;2021-09-22 22:55:38.067;Erro no arquivo
1;650425804;TJPE14804202109231632362133020;eb675cc4db65d10730a9bb14796a838c455df1c6c5b63f31864538f39f334c63;7;1632362133037;;0;0;0;TJPE;G1;;2021/TJPE/09/G1/TJPE14804202109231632362133020;False;2021-09-22 22:55:33.037;Erro no arquivo
2;650425796;TJPE34748202109231632362128170;481f2a32bbf3c474991e12a6506cb3be39309d56cf38b339835d45dc9330b151;7;1632362128179;;0;0;0;TJPE;G1;;2021/TJPE/09/G1/TJPE34748202109231632362128170;False;2021-09-22 22:55:28.179;Erro no arquivo
3;650425788;TJPE14790202109231632362126287;163c916a5e37db365be07eeec564d5abe16033756f15b82a6e74092d29d7c666;3;1632362126298;;100;100;0;TJPE;JE;1326639.0;2021/TJPE/09/JE/TJPE14790202109231632362126287;False;2021-09-22 22:55:26.298;Processado com sucesso
4;650425781;TJPE46781202109231632362124288;54baaa9647f407c54a57133acb68dd737bb882bab8a92fc163f255c484b9a68d;7;1632362124299;;0;0;0;TJPE;G1;;2021/TJPE/09/G1/TJPE46781202109231632362124288;False;2021-09-22 22:55:24.299;Erro no arquivo
5;650425775;TJPE18376202109231632362122104;8d40bd320d6cdf34b00644855b3db4836736bf1ef0661c7a14ed75e7778005a5;3;1632362122123;;100;100;0;TJPE;JE;1023740.0;2021/TJPE/09/JE/TJPE18376202109231632362122104;False;2021-09-22 22:55:22.123;Processado com sucesso
6;650425768;TJPE21342202109231632362120362;b326759782cf46e6bbaae85fcda9ff4ea59aedb8298c818adc6fa838660c26e4;7;1632362120374;;0;0;0;TJPE;G1;;2021/TJPE/09/G1/TJPE21342202109231632362120362;False;2021-09-22 22:55:20.374;Erro no arquivo
7;650425763;TJPE96226202109231632362118563;57cb7c05d6f34172b6304af235ccfab09313793cef2d9779790c6c10f37cbcac;7;1632362118576;;0;0;0;TJPE;G1;;2021/TJPE/09/G1/TJPE96226202109231632362118563;False;2021-09-22 22:55:18.576;Erro no arquivo
8;650425758;TJPE24571202109231632362116725;8c58ab2480330fd3d3945a173f6890dac8401c3ec6ee02a9afba738083281533;7;1632362116733;;0;0;0;TJPE;G1;;2021/TJPE/09/G1/TJPE24571202109231632362116725;False;2021-09-22 22:55:16.733;Erro no arquivo
9;650425748;TJPE12373202109231632362113612;88b23a410f38a1a9f74a38074f8e16282ec88e018360917cdfa31676955e4972;7;1632362113623;;0;0;0;TJPE;G1;;2021/TJPE/09/G1/TJPE12373202109231632362113612;False;2021-09-22 22:55:13.623;Erro no arquivo
10;650425728;TJPE75814202109231632362110291;7b6bf22ca65ff170e676773db14a434b9e97a86063e5b86e9130b17fcb52e475;7;1632362110306;;0;0;0;TJPE;G1;;2021/TJPE/09/G1/TJPE75814202109231632362110291;False;2021-09-22 22:55:10.306;Erro no arquivo
11;650425727;TJPE41299202109231632362108340;20d97a91b69baa1c66903d300802c2183045e27e516acdb399f8f95c2308930c;7;1632362108351;;0;0;0;TJPE;G1;;2021/TJPE/09/G1/TJPE41299202109231632362108340;False;2021-09-22 22:55:08.351;Erro no arquivo
12;650425720;TJPE66641202109231632362106670;17bd786f6d2aabe2f8159e416dce6779202926b9191b105076ab293c66fdfca2;7;1632362106678;;0;0;0;TJPE;G1;;2021/TJPE/09/G1/TJPE66641202109231632362106670;False;2021-09-22 22:55:06.678;Erro no arquivo
13;650425719;TJPE64685202109231632362104740;ce738365b48d37860e10cef8575625a9d5db4b934b0bb31ae3f9b528091d8c6f;7;1632362104747;;0;0;0;TJPE;G1;;2021/TJPE/09/G1/TJPE64685202109231632362104740;False;2021-09-22 22:55:04.747;Erro no arquivo
14;650425716;TJPE93733202109231632362102923;998307ee5aad2235174c15d5cb0096dc8620d13883e557d5138c3ee4ffd5f542;7;1632362102947;;0;0;0;TJPE;G1;;2021/TJPE/09/G1/TJPE93733202109231632362102923;False;2021-09-22 22:55:02.947;Erro no arquivo
15;650425711;TJPE24148202109231632362100675;53395bd2f07f12b64777e89e6b58db09cd1e02e69a7a6c4bf7fdc67d4b37addc;7;1632362100694;;0;0;0;TJPE;G1;;2021/TJPE/09/G1/TJPE24148202109231632362100675;False;2021-09-22 22:55:00.694;Erro no arquivo
16;650425706;TJPE75798202109231632362098346;8dfab94e5e124f4fa3bf0ae6834a91bc6882db77950c3e11505ad0f269ba3f73;3;1632362098355;;93;93;0;TJPE;G1;1140558.0;2021/TJPE/09/G1/TJPE75798202109231632362098346;False;2021-09-22 22:54:58.355;Processado com sucesso
17;650425679;TJPE37737202109231632362084415;5e83b1188d6eeec51c9f19e031cef2192c28e9dc1dffa83df2010a5624c18b26;3;1632362084429;;100;100;0;TJPE;G1;1789155.0;2021/TJPE/09/G1/TJPE37737202109231632362084415;False;2021-09-22 22:54:44.429;Processado com sucesso
18;650425652;TJPE81071202109231632362071937;8898587556bf62f8aaeab27c25803933acaa4d2c306606a21b1b3d25e6d58d4c;3;1632362071950;;100;100;0;TJPE;JE;1147929.0;2021/TJPE/09/JE/TJPE81071202109231632362071937;False;2021-09-22 22:54:31.950;Processado com sucesso
19;650425646;TJPE20714202109231632362066714;645cfab41c8b8ca6bca7cd5888909316952fa26155f43f5eca9a529c3f424c86;7;1632362066719;;0;0;0;TJPE;G1;;2021/TJPE/09/G1/TJPE20714202109231632362066714;False;2021-09-22 22:54:26.719;Erro no arquivo
20;650425640;TJPE29324202109231632362062053;d4f67cd9509956253ffd5d35e156f968805a1efd72b23e67dd4ec9dcca3f89a6;7;1632362062062;;0;0;0;TJPE;G1;;2021/TJPE/09/G1/TJPE29324202109231632362062053;False;2021-09-22 22:54:22.062;Erro no arquivo
21;650425624;TJPE42284202109231632362057617;5052bd88c7410fb410d7970ed0d67d73afb61bc9d3ae31b573b09ca5babdac6d;7;1632362057625;;0;0;0;TJPE;G1;;2021/TJPE/09/G1/TJPE42284202109231632362057617;False;2021-09-22 22:54:17.625;Erro no arquivo
22;650425599;TJPE71731202109231632362047715;977dec35d4e9d5c9cd3a8d51fd80b5827c1cf2c1b8b8848a1caa685c735303f6;7;1632362047726;;0;0;0;TJPE;G1;;2021/TJPE/09/G1/TJPE71731202109231632362047715;False;2021-09-22 22:54:07.726;Erro no arquivo
23;650425594;TJPE60848202109231632362044698;ad510e889e2a2e24f7344dd8b0c4b4833daf7f36ef8a35e60e8f58fb34af8592;7;1632362044708;;0;0;0;TJPE;G1;;2021/TJPE/09/G1/TJPE60848202109231632362044698;False;2021-09-22 22:54:04.708;Erro no arquivo
24;650425575;TJPE82477202109231632362036830;81315371fa18d87bdfa1bdb4c6e3be3ce51a0cc5e453d3e24f0c9d72d1e6da20;7;1632362036837;;0;0;0;TJPE;G1;;2021/TJPE/09/G1/TJPE82477202109231632362036830;False;2021-09-22 22:53:56.837;Erro no arquivo
25;650425562;TJPE30958202109231632362032359;5c037e68c3ba9bd212201bfdf33acb208d62a0e334d80469400bee922297d0f6;7;1632362032367;;0;0;0;TJPE;G1;;2021/TJPE/09/G1/TJPE30958202109231632362032359;False;2021-09-22 22:53:52.367;Erro no arquivo
26;650425554;TJPE55089202109231632362027595;f54053b727cea0a062d9837eaff8c5995bd3fb36bc0297f5be2fe304bb8c8e60;7;1632362027603;;0;0;0;TJPE;G1;;2021/TJPE/09/G1/TJPE55089202109231632362027595;False;2021-09-22 22:53:47.603;Erro no arquivo
27;650425549;TJPE80665202109231632362022995;4793f89c60b3368900c5e799aace741b22552138ea7c7311ff8db335519cf153;3;1632362023004;;100;100;0;TJPE;JE;1227196.0;2021/TJPE/09/JE/TJPE80665202109231632362022995;False;2021-09-22 22:53:43.004;Processado com sucesso
28;650425541;TJPE44094202109231632362018723;923a2a168a3f9bd9bbf61f3ff2c91aa158c98a0c9bd9a872404fa31850e99e40;7;1632362018732;;0;0;0;TJPE;JE;;2021/TJPE/09/JE/TJPE44094202109231632362018723;False;2021-09-22 22:53:38.732;Erro no arquivo
29;650425535;TJPE37672202109231632362016623;eb46a37e967c46a0e89336192e2e89e44a7833a7459cfa6c558766804172f8fa;7;1632362016632;;0;0;0;TJPE;G1;;2021/TJPE/09/G1/TJPE37672202109231632362016623;False;2021-09-22 22:53:36.632;Erro no arquivo
30;650425533;TJPE52462202109231632362014753;bc0d897459230f1cfc9bd1c0a9bb66e69c78b56099b37be2764053d7d2934093;7;1632362014762;;0;0;0;TJPE;G1;;2021/TJPE/09/G1/TJPE52462202109231632362014753;False;2021-09-22 22:53:34.762;Erro no arquivo
31;650425531;TJPE82670202109231632362012900;32d6a35833236bea543555909cbfdc3542baabbb9f96db5e663eedb866d9dfab;7;1632362012912;;0;0;0;TJPE;G1;;2021/TJPE/09/G1/TJPE82670202109231632362012900;False;2021-09-22 22:53:32.912;Erro no arquivo
32;650425521;TJPE48446202109231632362011013;b703c2775eb3a4664aa45f6150b9e0962ccfdf56fe5b5b0c9f5bd6db7f74d072;7;1632362011067;;0;0;0;TJPE;G1;;2021/TJPE/09/G1/TJPE48446202109231632362011013;False;2021-09-22 22:53:31.067;Erro no arquivo
33;650425513;TJPE85659202109231632362009465;475232fdc1171f58269ba289a78b4a153ef9a67f9309f3626dc038d50da9336b;7;1632362009472;;0;0;0;TJPE;G1;;2021/TJPE/09/G1/TJPE85659202109231632362009465;False;2021-09-22 22:53:29.472;Erro no arquivo
34;650425508;TJPE20835202109231632362007741;a6c0dd51087fd16299017a12fde603def08f6f9c83038189ada7ec07a08f1d1d;7;1632362007750;;0;0;0;TJPE;G1;;2021/TJPE/09/G1/TJPE20835202109231632362007741;False;2021-09-22 22:53:27.750;Erro no arquivo
35;650425499;TJPE89118202109231632362005612;552378e39d3f5a29abbc41b72fec565008e82bb8d172c5f9dd3367894b0bf30b;7;1632362005623;;0;0;0;TJPE;G1;;2021/TJPE/09/G1/TJPE89118202109231632362005612;False;2021-09-22 22:53:25.623;Erro no arquivo
36;650425486;TJPE40874202109231632362002972;0341326d28e71a13c61835c47df56f4a0c87bb18f389bc24c751699564f2b93e;7;1632362002984;;0;0;0;TJPE;G1;;2021/TJPE/09/G1/TJPE40874202109231632362002972;False;2021-09-22 22:53:22.984;Erro no arquivo
37;650425477;TJPE89831202109231632362001099;04e4c26d88d1c76743a5b195da7416c333ed5fe03f8b8d239a53a1c0078becf2;7;1632362001109;;0;0;0;TJPE;G1;;2021/TJPE/09/G1/TJPE89831202109231632362001099;False;2021-09-22 22:53:21.109;Erro no arquivo
38;650425470;TJPE79994202109231632361998735;5f2168de56e0f359dba6c3b70ab67f4c6ec43b8cf2ecec8c6e3a971a30d99a01;7;1632361998744;;0;0;0;TJPE;G1;;2021/TJPE/09/G1/TJPE79994202109231632361998735;False;2021-09-22 22:53:18.744;Erro no arquivo
39;650425464;TJPE93029202109231632361996921;f11a366f8bd9532d0c32c9fb1bdd2dcd17e451e36ef7cd12d54fa66d0ffbea9e;7;1632361996934;;0;0;0;TJPE;G1;;2021/TJPE/09/G1/TJPE93029202109231632361996921;False;2021-09-22 22:53:16.934;Erro no arquivo
0;650425454;TJPE60768202109231632361992513;5aee0baad760ccb89a7d08f943e551457b87a98a912a7a57878ef5121e056c23;7;1632361992521;;0;0;0;TJPE;G1;;2021/TJPE/09/G1/TJPE60768202109231632361992513;False;2021-09-22 22:53:12.521;Erro no arquivo
1;650425444;TJPE63383202109231632361990492;23f472b48b56c1159ce17e95c79a4db5e0ed1f15b8d605336dbd8eca42a08673;3;1632361990505;;100;100;0;TJPE;JE;996069.0;2021/TJPE/09/JE/TJPE63383202109231632361990492;False;2021-09-22 22:53:10.505;Processado com sucesso
2;650425436;TJPE18361202109231632361988578;15a96189e9bf8218c7af69ea4008bc791381ecce45ad41cc7691f1afc8a0c23a;7;1632361988593;;0;0;0;TJPE;G1;;2021/TJPE/09/G1/TJPE18361202109231632361988578;False;2021-09-22 22:53:08.593;Erro no arquivo
3;650425432;TJPE12845202109231632361986357;5989804b574360c8c944c59c79a87b9f7d1ceeff9d26e1c53a7760f4d701df3c;7;1632361986366;;0;0;0;TJPE;G1;;2021/TJPE/09/G1/TJPE12845202109231632361986357;False;2021-09-22 22:53:06.366;Erro no arquivo
4;650425429;TJPE72536202109231632361984535;2f0c830854b458b232a009df8c4bcff5cb09480f6f940ce8ae1d89eb243aca4e;3;1632361984545;;100;100;0;TJPE;JE;1104132.0;2021/TJPE/09/JE/TJPE72536202109231632361984535;False;2021-09-22 22:53:04.545;Processado com sucesso
5;650425427;TJPE19802202109231632361982607;cf9339f6f6c19bb4a71e98683adc7ecd715575183c8bb34df01666f03a47cd1d;7;1632361982625;;0;0;0;TJPE;G1;;2021/TJPE/09/G1/TJPE19802202109231632361982607;False;2021-09-22 22:53:02.625;Erro no arquivo
6;650425418;TJPE62386202109231632361980015;005850d0341576016c8ee87b223d3edb7d765078e0c96b567e163d5c0d5dad64;7;1632361980024;;0;0;0;TJPE;G1;;2021/TJPE/09/G1/TJPE62386202109231632361980015;False;2021-09-22 22:53:00.024;Erro no arquivo
7;650425409;TJPE69018202109231632361977775;77b816f893560e90a6fb9f7117da73251e52164ce20dde573674d1302cff1d0a;7;1632361977794;;0;0;0;TJPE;G1;;2021/TJPE/09/G1/TJPE69018202109231632361977775;False;2021-09-22 22:52:57.794;Erro no arquivo
8;650425400;TJPE10071202109231632361975963;2031572dab96b2fbbb0d65c4cbf99915eba84312ece9625b39f9757170ada2ee;7;1632361975977;;0;0;0;TJPE;G1;;2021/TJPE/09/G1/TJPE10071202109231632361975963;False;2021-09-22 22:52:55.977;Erro no arquivo
9;650425393;TJPE94575202109231632361973853;55f8d59bb4357298844f605a81ad372f03ada6778d676e2cfcec877678e4310e;7;1632361973861;;0;0;0;TJPE;G1;;2021/TJPE/09/G1/TJPE94575202109231632361973853;False;2021-09-22 22:52:53.861;Erro no arquivo
10;650425390;TJPE84773202109231632361972035;9428dcea20899313b83248519692a9ad9fddfc31cabbfa9bd9fa5bace27361b7;7;1632361972046;;0;0;0;TJPE;G1;;2021/TJPE/09/G1/TJPE84773202109231632361972035;False;2021-09-22 22:52:52.046;Erro no arquivo
11;650425386;TJPE32707202109231632361970119;9cb4f4176c2775c84404687dfa362a655c98e080321d8abf751dd83099a536e1;7;1632361970128;;0;0;0;TJPE;G1;;2021/TJPE/09/G1/TJPE32707202109231632361970119;False;2021-09-22 22:52:50.128;Erro no arquivo
12;650425381;TJPE57804202109231632361967782;1d0358f0bc9d3123b66de68956883485440527fc8d01bda8739cfcfe4399bf29;7;1632361967795;;0;0;0;TJPE;G1;;2021/TJPE/09/G1/TJPE57804202109231632361967782;False;2021-09-22 22:52:47.795;Erro no arquivo
13;650425371;TJPE50305202109231632361965977;ae46aa43ef7ebd27f4716609a1c097b17ae18462b21e381da6e898154cf8e3c0;7;1632361965985;;0;0;0;TJPE;G1;;2021/TJPE/09/G1/TJPE50305202109231632361965977;False;2021-09-22 22:52:45.985;Erro no arquivo
14;650425360;TJPE95208202109231632361963903;b9136e32c8734c9c3804635cdab31d11582e1c8c12eba6207afa480aea7f00de;7;1632361963920;;0;0;0;TJPE;G1;;2021/TJPE/09/G1/TJPE95208202109231632361963903;False;2021-09-22 22:52:43.920;Erro no arquivo
15;650425355;TJPE83714202109231632361961919;46522d588d612a00c8c0ae7332981975d369578349bebcb4e59c324aea47941d;7;1632361961927;;0;0;0;TJPE;G1;;2021/TJPE/09/G1/TJPE83714202109231632361961919;False;2021-09-22 22:52:41.927;Erro no arquivo
16;650425354;TJPE47125202109231632361959698;ebf2fc6d84dd1c025d077ad311d5c1eda50e0b8361ba60648184972f7793cd56;3;1632361959706;;100;100;0;TJPE;JE;1069402.0;2021/TJPE/09/JE/TJPE47125202109231632361959698;False;2021-09-22 22:52:39.706;Processado com sucesso
17;650425351;TJPE12576202109231632361957696;e39954855e3294b5a745e0188bce90fdb1c74b664b29596501a78e4cf4df8b09;7;1632361957705;;0;0;0;TJPE;G1;;2021/TJPE/09/G1/TJPE12576202109231632361957696;False;2021-09-22 22:52:37.705;Erro no arquivo
18;650425336;TJPE54750202109231632361952809;03dc4a9c5994c177fffe4d1e8d37f34208e443459801c22e03c38a57f59d2a80;7;1632361952824;;0;0;0;TJPE;G1;;2021/TJPE/09/G1/TJPE54750202109231632361952809;False;2021-09-22 22:52:32.824;Erro no arquivo
19;650425325;TJPE99921202109231632361946703;292fa55ef491814aa24e1f9b1aa50d4f44395719bb7c0555c14da5d95480bb7e;7;1632361946711;;0;0;0;TJPE;G1;;2021/TJPE/09/G1/TJPE99921202109231632361946703;False;2021-09-22 22:52:26.711;Erro no arquivo
20;650425316;TJPE15932202109231632361942059;09f6d4053dc6dcde757eb01ba8337d5308dafb140e0943710a20ce014f231145;7;1632361942067;;0;0;0;TJPE;G1;;2021/TJPE/09/G1/TJPE15932202109231632361942059;False;2021-09-22 22:52:22.067;Erro no arquivo
21;650425312;TJPE25315202109231632361937119;e0037c9d603ffbe28f53ebb1993dc18a025400985578fa16437085083228577b;3;1632361937129;;100;100;0;TJPE;G1;1371559.0;2021/TJPE/09/G1/TJPE25315202109231632361937119;False;2021-09-22 22:52:17.129;Processado com sucesso
22;650425304;TJPE51449202109231632361931223;22476d8f07e5e89bf2f1bea1b3b69dced2411cf261a3ba53bb72356089ff2fbe;7;1632361931284;;0;0;0;TJPE;G1;;2021/TJPE/09/G1/TJPE51449202109231632361931223;False;2021-09-22 22:52:11.284;Erro no arquivo
23;650425296;TJPE63835202109231632361926946;15e20f9e862ce48c1771a5f7d22275d5fe0117cb0c45dcd1ec23e63d4b5f4df1;7;1632361926956;;0;0;0;TJPE;G1;;2021/TJPE/09/G1/TJPE63835202109231632361926946;False;2021-09-22 22:52:06.956;Erro no arquivo
24;650425295;TJPE52385202109231632361924535;d02255546a9b0f01d4e6ca84ea0c9d87e9b2497ee0f4a265284d4c926881e8a0;7;1632361924543;;0;0;0;TJPE;G1;;2021/TJPE/09/G1/TJPE52385202109231632361924535;False;2021-09-22 22:52:04.543;Erro no arquivo
25;650425281;TJPE67176202109231632361916253;19dec463cd39ae7d8e11f1a89770d4c14761e889efeed75b58d55f11d3950365;7;1632361916278;;0;0;0;TJPE;G1;;2021/TJPE/09/G1/TJPE67176202109231632361916253;False;2021-09-22 22:51:56.278;Erro no arquivo
26;650425260;TJPE66891202109231632361909053;cd38ea0323a226cd0049d4a6e10efad9a49529e7ab776d946b6ec45545c18529;7;1632361909061;;0;0;0;TJPE;G1;;2021/TJPE/09/G1/TJPE66891202109231632361909053;False;2021-09-22 22:51:49.061;Erro no arquivo
27;650425251;TJPE14823202109231632361904347;1841788b7654b6453e7e1b137f6dab00b5b75f287b19e3212ca58e95a00bd1a2;7;1632361904355;;0;0;0;TJPE;G1;;2021/TJPE/09/G1/TJPE14823202109231632361904347;False;2021-09-22 22:51:44.355;Erro no arquivo
28;650425245;TJPE61222202109231632361901649;d0ccd8b32a64b0936c6219ef5175ea93041c17d9fb9047fd15e85f0867ad10a4;7;1632361901668;;0;0;0;TJPE;G1;;2021/TJPE/09/G1/TJPE61222202109231632361901649;False;2021-09-22 22:51:41.668;Erro no arquivo
29;650425240;TJPE37185202109231632361898708;089fe6881f08c80bda985363c57bece51b89275ca9e430654df3d78506e102c3;7;1632361898718;;0;0;0;TJPE;G1;;2021/TJPE/09/G1/TJPE37185202109231632361898708;False;2021-09-22 22:51:38.718;Erro no arquivo
30;650425238;TJPE80182202109231632361894534;c58403b5a739902db3251a77140fb392f207cbe04f729d972003df012609664f;7;1632361894540;;0;0;0;TJPE;G1;;2021/TJPE/09/G1/TJPE80182202109231632361894534;False;2021-09-22 22:51:34.540;Erro no arquivo
31;650425223;TJPE99865202109231632361891252;10cd6571fc5909cd993598d5ded64ee2a1d2029ba48c51092944672fad5ae536;7;1632361891269;;0;0;0;TJPE;G1;;2021/TJPE/09/G1/TJPE99865202109231632361891252;False;2021-09-22 22:51:31.269;Erro no arquivo
32;650425216;TJPE27363202109231632361887375;82423cc48f4aa55b48b57736263b31a6139211e6e05b76603ecaefaca4f47fab;7;1632361887384;;0;0;0;TJPE;G1;;2021/TJPE/09/G1/TJPE27363202109231632361887375;False;2021-09-22 22:51:27.384;Erro no arquivo
33;650425211;TJPE90140202109231632361884914;5046c41ea8ed3d5b207141d2eaa11756c3cbc82405f35aa73e5e0b6ceff08feb;7;1632361884919;;0;0;0;TJPE;G1;;2021/TJPE/09/G1/TJPE90140202109231632361884914;False;2021-09-22 22:51:24.919;Erro no arquivo
34;650425204;TJPE22940202109231632361883310;c66213ab1533ee30cf2c68671c2d0f0b20596853dbaf916c1dc3f8314a6c2db8;3;1632361883319;;100;100;0;TJPE;JE;1084636.0;2021/TJPE/09/JE/TJPE22940202109231632361883310;False;2021-09-22 22:51:23.319;Processado com sucesso
35;650425201;TJPE77347202109231632361881389;a079f2be862f797857a23ce7d80d5461f40ce437b7effa6e12c326e061284226;3;1632361881404;;96;96;0;TJPE;G1;1070529.0;2021/TJPE/09/G1/TJPE77347202109231632361881389;False;2021-09-22 22:51:21.404;Processado com sucesso
36;650425197;TJPE11056202109231632361879300;a724285ac05bb1b2fc1f11d51489154af055fc9512f872ec9891a8201029e736;7;1632361879319;;0;0;0;TJPE;G1;;2021/TJPE/09/G1/TJPE11056202109231632361879300;False;2021-09-22 22:51:19.319;Erro no arquivo
37;650425195;TJPE25159202109231632361877446;d8c8e2d64ccdd9bd7cf4b5a87dc0b4a4687f970cc3027186a8b3cc63138fcad8;3;1632361877460;;100;100;0;TJPE;JE;1161684.0;2021/TJPE/09/JE/TJPE25159202109231632361877446;False;2021-09-22 22:51:17.460;Processado com sucesso
38;650425188;TJPE32263202109231632361875493;9e80bfe49f7cee9e395786c5b3f080187244dec6c7f7e32249ebea9b7eb47180;7;1632361875502;;0;0;0;TJPE;G1;;2021/TJPE/09/G1/TJPE32263202109231632361875493;False;2021-09-22 22:51:15.502;Erro no arquivo
39;650425185;TJPE52059202109231632361873312;0b423a5caff7dbe64705603b5412acdefe4ab5995ac2fbe2a7f71a0054abc5ef;7;1632361873319;;0;0;0;TJPE;G1;;2021/TJPE/09/G1/TJPE52059202109231632361873312;False;2021-09-22 22:51:13.319;Erro no arquivo
0;650425182;TJPE73676202109231632361871669;4a7d24b8b5db743c3bbd06af82ba76ac7c3fb29b5d5181ae82970b73d9a60ec7;3;1632361871692;;100;100;0;TJPE;JE;1221319.0;2021/TJPE/09/JE/TJPE73676202109231632361871669;False;2021-09-22 22:51:11.692;Processado com sucesso
1;650425177;TJPE92080202109231632361869438;eff731ee6ad88b2eafff2f04ad5caf7067fa61915b3add9853332283c8fe0fa8;3;1632361869459;;100;100;0;TJPE;JE;1162922.0;2021/TJPE/09/JE/TJPE92080202109231632361869438;False;2021-09-22 22:51:09.459;Processado com sucesso
2;650425173;TJPE49895202109231632361867378;16ca174ac7b82b737d23e896a1e1f55428164c269adf113edf091b2260f0e3c3;7;1632361867391;;0;0;0;TJPE;G1;;2021/TJPE/09/G1/TJPE49895202109231632361867378;False;2021-09-22 22:51:07.391;Erro no arquivo
3;650425165;TJPE56107202109231632361865429;ae517b9f442442be8bd075531bdc4c40c6e2aa2d684c7d6fdb1e996ef2cc3206;7;1632361865453;;0;0;0;TJPE;G1;;2021/TJPE/09/G1/TJPE56107202109231632361865429;False;2021-09-22 22:51:05.453;Erro no arquivo
4;650425161;TJPE80101202109231632361862802;5ee1b8d32cbf754934224f7521bb8d097ab9fbe50cec2da1a453ad4959b41883;7;1632361862810;;0;0;0;TJPE;G1;;2021/TJPE/09/G1/TJPE80101202109231632361862802;False;2021-09-22 22:51:02.810;Erro no arquivo
5;650425153;TJPE18118202109231632361861033;fa85e02e77e83529ed784a5810b4ede7f8bb134aa92c127a3d3cbd5198331d26;7;1632361861041;;0;0;0;TJPE;G1;;2021/TJPE/09/G1/TJPE18118202109231632361861033;False;2021-09-22 22:51:01.041;Erro no arquivo
6;650425146;TJPE79429202109231632361859342;42006aa9edf6422f7e3c462e84e16cae7e31ad38774c32b88c447ca3032e9354;7;1632361859368;;0;0;0;TJPE;G1;;2021/TJPE/09/G1/TJPE79429202109231632361859342;False;2021-09-22 22:50:59.368;Erro no arquivo
7;650425142;TJPE50399202109231632361856464;5093b82a1cbd1e6b75f7d2e0f1860392debee6a964a3db98ca7603b2b58afffd;7;1632361856472;;0;0;0;TJPE;G1;;2021/TJPE/09/G1/TJPE50399202109231632361856464;False;2021-09-22 22:50:56.472;Erro no arquivo
8;650425136;TJPE63635202109231632361854732;de213183c53a65cbef08952ea74042dd3b104186303f55c7b6f5d60ebe1e3083;7;1632361854740;;0;0;0;TJPE;G1;;2021/TJPE/09/G1/TJPE63635202109231632361854732;False;2021-09-22 22:50:54.740;Erro no arquivo
9;650425131;TJPE18993202109231632361852733;2530e6bbb3e8ce2709c34c9804b243417ab4830bca67eea32e2b05cdf101aa4a;7;1632361852741;;0;0;0;TJPE;G1;;2021/TJPE/09/G1/TJPE18993202109231632361852733;False;2021-09-22 22:50:52.741;Erro no arquivo
10;650425121;TJPE32241202109231632361850773;4e4007a7d3aa0e085a97dd28d11c503ca73b580805defe4007865441834c1e1f;7;1632361850787;;0;0;0;TJPE;G1;;2021/TJPE/09/G1/TJPE32241202109231632361850773;False;2021-09-22 22:50:50.787;Erro no arquivo
11;650425115;TJPE65510202109231632361848052;28699c28380fcce6faf734ab5fc297f76039165b41cdbbdf8340b1c5f3f1a42b;7;1632361848137;;0;0;0;TJPE;G1;;2021/TJPE/09/G1/TJPE65510202109231632361848052;False;2021-09-22 22:50:48.137;Erro no arquivo
12;650425108;TJPE86498202109231632361846198;99579fc63a9d16451f8e518f7384c3db10bd3315f480357ba05e144da58d5c3b;7;1632361846217;;0;0;0;TJPE;G1;;2021/TJPE/09/G1/TJPE86498202109231632361846198;False;2021-09-22 22:50:46.217;Erro no arquivo
13;650425103;TJPE92718202109231632361844435;c5746a9f87b277b540bfa183a80e3aaa19c1700b189ad2c73d8dfdd41bf13bdb;7;1632361844445;;0;0;0;TJPE;G1;;2021/TJPE/09/G1/TJPE92718202109231632361844435;False;2021-09-22 22:50:44.445;Erro no arquivo
14;650425098;TJPE96000202109231632361842397;c9cdd251608073ed39a909ce8072f5256d986d2722035aa5fddc73808fec95bb;7;1632361842405;;0;0;0;TJPE;G1;;2021/TJPE/09/G1/TJPE96000202109231632361842397;False;2021-09-22 22:50:42.405;Erro no arquivo
15;650425096;TJPE48105202109231632361839159;9cac3b4a09ae1ecce6e0cef5beb90a895b8826dca85abf6f1128e92fa08fc663;7;1632361839169;;0;0;0;TJPE;G1;;2021/TJPE/09/G1/TJPE48105202109231632361839159;False;2021-09-22 22:50:39.169;Erro no arquivo
16;650425091;TJPE76700202109231632361837197;c8c5059b946869e52d5c076a3fd2e0b53cb3695052f7c9e4b29985ab146f4db7;3;1632361837210;;100;100;0;TJPE;JE;1069033.0;2021/TJPE/09/JE/TJPE76700202109231632361837197;False;2021-09-22 22:50:37.210;Processado com sucesso
17;650425087;TJPE76299202109231632361835181;d8d900378380a4b0d500a8ba88d126907d7167d2e96defb7ad172c78ad2adef3;3;1632361835189;;100;100;0;TJPE;JE;1161073.0;2021/TJPE/09/JE/TJPE76299202109231632361835181;False;2021-09-22 22:50:35.189;Processado com sucesso
18;650425081;TJPE93187202109231632361832977;4d6da9448f4852a95409aba9f1e73a615c96abdba6935fb303a852a3b0877091;7;1632361832984;;0;0;0;TJPE;G1;;2021/TJPE/09/G1/TJPE93187202109231632361832977;False;2021-09-22 22:50:32.984;Erro no arquivo
19;650425076;TJPE66363202109231632361831287;a49cd291a7da7c2c8c3c81cc3f3a7610756c7c6a2ac3aa55b931d8aeb15be217;7;1632361831294;;0;0;0;TJPE;G1;;2021/TJPE/09/G1/TJPE66363202109231632361831287;False;2021-09-22 22:50:31.294;Erro no arquivo
20;650425073;TJPE49819202109231632361829540;5aef74f64109e2d51b1a76e96ac9213793e74d46197587b345e44c60123708ba;7;1632361829549;;0;0;0;TJPE;G1;;2021/TJPE/09/G1/TJPE49819202109231632361829540;False;2021-09-22 22:50:29.549;Erro no arquivo
21;650425067;TJPE21508202109231632361827537;31cd5e35783ed370273a59d43d0d1fcad66f3df293358fca9a342fc6a5863ea0;7;1632361827546;;0;0;0;TJPE;G1;;2021/TJPE/09/G1/TJPE21508202109231632361827537;False;2021-09-22 22:50:27.546;Erro no arquivo
22;650425062;TJPE42368202109231632361825396;8908f83eea0e7fd03c79aaf3111e71fcd0503082ce68a607b7f6c89d619c4fd3;7;1632361825408;;0;0;0;TJPE;G1;;2021/TJPE/09/G1/TJPE42368202109231632361825396;False;2021-09-22 22:50:25.408;Erro no arquivo
23;650425058;TJPE57651202109231632361823111;54716af516b87245ff2b830628719bbb2e541976cd27bd81e03aec1ba4b8888f;7;1632361823119;;0;0;0;TJPE;G1;;2021/TJPE/09/G1/TJPE57651202109231632361823111;False;2021-09-22 22:50:23.119;Erro no arquivo
24;650425053;TJPE21617202109231632361820957;e50b018e62116fcac29c20d3e9ad4d1e8c8f14a297516c7c9a6797049c565c93;7;1632361820968;;0;0;0;TJPE;G1;;2021/TJPE/09/G1/TJPE21617202109231632361820957;False;2021-09-22 22:50:20.968;Erro no arquivo
25;650425049;TJPE77520202109231632361819181;4057efa00fe999e0b57483edd7a49e4470eaca97b8de86e76dca5c0c72474629;7;1632361819215;;0;0;0;TJPE;G1;;2021/TJPE/09/G1/TJPE77520202109231632361819181;False;2021-09-22 22:50:19.215;Erro no arquivo
26;650425045;TJPE95116202109231632361816797;fb651ec3bd43bb0756625d3d9d52c036858a5ef4c2605b39d35d9dd6620ff4a4;7;1632361816807;;0;0;0;TJPE;G1;;2021/TJPE/09/G1/TJPE95116202109231632361816797;False;2021-09-22 22:50:16.807;Erro no arquivo
27;650425044;TJPE90349202109231632361814878;fe93719b72f1ad9b6c1cac1b84e7f1ac7c7466fc798b9d186866bd52783baa8b;7;1632361814887;;0;0;0;TJPE;G1;;2021/TJPE/09/G1/TJPE90349202109231632361814878;False;2021-09-22 22:50:14.887;Erro no arquivo
28;650425036;TJPE79628202109231632361812535;aae930a6a8f6d78df0faa1edbc7fddf3f2b2f93ffe4e5af6c99c93d32ddbbbc5;7;1632361812544;;0;0;0;TJPE;G1;;2021/TJPE/09/G1/TJPE79628202109231632361812535;False;2021-09-22 22:50:12.544;Erro no arquivo
29;650425029;TJPE19418202109231632361810879;e7968cc28e561cc943f29b7e6f923c35b5a77176decccb09630717697b520ce7;7;1632361810903;;0;0;0;TJPE;G1;;2021/TJPE/09/G1/TJPE19418202109231632361810879;False;2021-09-22 22:50:10.903;Erro no arquivo
30;650425017;TJPE58029202109231632361808733;c72122df08ab8647b6751747ae4742a09fa31a45915a222817fb31a72e4dc75b;7;1632361808746;;0;0;0;TJPE;G1;;2021/TJPE/09/G1/TJPE58029202109231632361808733;False;2021-09-22 22:50:08.746;Erro no arquivo
31;650425012;TJPE60479202109231632361806358;a718b3191a6b9840a10e4df0e48fdc58bf277b2e05e61638b49919903af820da;7;1632361806367;;0;0;0;TJPE;G1;;2021/TJPE/09/G1/TJPE60479202109231632361806358;False;2021-09-22 22:50:06.367;Erro no arquivo
32;650425009;TJPE34253202109231632361804596;3584ca3fe5e463181951541cf1ced19a61f4dbd98f4322d2892b136e31bd8780;7;1632361804603;;0;0;0;TJPE;G1;;2021/TJPE/09/G1/TJPE34253202109231632361804596;False;2021-09-22 22:50:04.603;Erro no arquivo
33;650425001;TJPE94006202109231632361802796;bfb653b5d1fae5aa09b219df5bee9f11c18c6abcd06c01c3b6222069e252dcb5;7;1632361802809;;0;0;0;TJPE;G1;;2021/TJPE/09/G1/TJPE94006202109231632361802796;False;2021-09-22 22:50:02.809;Erro no arquivo
34;650424990;TJPE69157202109231632361800103;987ca56d4c376fad9020c3a2faae8a26dab38138a3083d1d17f9893a510a183a;3;1632361800113;;90;90;0;TJPE;G1;1313063.0;2021/TJPE/09/G1/TJPE69157202109231632361800103;False;2021-09-22 22:50:00.113;Processado com sucesso
35;650424985;TJPE13655202109231632361797776;25fe3f49ea767fc3cd9c5c90c21fd5ac25a95da564d794c44839a079b84911bc;7;1632361797791;;0;0;0;TJPE;G1;;2021/TJPE/09/G1/TJPE13655202109231632361797776;False;2021-09-22 22:49:57.791;Erro no arquivo
36;650424979;TJPE13492202109231632361795673;d34868c3beebe6677bc84252e9f7b74db40a5797ff93356d943b04a75cf939e4;7;1632361795710;;0;0;0;TJPE;G1;;2021/TJPE/09/G1/TJPE13492202109231632361795673;False;2021-09-22 22:49:55.710;Erro no arquivo
37;650424948;TJPE34990202109231632361780849;5a35eff749daa335dffe560ee6a8ce12fbe8652e632a1d215b23c3d5aae00117;7;1632361780862;;0;0;0;TJPE;G1;;2021/TJPE/09/G1/TJPE34990202109231632361780849;False;2021-09-22 22:49:40.862;Erro no arquivo
38;650424930;TJPE15928202109231632361775756;b8846b261016a87b537a27f040da7b464d672b20cba8e9a428585dfc4e1edff2;7;1632361775772;;0;0;0;TJPE;G1;;2021/TJPE/09/G1/TJPE15928202109231632361775756;False;2021-09-22 22:49:35.772;Erro no arquivo
39;650424908;TJPE77135202109231632361767408;20dc7a771baad955c19fcfd7ca115770e6a0edc8033fae2b881bf1d8ea9e46bc;7;1632361767420;;0;0;0;TJPE;G1;;2021/TJPE/09/G1/TJPE77135202109231632361767408;False;2021-09-22 22:49:27.420;Erro no arquivo
0;650424901;TJPE88360202109231632361761021;8779fa768a2a888d82c19ddb7823a1aa9177f5ec29e7f8e383f561d24872035a;7;1632361761043;;0;0;0;TJPE;G1;;2021/TJPE/09/G1/TJPE88360202109231632361761021;False;2021-09-22 22:49:21.043;Erro no arquivo
1;650424891;TJPE41591202109231632361752909;f8fe33e456b497412f1d62452579c321e4b2b504ccf39660e7938381c6338545;7;1632361752918;;0;0;0;TJPE;G1;;2021/TJPE/09/G1/TJPE41591202109231632361752909;False;2021-09-22 22:49:12.918;Erro no arquivo
2;650424886;TJPE41104202109231632361746897;0fac675403edbcc10a836bfe76ed1b20a055e8e8aee404f6de67cb2c377391ff;7;1632361746906;;0;0;0;TJPE;G1;;2021/TJPE/09/G1/TJPE41104202109231632361746897;False;2021-09-22 22:49:06.906;Erro no arquivo
3;650424876;TJPE42213202109231632361743862;8d62bfe9dd27a2cc6f8871419eac5206d7bfa4ee40563a3334a26e1e92b810bf;7;1632361743871;;0;0;0;TJPE;G1;;2021/TJPE/09/G1/TJPE42213202109231632361743862;False;2021-09-22 22:49:03.871;Erro no arquivo
4;650424862;TJPE56335202109231632361736936;21c882af094ec956aed68fe8107a4da24d1d9c7c7879b3f8d469ac788a7db9bb;7;1632361736941;;0;0;0;TJPE;G1;;2021/TJPE/09/G1/TJPE56335202109231632361736936;False;2021-09-22 22:48:56.941;Erro no arquivo
5;650424860;TJPE22055202109231632361732698;7024719bf86502ebcefa5df15b17ff9049ab3b89e68555de19cb7b5c7114ffa4;7;1632361732718;;0;0;0;TJPE;G1;;2021/TJPE/09/G1/TJPE22055202109231632361732698;False;2021-09-22 22:48:52.718;Erro no arquivo
6;650424854;TJPE68365202109231632361727142;192340ecd86736775a1c96f1a02cc4835b30c88b5ebfe1971e9ec4e65094f9e5;7;1632361727148;;0;0;0;TJPE;G1;;2021/TJPE/09/G1/TJPE68365202109231632361727142;False;2021-09-22 22:48:47.148;Erro no arquivo
7;650424850;TJPE16472202109231632361725487;3ba876831c4ec14db15a8995631ee899d36f8e3bcbccf1914ea7c30f24811e0c;3;1632361725496;;100;100;0;TJPE;JE;1062942.0;2021/TJPE/09/JE/TJPE16472202109231632361725487;False;2021-09-22 22:48:45.496;Processado com sucesso
8;650424845;TJPE49285202109231632361723644;9ded164762a88e76665ecd970926e80438ce189dd40405a4d2f9aea3d261226a;7;1632361723657;;0;0;0;TJPE;G1;;2021/TJPE/09/G1/TJPE49285202109231632361723644;False;2021-09-22 22:48:43.657;Erro no arquivo
9;650424844;TJPE49903202109231632361721810;e1e46642b11018de8962214ba31ccf8d5b2a93b5e2d639e62f4a9bea0cc812ab;7;1632361721832;;0;0;0;TJPE;G1;;2021/TJPE/09/G1/TJPE49903202109231632361721810;False;2021-09-22 22:48:41.832;Erro no arquivo
10;650424834;TJPE15090202109231632361719832;31b41cfbd9302a949e8780a2fad61115376e3fa85eab8b80a319ea2fde291ce4;7;1632361719841;;0;0;0;TJPE;G1;;2021/TJPE/09/G1/TJPE15090202109231632361719832;False;2021-09-22 22:48:39.841;Erro no arquivo
11;650424830;TJPE82524202109231632361717996;d6a7c0943872fe2efc2943beb45fe086a8a0e233032abe60bb4f14bc24ecdbba;7;1632361718006;;0;0;0;TJPE;G1;;2021/TJPE/09/G1/TJPE82524202109231632361717996;False;2021-09-22 22:48:38.006;Erro no arquivo
12;650424828;TJPE77442202109231632361715769;5a142c280a050e3bae63f16d4e65e9db017b2eacab0519783215751d668825e4;7;1632361715777;;0;0;0;TJPE;G1;;2021/TJPE/09/G1/TJPE77442202109231632361715769;False;2021-09-22 22:48:35.777;Erro no arquivo
13;650424826;TJPE46865202109231632361713925;e8600a62629a8e4a82503eeb35b8f6049d5c5596e2e12db2db4f678db8658e55;7;1632361713935;;0;0;0;TJPE;G1;;2021/TJPE/09/G1/TJPE46865202109231632361713925;False;2021-09-22 22:48:33.935;Erro no arquivo
14;650424816;TJPE42829202109231632361710913;46b204416c912a5e5ab833eb87740a50a21b0e96477935d168a4bdbbffea23d9;7;1632361710923;;0;0;0;TJPE;G1;;2021/TJPE/09/G1/TJPE42829202109231632361710913;False;2021-09-22 22:48:30.923;Erro no arquivo
15;650424815;TJPE91950202109231632361708718;771ab4c7257ce7b35c18845cd49a3004e0fbfe87d04d92d656866b83a98ef296;7;1632361708732;;0;0;0;TJPE;G1;;2021/TJPE/09/G1/TJPE91950202109231632361708718;False;2021-09-22 22:48:28.732;Erro no arquivo
16;650424809;TJPE38248202109231632361705720;1ffa8710131f7a5b82872dcb9e94d8fac999e9e5b5480b4a41ccfbb076c6ef27;7;1632361705733;;0;0;0;TJPE;G1;;2021/TJPE/09/G1/TJPE38248202109231632361705720;False;2021-09-22 22:48:25.733;Erro no arquivo
17;650424806;TJPE78203202109231632361701469;1dc692d0f65760734f19a073dd42597df793a4587efa6140cdbbe1ca6a1b8837;7;1632361701478;;0;0;0;TJPE;G1;;2021/TJPE/09/G1/TJPE78203202109231632361701469;False;2021-09-22 22:48:21.478;Erro no arquivo
18;650424794;TJPE71218202109231632361698560;c9ba4d0e8c47d01f4b078623af7e4909c8101d681e2bf5d6766122e02689450c;7;1632361698570;;0;0;0;TJPE;G1;;2021/TJPE/09/G1/TJPE71218202109231632361698560;False;2021-09-22 22:48:18.570;Erro no arquivo
19;650424789;TJPE18672202109231632361696765;35615e8518d494fec3b8ab7a8e702ecc07aeb529e10911f644802b776a84fbf8;7;1632361696777;;0;0;0;TJPE;G1;;2021/TJPE/09/G1/TJPE18672202109231632361696765;False;2021-09-22 22:48:16.777;Erro no arquivo
20;650424779;TJPE40262202109231632361689429;f0c4c5df158b7d40ea2c0409a4c65d69e26e1f87814e5c14f80f4abcffd6d7d9;3;1632361689438;;100;100;0;TJPE;JE;1221508.0;2021/TJPE/09/JE/TJPE40262202109231632361689429;False;2021-09-22 22:48:09.438;Processado com sucesso
21;650424763;TJPE21596202109231632361680744;78a7459191f4c4901e1818d4d942335d013b6b9e9781e179d649729cedd4860b;3;1632361680802;;100;100;0;TJPE;JE;1148832.0;2021/TJPE/09/JE/TJPE21596202109231632361680744;False;2021-09-22 22:48:00.802;Processado com sucesso
22;650424749;TJPE38845202109231632361675946;cd9fa892129f319b841152828366d19dbfaeec700ea6d9225aaf677ca440a597;7;1632361675970;;0;0;0;TJPE;G1;;2021/TJPE/09/G1/TJPE38845202109231632361675946;False;2021-09-22 22:47:55.970;Erro no arquivo
23;650424741;TJPE69414202109231632361671987;04ddfaa11777a89895d87cc25f936085526c718fc2068b2b02ec00d0f4a69918;7;1632361671998;;0;0;0;TJPE;G1;;2021/TJPE/09/G1/TJPE69414202109231632361671987;False;2021-09-22 22:47:51.998;Erro no arquivo
24;650424721;TJPE88728202109231632361665278;d58a1d684675e41fd8f9b56fc26857932141ef51ffc817274bda014f772b1587;3;1632361665300;;100;100;0;TJPE;JE;1194763.0;2021/TJPE/09/JE/TJPE88728202109231632361665278;False;2021-09-22 22:47:45.300;Processado com sucesso
25;650424712;TJPE62432202109231632361660279;8eb8f95b5894e70e120f1278b826b4ea42bf98b5989e7f54e9bca36a3dfbed7f;7;1632361660292;;0;0;0;TJPE;G1;;2021/TJPE/09/G1/TJPE62432202109231632361660279;False;2021-09-22 22:47:40.292;Erro no arquivo
26;650424695;TJPE96743202109231632361653497;31848f77fcd12b39ceeec6127b79fb6f6f6d842558cf18676fd92448fbe44a57;7;1632361653501;;0;0;0;TJPE;G1;;2021/TJPE/09/G1/TJPE96743202109231632361653497;False;2021-09-22 22:47:33.501;Erro no arquivo
27;650424688;TJPE81412202109231632361649908;e8d474bbaf79cc2b30b9e590f76314359e13fd8654c60f7e6df6781e82ae6206;7;1632361649915;;0;0;0;TJPE;G1;;2021/TJPE/09/G1/TJPE81412202109231632361649908;False;2021-09-22 22:47:29.915;Erro no arquivo
28;650424684;TJPE24831202109231632361645814;3221fedafa8e0ede338f40cd7f4b4c35efdc296538e12ad9856cea690d679dee;7;1632361645819;;0;0;0;TJPE;G1;;2021/TJPE/09/G1/TJPE24831202109231632361645814;False;2021-09-22 22:47:25.819;Erro no arquivo
29;650424676;TJPE58975202109231632361641661;997ddbbe2cb97f6f854b2fb61de93ef4934e575eb262ae0c16e72ef58148d409;7;1632361641671;;0;0;0;TJPE;G1;;2021/TJPE/09/G1/TJPE58975202109231632361641661;False;2021-09-22 22:47:21.671;Erro no arquivo
30;650424658;TJPE64040202109231632361634948;b9a75b01353985f072867735e494407dd3989d02d26ba9310ecaefd6310c812d;7;1632361634960;;0;0;0;TJPE;G1;;2021/TJPE/09/G1/TJPE64040202109231632361634948;False;2021-09-22 22:47:14.960;Erro no arquivo
31;650424652;TJPE54036202109231632361630567;0f40924aa1b3c34e1aab8702bd639418bc3e70b5d877ee286ca7670e732a3821;7;1632361630584;;0;0;0;TJPE;G1;;2021/TJPE/09/G1/TJPE54036202109231632361630567;False;2021-09-22 22:47:10.584;Erro no arquivo
32;650424647;TJPE13394202109231632361628653;4125cea75ea58095e30c434530b3108390cd3feb9636a1f383450a9eba8ed2a3;7;1632361628664;;0;0;0;TJPE;G1;;2021/TJPE/09/G1/TJPE13394202109231632361628653;False;2021-09-22 22:47:08.664;Erro no arquivo
33;650424640;TJPE44017202109231632361626320;95fa2d35c2602310c14e5ae880efba3608d9450d7b2d4a3b76d7843aa0ce105d;7;1632361626331;;0;0;0;TJPE;G1;;2021/TJPE/09/G1/TJPE44017202109231632361626320;False;2021-09-22 22:47:06.331;Erro no arquivo
34;650424633;TJPE62581202109231632361624168;69132bf927b726a3a466ff565bad4043cf9acc30cb26bf1f7ec8911be17eac3d;7;1632361624175;;0;0;0;TJPE;G1;;2021/TJPE/09/G1/TJPE62581202109231632361624168;False;2021-09-22 22:47:04.175;Erro no arquivo
35;650424628;TJPE14794202109231632361622450;5066800350f3f7c388a34976fcfe47c2c65cc463645ee5191bf2360c16649c5a;7;1632361622459;;0;0;0;TJPE;G1;;2021/TJPE/09/G1/TJPE14794202109231632361622450;False;2021-09-22 22:47:02.459;Erro no arquivo
36;650424625;TJPE16083202109231632361620261;ea593056403584eb37256d3b364bc7a2c930576a3106a9b4f622456d5cea40e4;7;1632361620280;;0;0;0;TJPE;G1;;2021/TJPE/09/G1/TJPE16083202109231632361620261;False;2021-09-22 22:47:00.280;Erro no arquivo
37;650424624;TJPE29637202109231632361617963;5304b7c70fbaaa8bac46a1597dc7219a5cf492ec984d2b68fc883e86d313f8a4;7;1632361617983;;0;0;0;TJPE;G1;;2021/TJPE/09/G1/TJPE29637202109231632361617963;False;2021-09-22 22:46:57.983;Erro no arquivo
38;650424613;TJPE65312202109231632361615561;a16dfb80bb8275cafb2db2e8a118246aa79b352053d36a8713a2fa8882e1b835;3;1632361615576;;100;100;0;TJPE;JE;1051166.0;2021/TJPE/09/JE/TJPE65312202109231632361615561;False;2021-09-22 22:46:55.576;Processado com sucesso
39;650424610;TJPE14763202109231632361612800;28a7ce0fbd3670853561504e3c32e1a6c0d51e3e476e141574c82382604a44b3;7;1632361612807;;0;0;0;TJPE;G1;;2021/TJPE/09/G1/TJPE14763202109231632361612800;False;2021-09-22 22:46:52.807;Erro no arquivo
0;650424602;TJPE38627202109231632361610933;73d813c846cf7131581eb8b619bce1211058f3f86a4c3d6e7cd2142d589e9e20;7;1632361610943;;0;0;0;TJPE;G1;;2021/TJPE/09/G1/TJPE38627202109231632361610933;False;2021-09-22 22:46:50.943;Erro no arquivo
1;650424590;TJPE61771202109231632361608577;0fc13eb2ff0e73f0ad53a495f42a84803e63ea2ece1d9d300b18cefca60f8b3c;7;1632361608586;;0;0;0;TJPE;G1;;2021/TJPE/09/G1/TJPE61771202109231632361608577;False;2021-09-22 22:46:48.586;Erro no arquivo
2;650424587;TJPE11251202109231632361606672;e06f6d8e8e2e1d8f08e9cc2fb51e3b5256a5b7abcb2d4414b5bf09377c7e3611;7;1632361606684;;0;0;0;TJPE;G1;;2021/TJPE/09/G1/TJPE11251202109231632361606672;False;2021-09-22 22:46:46.684;Erro no arquivo
3;650424575;TJPE20438202109231632361604360;2d5c331a0609cc3c9b55bb2248ca2fcea80461e72c04af547b76b56d249d5562;7;1632361604374;;0;0;0;TJPE;G1;;2021/TJPE/09/G1/TJPE20438202109231632361604360;False;2021-09-22 22:46:44.374;Erro no arquivo
4;650424572;TJPE23128202109231632361602502;12854818dc7ca6bc6f16bbeba6393b10cff6b0fa8425fb6bc70bd2ddc39710a5;7;1632361602515;;0;0;0;TJPE;G1;;2021/TJPE/09/G1/TJPE23128202109231632361602502;False;2021-09-22 22:46:42.515;Erro no arquivo
5;650424565;TJPE81634202109231632361600116;e97ba8999914e6cfc30d3b7ff885f2719c06135ae2517d4919654feaf7304c81;7;1632361600129;;0;0;0;TJPE;G1;;2021/TJPE/09/G1/TJPE81634202109231632361600116;False;2021-09-22 22:46:40.129;Erro no arquivo
6;650424554;TJPE31885202109231632361597809;259468e59c1b501790206d4ba55296e01cb45830cc08b225c0a322d063f73321;3;1632361597822;;100;100;0;TJPE;JE;1110839.0;2021/TJPE/09/JE/TJPE31885202109231632361597809;False;2021-09-22 22:46:37.822;Processado com sucesso
7;650424543;TJPE81084202109231632361595898;86885498e19974ff03981bd4f7794fb58544630fcde4ae8339bf7cd7ebb689de;7;1632361595906;;0;0;0;TJPE;G1;;2021/TJPE/09/G1/TJPE81084202109231632361595898;False;2021-09-22 22:46:35.906;Erro no arquivo
8;650424540;TJPE17555202109231632361594040;c33713b44348bfcf1fea43f863df1609abe7c8066d3427af2a11060f00c702f7;7;1632361594068;;0;0;0;TJPE;G1;;2021/TJPE/09/G1/TJPE17555202109231632361594040;False;2021-09-22 22:46:34.068;Erro no arquivo
9;650424534;TJPE96406202109231632361591103;0dd6c47e694f8ab106f62643bcf18109ab5ed2ff462db87a68324ed593740620;3;1632361591129;;100;100;0;TJPE;JE;1073057.0;2021/TJPE/09/JE/TJPE96406202109231632361591103;False;2021-09-22 22:46:31.129;Processado com sucesso
10;650424532;TJPE32494202109231632361589280;2f298e4d763d779632254165a1d403ff431d8e0861b11ed670e2a1cc727e0508;7;1632361589304;;0;0;0;TJPE;G1;;2021/TJPE/09/G1/TJPE32494202109231632361589280;False;2021-09-22 22:46:29.304;Erro no arquivo
11;650424527;TJPE50232202109231632361587026;149a3d2cf3ca71c7cdb71de642c4571dfa6dfd971f9a7eadb99366546227b81b;7;1632361587037;;0;0;0;TJPE;G1;;2021/TJPE/09/G1/TJPE50232202109231632361587026;False;2021-09-22 22:46:27.037;Erro no arquivo
12;650424523;TJPE14187202109231632361584690;9dc809c0b69a6f71ea3cb584463a15f6d21cc4827746d893b8b8c537b6c7de56;7;1632361584698;;0;0;0;TJPE;G1;;2021/TJPE/09/G1/TJPE14187202109231632361584690;False;2021-09-22 22:46:24.698;Erro no arquivo
13;650424514;TJPE97679202109231632361582830;0827a69c00227e137d7dfe91269a1e63a1c4d7ae2b5868585ef98fea9ad435fa;7;1632361582840;;0;0;0;TJPE;G1;;2021/TJPE/09/G1/TJPE97679202109231632361582830;False;2021-09-22 22:46:22.840;Erro no arquivo
14;650424504;TJPE92478202109231632361580713;fedfe40880bb3e065e67cfd8b767261c9eced2915c0016cf3b593c2db0e56be4;7;1632361580735;;0;0;0;TJPE;G1;;2021/TJPE/09/G1/TJPE92478202109231632361580713;False;2021-09-22 22:46:20.735;Erro no arquivo
15;650424501;TJPE94140202109231632361578100;56b43380b402767cadf90703bff9dbfdb725f2fe676a126ade2b34d812196d21;7;1632361578106;;0;0;0;TJPE;G1;;2021/TJPE/09/G1/TJPE94140202109231632361578100;False;2021-09-22 22:46:18.106;Erro no arquivo
16;650424498;TJPE48461202109231632361576273;31f9a778ce5c4a63af714c9f1e32496e92fa63ea355856015e6c46ae7d171c41;7;1632361576286;;0;0;0;TJPE;G1;;2021/TJPE/09/G1/TJPE48461202109231632361576273;False;2021-09-22 22:46:16.286;Erro no arquivo
17;650424496;TJPE80533202109231632361574083;debaf5a28e3521ea00c0a1d5d7018faf5c676ca1ab0398c5c86a90abf90d59c8;7;1632361574092;;0;0;0;TJPE;G1;;2021/TJPE/09/G1/TJPE80533202109231632361574083;False;2021-09-22 22:46:14.092;Erro no arquivo
18;650424490;TJPE55073202109231632361571801;d0fbc1839cddaf686718faa6889a3bdfbd13c346f3308028b26f1741c576baf3;7;1632361571811;;0;0;0;TJPE;G1;;2021/TJPE/09/G1/TJPE55073202109231632361571801;False;2021-09-22 22:46:11.811;Erro no arquivo
19;650424484;TJPE84698202109231632361569575;59391d5f5d4d66d171b7ca2429c3bcf1880c3c3640b0fcaedc2d4d629c5d6593;3;1632361569583;;100;100;0;TJPE;JE;984032.0;2021/TJPE/09/JE/TJPE84698202109231632361569575;False;2021-09-22 22:46:09.583;Processado com sucesso
20;650424475;TJPE34706202109231632361563921;67ce434d8f6bd147481f35dc7a70c4cf40796fba2ab105196fc0dd85081d45e4;7;1632361563930;;0;0;0;TJPE;G1;;2021/TJPE/09/G1/TJPE34706202109231632361563921;False;2021-09-22 22:46:03.930;Erro no arquivo
21;650424469;TJPE52721202109231632361560879;2011fb2b87db1ac8018cadcaa47f781e484a14c24a1c40d49237ab9e65fc2d03;7;1632361560894;;0;0;0;TJPE;G1;;2021/TJPE/09/G1/TJPE52721202109231632361560879;False;2021-09-22 22:46:00.894;Erro no arquivo
22;650424462;TJPE33031202109231632361557256;dc99d52ab5c8ce4800260672787a10bf5c73a6e2e91af79ef996ccf4da3b6a32;7;1632361557263;;0;0;0;TJPE;G1;;2021/TJPE/09/G1/TJPE33031202109231632361557256;False;2021-09-22 22:45:57.263;Erro no arquivo
23;650424449;TJPE45531202109231632361551303;1f05312882c67c39ee2baf632f6c3a7addac9c69680eca5dfd8f5d2131bd4d53;7;1632361551313;;0;0;0;TJPE;JE;;2021/TJPE/09/JE/TJPE45531202109231632361551303;False;2021-09-22 22:45:51.313;Erro no arquivo
24;650424444;TJPE97570202109231632361548276;3b41a4c6b4bcf6f45b7608d0dd083f47daeb1b7579a8fac0571e80ebc98c5bb4;7;1632361548281;;0;0;0;TJPE;G1;;2021/TJPE/09/G1/TJPE97570202109231632361548276;False;2021-09-22 22:45:48.281;Erro no arquivo
25;650424442;TJPE49574202109231632361545694;323b87cd16c05ecc26a5bfaaaab6f2ae5ebda1d6520730100fc1d7ff86edc627;7;1632361545703;;0;0;0;TJPE;G1;;2021/TJPE/09/G1/TJPE49574202109231632361545694;False;2021-09-22 22:45:45.703;Erro no arquivo
26;650424425;TJPE81371202109231632361537986;5b45b7d45b9297c1f1f47012eb6959b33e89b77546b5ae2e0836233bed420c2a;7;1632361537996;;0;0;0;TJPE;G1;;2021/TJPE/09/G1/TJPE81371202109231632361537986;False;2021-09-22 22:45:37.996;Erro no arquivo
27;650424403;TJPE68621202109231632361526709;2f7aaebe8a7625f5ae71e0229f821d180118f22f92c6174522dfe34fcb861312;3;1632361526723;;100;100;0;TJPE;JE;1135039.0;2021/TJPE/09/JE/TJPE68621202109231632361526709;False;2021-09-22 22:45:26.723;Processado com sucesso
28;650424386;TJPE45957202109231632361518982;0e79a7570bb4fcf31c0895bb092ddc8d28471c249896e25da72172f44c77469d;7;1632361518998;;0;0;0;TJPE;G1;;2021/TJPE/09/G1/TJPE45957202109231632361518982;False;2021-09-22 22:45:18.998;Erro no arquivo
29;650424362;TJPE55988202109231632361507123;9841f7958da9be1882a934efdef464f20cbd27b3e0786f9bdc4d88cea149e1f1;7;1632361507144;;0;0;0;TJPE;G1;;2021/TJPE/09/G1/TJPE55988202109231632361507123;False;2021-09-22 22:45:07.144;Erro no arquivo
30;650424324;TJPE82129202109231632361498133;d763731a94c8355f50cdf1b0e2110e18987072803e9551de3987c10bb7e77d84;7;1632361498155;;0;0;0;TJPE;G1;;2021/TJPE/09/G1/TJPE82129202109231632361498133;False;2021-09-22 22:44:58.155;Erro no arquivo
31;650424308;TJPE24019202109231632361492398;b0e9940b0ba9c8f6a2bf8d1a8886eb4a51cfa91afcf5297a5d62b8eaca84fe23;7;1632361492406;;0;0;0;TJPE;G1;;2021/TJPE/09/G1/TJPE24019202109231632361492398;False;2021-09-22 22:44:52.406;Erro no arquivo
32;650424294;TJPE94580202109231632361486994;5eca9b3f0f7ae4b7995a855c0d11ea76d359a8fa22ee03cbc8817fbccbb04a5b;7;1632361487002;;0;0;0;TJPE;G1;;2021/TJPE/09/G1/TJPE94580202109231632361486994;False;2021-09-22 22:44:47.002;Erro no arquivo
33;650424283;TJPE71271202109231632361481521;8124532c9eded09127210cff1482d32c51615ff90694c7526190eb4409da702e;7;1632361481530;;0;0;0;TJPE;G1;;2021/TJPE/09/G1/TJPE71271202109231632361481521;False;2021-09-22 22:44:41.530;Erro no arquivo
34;650424278;TJPE78407202109231632361478562;10dccc69c76ccbaa7967bc9f207c7132523778bdbe5e6690e19edf409074ce42;7;1632361478570;;0;0;0;TJPE;G1;;2021/TJPE/09/G1/TJPE78407202109231632361478562;False;2021-09-22 22:44:38.570;Erro no arquivo
35;650424274;TJPE48842202109231632361475088;376bf0cfdbb85db65e72292cf935b257a2adf987ef836fcb260510fe6357deb2;7;1632361475156;;0;0;0;TJPE;G1;;2021/TJPE/09/G1/TJPE48842202109231632361475088;False;2021-09-22 22:44:35.156;Erro no arquivo
36;650424265;TJPE52117202109231632361471289;75dd9846b4d5ef66fbf31308d9de24b8d489098a32b8f25cfa37d73496c65118;7;1632361471298;;0;0;0;TJPE;G1;;2021/TJPE/09/G1/TJPE52117202109231632361471289;False;2021-09-22 22:44:31.298;Erro no arquivo
37;650424259;TJPE10447202109231632361469181;d6fa98a37a4328f159e95853983a4c83d284d7ca3b93518205c06bf2e5a51f3d;3;1632361469189;;100;100;0;TJPE;JE;1147182.0;2021/TJPE/09/JE/TJPE10447202109231632361469181;False;2021-09-22 22:44:29.189;Processado com sucesso
38;650424258;TJPE28957202109231632361467255;3b4e622e6f82723d9551a5169680b6c2bf0b259779cc7b336b3e01ef451df350;7;1632361467260;;0;0;0;TJPE;G1;;2021/TJPE/09/G1/TJPE28957202109231632361467255;False;2021-09-22 22:44:27.260;Erro no arquivo
39;650424252;TJPE75571202109231632361465456;366289fe5e40361e247af3c8271110052ce22a08ed716f51fa2afec1498f7ad3;7;1632361465465;;0;0;0;TJPE;G1;;2021/TJPE/09/G1/TJPE75571202109231632361465456;False;2021-09-22 22:44:25.465;Erro no arquivo
0;650424246;TJPE12923202109231632361462910;e7ce322ac7ead68e982f440870ece4442a4efc48bc2d98bbb89a2a8d492dc488;7;1632361462921;;0;0;0;TJPE;G1;;2021/TJPE/09/G1/TJPE12923202109231632361462910;False;2021-09-22 22:44:22.921;Erro no arquivo
1;650424242;TJPE38902202109231632361460756;d8336ad0d565c5cd11e103a36b97aa6e704fd1cd98280491f52da77f336f579b;7;1632361460768;;0;0;0;TJPE;G1;;2021/TJPE/09/G1/TJPE38902202109231632361460756;False;2021-09-22 22:44:20.768;Erro no arquivo
2;650424239;TJPE47778202109231632361458314;7c840605b7e2cecdffbe1b265c1a1c5cc6172e7a87970725b4bdeeb88dec3ff4;7;1632361458327;;0;0;0;TJPE;G1;;2021/TJPE/09/G1/TJPE47778202109231632361458314;False;2021-09-22 22:44:18.327;Erro no arquivo
3;650424234;TJPE46704202109231632361455716;c29e60fb6e92c08689a7da0ced653c4ad14bd298ddb92fce080305aa308463f5;3;1632361455725;;100;100;0;TJPE;JE;1138984.0;2021/TJPE/09/JE/TJPE46704202109231632361455716;False;2021-09-22 22:44:15.725;Processado com sucesso
4;650424229;TJPE77423202109231632361453667;c6aaeb828be7ab147c425723a13a4d0b4ff8042d84dba5c9a6d4c1f4c4e39155;7;1632361453686;;0;0;0;TJPE;G1;;2021/TJPE/09/G1/TJPE77423202109231632361453667;False;2021-09-22 22:44:13.686;Erro no arquivo
5;650424225;TJPE34937202109231632361451918;0d9646c07971c852b34c8a15f862786069b4ee05e850409bbb94772628e9ca55;7;1632361451933;;0;0;0;TJPE;G1;;2021/TJPE/09/G1/TJPE34937202109231632361451918;False;2021-09-22 22:44:11.933;Erro no arquivo
6;650424222;TJPE95827202109231632361449838;b53ecd60a7b3676891416d6f5a1534c1392e57e9193a2c783e7616bf71bcb386;7;1632361449844;;0;0;0;TJPE;G1;;2021/TJPE/09/G1/TJPE95827202109231632361449838;False;2021-09-22 22:44:09.844;Erro no arquivo
7;650424216;TJPE62730202109231632361448142;2a635cc4c0f512bd2963e178ccd1fb9519230551cc9ac21bda210e21124a00cf;7;1632361448152;;0;0;0;TJPE;G1;;2021/TJPE/09/G1/TJPE62730202109231632361448142;False;2021-09-22 22:44:08.152;Erro no arquivo
8;650424215;TJPE29884202109231632361446191;df4badff2880e51498d00e2b064c96298bacc351b8f4395677d9a669feaeb52e;7;1632361446210;;0;0;0;TJPE;G1;;2021/TJPE/09/G1/TJPE29884202109231632361446191;False;2021-09-22 22:44:06.210;Erro no arquivo
9;650424210;TJPE34276202109231632361443942;9fe440286c017b5837028b341b4baee249c0c2a5c6dd77a5e0a939a0a14335d8;7;1632361443953;;0;0;0;TJPE;G1;;2021/TJPE/09/G1/TJPE34276202109231632361443942;False;2021-09-22 22:44:03.953;Erro no arquivo
10;650424202;TJPE30496202109231632361442118;95074a5a12c5f72f80fa7e832816f4dc5adc3ecf017dfa6be12c6e54a80e8d9a;7;1632361442145;;0;0;0;TJPE;G1;;2021/TJPE/09/G1/TJPE30496202109231632361442118;False;2021-09-22 22:44:02.145;Erro no arquivo
11;650424200;TJPE63238202109231632361439595;cc60eac09caa3aff52855739dcfdade465d7d10e065ac9ccc20e148258ea9157;7;1632361439604;;0;0;0;TJPE;G1;;2021/TJPE/09/G1/TJPE63238202109231632361439595;False;2021-09-22 22:43:59.604;Erro no arquivo
12;650424188;TJPE59411202109231632361434124;8f1f42863033f4c112b6d071fcadc5dfb5e95cd3b1505b5241317f6df68e194c;7;1632361434132;;0;0;0;TJPE;G1;;2021/TJPE/09/G1/TJPE59411202109231632361434124;False;2021-09-22 22:43:54.132;Erro no arquivo
13;650424182;TJPE57084202109231632361430302;6ff478aba527e61f70962f00d0945fe463b236b61f96f27d44fab113890d25d7;7;1632361430322;;0;0;0;TJPE;G1;;2021/TJPE/09/G1/TJPE57084202109231632361430302;False;2021-09-22 22:43:50.322;Erro no arquivo
14;650424163;TJPE34373202109231632361422070;349db5d8d18a2fd7ba6e3e4dda6e64f2b18c101871f46fdd9d864a7c203ecb55;7;1632361422083;;0;0;0;TJPE;G1;;2021/TJPE/09/G1/TJPE34373202109231632361422070;False;2021-09-22 22:43:42.083;Erro no arquivo
15;650424143;TJPE94483202109231632361418777;cb45a0032c05b11830986f05b00214b5a439c06d155ee7584de8e033dbd355e7;7;1632361418788;;0;0;0;TJPE;G1;;2021/TJPE/09/G1/TJPE94483202109231632361418777;False;2021-09-22 22:43:38.788;Erro no arquivo
16;650424131;TJPE53555202109231632361414617;d21a14a8e7995e598da43f3fbaff9a193e307ff5966003b1b3cec824736dc350;7;1632361414624;;0;0;0;TJPE;G1;;2021/TJPE/09/G1/TJPE53555202109231632361414617;False;2021-09-22 22:43:34.624;Erro no arquivo
17;650424101;TJPE68848202109231632361392942;80b12ed8138f90357b6f6a4b68386d63a907cec7fb670ddef4a318d655dd4a8a;7;1632361392949;;0;0;0;TJPE;G1;;2021/TJPE/09/G1/TJPE68848202109231632361392942;False;2021-09-22 22:43:12.949;Erro no arquivo
18;650424093;TJPE65956202109231632361384915;5d30391f3052cf0f020531543f84c20ac8396b09afc65d4a27c4087d1aa8dc4f;7;1632361384930;;0;0;0;TJPE;G1;;2021/TJPE/09/G1/TJPE65956202109231632361384915;False;2021-09-22 22:43:04.930;Erro no arquivo
19;650424091;TJPE67201202109231632361382768;27dc68445439577d5338335b929a54f2bc7d6af57ac828a911ca10fea501f5d0;7;1632361382782;;0;0;0;TJPE;G1;;2021/TJPE/09/G1/TJPE67201202109231632361382768;False;2021-09-22 22:43:02.782;Erro no arquivo
20;650424079;TJPE79193202109231632361376489;c5f382c254a782b2c7ad23d9b03b3d00e62d7343c27694296902c14ef9f8bdf4;7;1632361376500;;0;0;0;TJPE;G1;;2021/TJPE/09/G1/TJPE79193202109231632361376489;False;2021-09-22 22:42:56.500;Erro no arquivo
21;650424075;TJPE51230202109231632361372699;6aa30e9b55d3fb947964a637dedf3765033ea5e9a476583460ecf0f5d0c21938;7;1632361372713;;0;0;0;TJPE;G1;;2021/TJPE/09/G1/TJPE51230202109231632361372699;False;2021-09-22 22:42:52.713;Erro no arquivo
22;650424073;TJPE67237202109231632361368878;bc2fed656eccd138721fb349984da2d9839d529570e066deac736b149b877fee;7;1632361368885;;0;0;0;TJPE;G1;;2021/TJPE/09/G1/TJPE67237202109231632361368878;False;2021-09-22 22:42:48.885;Erro no arquivo
23;650424068;TJPE27556202109231632361366889;a72bee1383652b4c359b23e4f952728b54995f63755df165ffa563a63123cfef;7;1632361366897;;0;0;0;TJPE;JE;;2021/TJPE/09/JE/TJPE27556202109231632361366889;False;2021-09-22 22:42:46.897;Erro no arquivo
24;650424067;TJPE47617202109231632361364928;2eab1954615ca3c491de6511369c40232cc11ceb2b7990b83fde6923e42ae5ca;7;1632361364941;;0;0;0;TJPE;G1;;2021/TJPE/09/G1/TJPE47617202109231632361364928;False;2021-09-22 22:42:44.941;Erro no arquivo
25;650424061;TJPE75709202109231632361362962;b462c394b3f3b0afaf9d3b89aa67c50458fe7b3198a627dbb23e1be751925c29;7;1632361362972;;0;0;0;TJPE;G1;;2021/TJPE/09/G1/TJPE75709202109231632361362962;False;2021-09-22 22:42:42.972;Erro no arquivo
26;650424059;TJPE35258202109231632361360823;1e9320e73d577b9dc144598b1bbf0e13de29d73d45a342514591b6d01b4a515b;7;1632361360829;;0;0;0;TJPE;G1;;2021/TJPE/09/G1/TJPE35258202109231632361360823;False;2021-09-22 22:42:40.829;Erro no arquivo
27;650424057;TJPE16657202109231632361359041;7703eb17bf71931c7d750d479c0a3217272ae95fb368027101fc7d9cc67dff63;7;1632361359050;;0;0;0;TJPE;G1;;2021/TJPE/09/G1/TJPE16657202109231632361359041;False;2021-09-22 22:42:39.050;Erro no arquivo
28;650424053;TJPE25383202109231632361356986;7ef99b053767a2b06d10ef9a6d4e8b6cac0819428ae619f94cc8da4123dc86a6;7;1632361356994;;0;0;0;TJPE;G1;;2021/TJPE/09/G1/TJPE25383202109231632361356986;False;2021-09-22 22:42:36.994;Erro no arquivo
29;650424048;TJPE28498202109231632361354995;fc68edc69afa230ac1eee184eca447e1d968c4a7e6e5ad866b3202d83eec6466;3;1632361355004;;98;98;0;TJPE;G1;1126542.0;2021/TJPE/09/G1/TJPE28498202109231632361354995;False;2021-09-22 22:42:35.004;Processado com sucesso
30;650424045;TJPE49005202109231632361353078;19de0a6bb11ceb2b957deac6aa2a69418a263da35bf7432ea3939ecb9e20a466;7;1632361353090;;0;0;0;TJPE;G1;;2021/TJPE/09/G1/TJPE49005202109231632361353078;False;2021-09-22 22:42:33.090;Erro no arquivo
31;650424043;TJPE56159202109231632361351013;7c8e6b32e1cd229d4e658d0f67574de1bdc7e2a821139a9d60a29fe5c5b2876e;7;1632361351036;;0;0;0;TJPE;G1;;2021/TJPE/09/G1/TJPE56159202109231632361351013;False;2021-09-22 22:42:31.036;Erro no arquivo
32;650424039;TJPE31695202109231632361348843;60ba258b3824dc1284fafcbf4858582ce1572056df0d9e8aaa76dc6546b1622c;3;1632361348856;;100;100;0;TJPE;JE;1104613.0;2021/TJPE/09/JE/TJPE31695202109231632361348843;False;2021-09-22 22:42:28.856;Processado com sucesso
33;650424036;TJPE48963202109231632361346881;245725d5a40bdea414f4c7dd6959e8fb696156fc2c3b65f13aabb9a291b12e47;7;1632361346888;;0;0;0;TJPE;G1;;2021/TJPE/09/G1/TJPE48963202109231632361346881;False;2021-09-22 22:42:26.888;Erro no arquivo
34;650424033;TJPE46039202109231632361345359;6a73206b4c505aeddf337a80ff8e4f05a7558784ac43920952dba31c4f356a60;3;1632361345369;;100;100;0;TJPE;JE;1276175.0;2021/TJPE/09/JE/TJPE46039202109231632361345359;False;2021-09-22 22:42:25.369;Processado com sucesso
35;650424032;TJPE22282202109231632361343174;ea701ac3ff13c8e71cb73b6e5afcce2e0632c8c13ba18f7d576284d40c9d154f;7;1632361343185;;0;0;0;TJPE;G1;;2021/TJPE/09/G1/TJPE22282202109231632361343174;False;2021-09-22 22:42:23.185;Erro no arquivo
36;650424031;TJPE62310202109231632361341372;2606677af3a6b7d8eacf2360b82c9f6e51ada645295d8eb95e3242547c17bb8f;7;1632361341384;;0;0;0;TJPE;JE;;2021/TJPE/09/JE/TJPE62310202109231632361341372;False;2021-09-22 22:42:21.384;Erro no arquivo
37;650424028;TJPE93172202109231632361339462;92b1826d1a2a3b2029bceec63cb7f4d2374c1a59a969b7986e735456b34e46c5;3;1632361339470;;80;80;0;TJPE;G1;990414.0;2021/TJPE/09/G1/TJPE93172202109231632361339462;False;2021-09-22 22:42:19.470;Processado com sucesso
38;650424025;TJPE66563202109231632361337649;405f35a95fb8791ed8125b1a48c34d797b4c686b0be4b2bf2107a9e4927856c5;7;1632361337658;;0;0;0;TJPE;G1;;2021/TJPE/09/G1/TJPE66563202109231632361337649;False;2021-09-22 22:42:17.658;Erro no arquivo
39;650424015;TJPE68421202109231632361331190;eb48d04135681ca819a7e7ae8e58effd8667ed00dd4d78bfb96a8922298278f8;7;1632361331197;;0;0;0;TJPE;G1;;2021/TJPE/09/G1/TJPE68421202109231632361331190;False;2021-09-22 22:42:11.197;Erro no arquivo
0;650424007;TJPE50504202109231632361327142;86984ef97ed86268841ca76a8c660f685695b080e0f04bae44f8d62bb75134d6;7;1632361327150;;0;0;0;TJPE;G1;;2021/TJPE/09/G1/TJPE50504202109231632361327142;False;2021-09-22 22:42:07.150;Erro no arquivo
1;650424000;TJPE10597202109231632361321907;e0fc2d4ddb632609d075e232b640d740d02677927a28f3280d8726d22b792444;7;1632361321917;;0;0;0;TJPE;G1;;2021/TJPE/09/G1/TJPE10597202109231632361321907;False;2021-09-22 22:42:01.917;Erro no arquivo
2;650423983;TJPE91770202109231632361314688;d4301f1d1b9230024778c2af75ed549fcecb90314d7c5ec3ec39abf03608f804;7;1632361314698;;0;0;0;TJPE;G1;;2021/TJPE/09/G1/TJPE91770202109231632361314688;False;2021-09-22 22:41:54.698;Erro no arquivo
3;650423981;TJPE53034202109231632361308495;365cb59de6af83d96214d6bc7a39f749664af3a02e23cbf1375d08f613084876;7;1632361308504;;0;0;0;TJPE;G1;;2021/TJPE/09/G1/TJPE53034202109231632361308495;False;2021-09-22 22:41:48.504;Erro no arquivo
4;650423974;TJPE95237202109231632361305227;1f4d6898cc176985e7d11eaf0a083f58554907f196a53fbb8a80b09d76f0af64;7;1632361305239;;0;0;0;TJPE;G1;;2021/TJPE/09/G1/TJPE95237202109231632361305227;False;2021-09-22 22:41:45.239;Erro no arquivo
5;650423955;TJPE16764202109231632361298003;63a966797f69f15b59554891ff655b21eb9331b52302f113d2263660045842fb;7;1632361298008;;0;0;0;TJPE;G1;;2021/TJPE/09/G1/TJPE16764202109231632361298003;False;2021-09-22 22:41:38.008;Erro no arquivo
6;650423950;TJPE21792202109231632361294322;5d5e6b1aa3c6cae6f63697a12cf19133eaf36bcc8806df8254167d338323c9b8;7;1632361294330;;0;0;0;TJPE;G1;;2021/TJPE/09/G1/TJPE21792202109231632361294322;False;2021-09-22 22:41:34.330;Erro no arquivo
7;650423942;TJPE39795202109231632361290364;8384b614d1acd2babf233373ba92c735e26c96df5af04479da25cd1eb3a41d7a;7;1632361290377;;0;0;0;TJPE;G1;;2021/TJPE/09/G1/TJPE39795202109231632361290364;False;2021-09-22 22:41:30.377;Erro no arquivo
8;650423928;TJPE27517202109231632361282756;882818e3c12f35c310c6e8e9effa5276a3bfedbe8d8f93f45c85d7a0b083cdb9;7;1632361282765;;0;0;0;TJPE;G1;;2021/TJPE/09/G1/TJPE27517202109231632361282756;False;2021-09-22 22:41:22.765;Erro no arquivo
9;650423921;TJPE28878202109231632361278829;3f41a3b7d28101762dc9bf683845b809c50fc5b31a0e483cee9c3aa1922ce57d;7;1632361278844;;0;0;0;TJPE;G1;;2021/TJPE/09/G1/TJPE28878202109231632361278829;False;2021-09-22 22:41:18.844;Erro no arquivo
10;650423909;TJPE11655202109231632361274329;8f07bb27b5d694700cb8c694f851f7bdff8b6a5b88e9bfff9c2064f84c922e5b;7;1632361274337;;0;0;0;TJPE;G1;;2021/TJPE/09/G1/TJPE11655202109231632361274329;False;2021-09-22 22:41:14.337;Erro no arquivo
11;650423902;TJPE83825202109231632361268447;da23d47173b12f0958a113077122c37e9e9cc10e44e4368fb286f624ef63d38f;3;1632361268458;;100;100;0;TJPE;G1;1501989.0;2021/TJPE/09/G1/TJPE83825202109231632361268447;False;2021-09-22 22:41:08.458;Processado com sucesso
12;650423890;TJPE71393202109231632361258172;9c0b5ee4f6a04e1faf07b21a070705890f06589bf786099360d99eb104fa4021;7;1632361258179;;0;0;0;TJPE;G1;;2021/TJPE/09/G1/TJPE71393202109231632361258172;False;2021-09-22 22:40:58.179;Erro no arquivo
13;650423871;TJPE69010202109231632361251588;588c02725b4277096be92aea3368022d9ce2e927fc4506076deed4c1de9389e2;7;1632361251611;;0;0;0;TJPE;G1;;2021/TJPE/09/G1/TJPE69010202109231632361251588;False;2021-09-22 22:40:51.611;Erro no arquivo
14;650423857;TJPE51902202109231632361243722;aca1ec2caaebca283ce1614d8e51f405782ac0507af39d27e36588342e849623;7;1632361243732;;0;0;0;TJPE;G1;;2021/TJPE/09/G1/TJPE51902202109231632361243722;False;2021-09-22 22:40:43.732;Erro no arquivo
15;650423844;TJPE25394202109231632361239960;9b7695c4498a87533f5854c31b4076a37e6e27c8a6ad217dc86e4a2318b380ef;3;1632361239976;;91;91;0;TJPE;G1;806090.0;2021/TJPE/09/G1/TJPE25394202109231632361239960;False;2021-09-22 22:40:39.976;Processado com sucesso
16;650423824;TJPE60047202109231632361236032;6770e15d2d43ad659c9a1cfb219895f0dab78d722fc6cee946dca76e023c1a74;3;1632361236044;;99;99;0;TJPE;G1;1097526.0;2021/TJPE/09/G1/TJPE60047202109231632361236032;False;2021-09-22 22:40:36.044;Processado com sucesso
17;650423815;TJPE80892202109231632361233203;4bc3b5cca9fa95195ec623ff19a722dc9dd565c06739b60ec59293dc1e9eb590;7;1632361233211;;0;0;0;TJPE;G1;;2021/TJPE/09/G1/TJPE80892202109231632361233203;False;2021-09-22 22:40:33.211;Erro no arquivo
18;650423804;TJPE94604202109231632361227609;fc918d22744bf8ebb32215370e912429501ad3c8001f66a8f6caa1fc2dc52ba6;7;1632361227617;;0;0;0;TJPE;G1;;2021/TJPE/09/G1/TJPE94604202109231632361227609;False;2021-09-22 22:40:27.617;Erro no arquivo
19;650423794;TJPE61939202109231632361224016;9365f28ef6bfa3bf5ebcfd0b87fd062d0265e77edebb4e4af949a318bf5ae429;7;1632361224021;;0;0;0;TJPE;G1;;2021/TJPE/09/G1/TJPE61939202109231632361224016;False;2021-09-22 22:40:24.021;Erro no arquivo
20;650423781;TJPE90891202109231632361220557;08e7e678cf318405a6267091bf3e5e7e5f4eda88e2261e4f33e2c29501e4a732;7;1632361220566;;0;0;0;TJPE;G1;;2021/TJPE/09/G1/TJPE90891202109231632361220557;False;2021-09-22 22:40:20.566;Erro no arquivo
21;650423776;TJPE44424202109231632361217413;0b38a3e46acb66e33647fc77526d6098570c2a9496107a3138448d1c8a1e0d76;3;1632361217430;;97;97;0;TJPE;G1;1525380.0;2021/TJPE/09/G1/TJPE44424202109231632361217413;False;2021-09-22 22:40:17.430;Processado com sucesso
22;650423750;TJPE26332202109231632361209753;26f9d95a500220bbafb65c0b40936804a4d2d59d2c78e102f5df2918e88ae97c;3;1632361209765;;100;100;0;TJPE;JE;1101705.0;2021/TJPE/09/JE/TJPE26332202109231632361209753;False;2021-09-22 22:40:09.765;Processado com sucesso
23;650423738;TJPE60433202109231632361205058;5362f48bb8bb5198392575acac775db8dbdb6c11877d1dcae1955e304a1a3672;7;1632361205067;;0;0;0;TJPE;G1;;2021/TJPE/09/G1/TJPE60433202109231632361205058;False;2021-09-22 22:40:05.067;Erro no arquivo
24;650423725;TJPE15984202109231632361200554;958f11d23333392b3b71bb587db0171ccc6ab1d5596fae1acf40739f40e119d9;7;1632361200566;;0;0;0;TJPE;G1;;2021/TJPE/09/G1/TJPE15984202109231632361200554;False;2021-09-22 22:40:00.566;Erro no arquivo
25;650423717;TJPE98295202109231632361198662;ecbc3ef4e395c892476e223fdf2d75c0ac22198e48ed4aa4b0203206db74b257;7;1632361198676;;0;0;0;TJPE;G1;;2021/TJPE/09/G1/TJPE98295202109231632361198662;False;2021-09-22 22:39:58.676;Erro no arquivo
26;650423706;TJPE21023202109231632361196077;b6f8eabb1cfeae5900643a480d3c7472790d833f19d0aa4d411af70dc07840d1;7;1632361196085;;0;0;0;TJPE;G1;;2021/TJPE/09/G1/TJPE21023202109231632361196077;False;2021-09-22 22:39:56.085;Erro no arquivo
27;650423702;TJPE26627202109231632361194303;50ad4d809477c8d4994c23646156d0e669135cdeff367a63b28940d85230d8b7;7;1632361194316;;0;0;0;TJPE;G1;;2021/TJPE/09/G1/TJPE26627202109231632361194303;False;2021-09-22 22:39:54.316;Erro no arquivo
28;650423700;TJPE70512202109231632361192387;3b39f62809e665cb36d49a3dcd40fe62acf5bbe7106ddbde3b424cb03ba052f6;7;1632361192402;;0;0;0;TJPE;G1;;2021/TJPE/09/G1/TJPE70512202109231632361192387;False;2021-09-22 22:39:52.402;Erro no arquivo
29;650423691;TJPE94852202109231632361189795;75bc15cd9ac08c6a7fe737f54f8dec962fe566d01f973d5ac106ee58a400dc06;7;1632361189803;;0;0;0;TJPE;JE;;2021/TJPE/09/JE/TJPE94852202109231632361189795;False;2021-09-22 22:39:49.803;Erro no arquivo
30;650423684;TJPE84470202109231632361187907;49b1502ac3fc3d0e852f332f2d6da0d9b97f1b1dca75dd8314227dd339f86d16;7;1632361187912;;0;0;0;TJPE;G1;;2021/TJPE/09/G1/TJPE84470202109231632361187907;False;2021-09-22 22:39:47.912;Erro no arquivo
31;650423676;TJPE14663202109231632361185360;c10975ad3dc91cad18591065f9c701e754d8882465f26bedbd804f5c2b679c2c;7;1632361185386;;0;0;0;TJPE;G1;;2021/TJPE/09/G1/TJPE14663202109231632361185360;False;2021-09-22 22:39:45.386;Erro no arquivo
32;650423671;TJPE48603202109231632361182900;ef4e23bb54c1e08dc9d2a20955f2c522e8fa267cabe023a2e406069ec0ac1498;7;1632361182978;;0;0;0;TJPE;G1;;2021/TJPE/09/G1/TJPE48603202109231632361182900;False;2021-09-22 22:39:42.978;Erro no arquivo
33;650423665;TJPE12958202109231632361180526;4050ac8149de12b8f85e8c7e308b2ea71455809933a94ff72b5da31e048832ca;7;1632361180533;;0;0;0;TJPE;G1;;2021/TJPE/09/G1/TJPE12958202109231632361180526;False;2021-09-22 22:39:40.533;Erro no arquivo
34;650423659;TJPE16383202109231632361178809;20a260f6416ed2d0b627a8c0b241f4c162d6357d3ed0b52e4105feae95c22bc8;7;1632361178835;;0;0;0;TJPE;G1;;2021/TJPE/09/G1/TJPE16383202109231632361178809;False;2021-09-22 22:39:38.835;Erro no arquivo
35;650423655;TJPE61155202109231632361176378;5fe85a47b6f81d4c6481647177a18294c7833b71d703d9b5084c683c914e6c04;7;1632361176400;;0;0;0;TJPE;G1;;2021/TJPE/09/G1/TJPE61155202109231632361176378;False;2021-09-22 22:39:36.400;Erro no arquivo
36;650423651;TJPE15559202109231632361173996;5ede1e7efcceddb116eeecff273ff736e2a5360ceb5cae1b42c9bb94b521144c;7;1632361174002;;0;0;0;TJPE;G1;;2021/TJPE/09/G1/TJPE15559202109231632361173996;False;2021-09-22 22:39:34.002;Erro no arquivo
37;650423649;TJPE43520202109231632361172249;662e1dac3a2ff9550c9fe1b6139641353ddee9daee56416cfd5fff481efc8963;3;1632361172259;;100;100;0;TJPE;JE;1164563.0;2021/TJPE/09/JE/TJPE43520202109231632361172249;False;2021-09-22 22:39:32.259;Processado com sucesso
38;650423644;TJPE71212202109231632361170101;019ba3b2549d8cd1561257cd0b4527dd3ac219e5c827161904f7d7ed3c05ee20;7;1632361170121;;0;0;0;TJPE;G1;;2021/TJPE/09/G1/TJPE71212202109231632361170101;False;2021-09-22 22:39:30.121;Erro no arquivo
39;650423636;TJPE86410202109231632361162725;eccdf39c0de2acca7c47dacc576fab6bd718639b2a05be8715be1ab72157c766;7;1632361162750;;0;0;0;TJPE;G1;;2021/TJPE/09/G1/TJPE86410202109231632361162725;False;2021-09-22 22:39:22.750;Erro no arquivo
0;650423628;TJPE90958202109231632361156115;a0b1981bd9d8da8f6a65bc965844fe2f540ea3d24f8075f631663cbd6848b3d1;7;1632361156125;;0;0;0;TJPE;G1;;2021/TJPE/09/G1/TJPE90958202109231632361156115;False;2021-09-22 22:39:16.125;Erro no arquivo
1;650423623;TJPE74936202109231632361152013;b4fae59eb5f103526ec6aa680743b129571e31750a87c542d753e9e9285b7a31;7;1632361152021;;0;0;0;TJPE;G1;;2021/TJPE/09/G1/TJPE74936202109231632361152013;False;2021-09-22 22:39:12.021;Erro no arquivo
2;650423608;TJPE89114202109231632361147508;0ba50e528ffbd11155b7f6a24cacdb55e4cddac62703bc217910ddec5522a492;7;1632361147516;;0;0;0;TJPE;G1;;2021/TJPE/09/G1/TJPE89114202109231632361147508;False;2021-09-22 22:39:07.516;Erro no arquivo
3;650423594;TJPE83193202109231632361140166;f22af4d34a8f4c78c93860344d0f6c05504ad8e166796d09a5966993e000a31a;7;1632361140189;;0;0;0;TJPE;G1;;2021/TJPE/09/G1/TJPE83193202109231632361140166;False;2021-09-22 22:39:00.189;Erro no arquivo
4;650423582;TJPE12968202109231632361135561;d42ed036b5c02fc393a917c306a5394316e0b118c2f1bbb361c2757d84c515a3;7;1632361135576;;0;0;0;TJPE;G1;;2021/TJPE/09/G1/TJPE12968202109231632361135561;False;2021-09-22 22:38:55.576;Erro no arquivo
5;650423576;TJPE46950202109231632361129089;16be864713b43ed4056d15a9cc0a6cced0b75bbd824d1cf75551475c498adf59;7;1632361129101;;0;0;0;TJPE;G1;;2021/TJPE/09/G1/TJPE46950202109231632361129089;False;2021-09-22 22:38:49.101;Erro no arquivo
6;650423567;TJPE52321202109231632361124978;494f659e26ba4d730d3b8350479602525535a4c9261370ced3bb21bbc9752bb0;7;1632361124987;;0;0;0;TJPE;JE;;2021/TJPE/09/JE/TJPE52321202109231632361124978;False;2021-09-22 22:38:44.987;Erro no arquivo
7;650423564;TJPE18792202109231632361122365;f9c87a7f81cb619328d533242e34f2f238e7be716885c352ae70bb08ff7253ec;7;1632361122373;;0;0;0;TJPE;G1;;2021/TJPE/09/G1/TJPE18792202109231632361122365;False;2021-09-22 22:38:42.373;Erro no arquivo
8;650423544;TJPE37923202109231632361116728;3cc60fcc249faecdcf58f5e1e2380f1101e4f300000a1212482dc8cace168177;7;1632361116737;;0;0;0;TJPE;G1;;2021/TJPE/09/G1/TJPE37923202109231632361116728;False;2021-09-22 22:38:36.737;Erro no arquivo
9;650423536;TJPE35498202109231632361111911;2b295c164da67a2af7c514cbce5fc19f5b93936d042a3f35214d37c05fa68c9e;7;1632361111930;;0;0;0;TJPE;G1;;2021/TJPE/09/G1/TJPE35498202109231632361111911;False;2021-09-22 22:38:31.930;Erro no arquivo
10;650423521;TJPE74629202109231632361103943;5fe4147fb25c2c3fe0be77f9ab05d762b355391a9c8ec22b195e9c9e6fc6215a;7;1632361103955;;0;0;0;TJPE;G1;;2021/TJPE/09/G1/TJPE74629202109231632361103943;False;2021-09-22 22:38:23.955;Erro no arquivo
11;650423514;TJPE79180202109231632361099530;19e8e90519a47c8a4669d680f97481c32f956fa618c37727deb5a70c8b6cde84;3;1632361099600;;100;100;0;TJPE;G1;1767983.0;2021/TJPE/09/G1/TJPE79180202109231632361099530;False;2021-09-22 22:38:19.600;Processado com sucesso
12;650423484;TJPE45185202109231632361088894;7ff7e34d19786e4e267668c23f9ad5dcd99a8904e90f28b2a82c0d8a32f33098;7;1632361088908;;0;0;0;TJPE;G1;;2021/TJPE/09/G1/TJPE45185202109231632361088894;False;2021-09-22 22:38:08.908;Erro no arquivo
13;650423467;TJPE47248202109231632361082768;72114818c54e5059cf1b82905c45d2bd35740f0879cce8f73a07dfe1ab65eaf2;7;1632361082784;;0;0;0;TJPE;G1;;2021/TJPE/09/G1/TJPE47248202109231632361082768;False;2021-09-22 22:38:02.784;Erro no arquivo
14;650423446;TJPE45852202109231632361078717;a8da24b9d50e4ce1aa5cf0d12dd18d2f3a473751bea83567664289256ab12625;7;1632361078730;;0;0;0;TJPE;G1;;2021/TJPE/09/G1/TJPE45852202109231632361078717;False;2021-09-22 22:37:58.730;Erro no arquivo
15;650423431;TJPE92027202109231632361074799;2dce00fcbe8c4a199bb2fe429adf59bcee007b2dcc6324253f42e27685925493;7;1632361074806;;0;0;0;TJPE;G1;;2021/TJPE/09/G1/TJPE92027202109231632361074799;False;2021-09-22 22:37:54.806;Erro no arquivo
16;650423427;TJPE36280202109231632361070867;4a0e4c1ea77d046885411d7c2d76bf29f0acf0efa7d7b37c19be3e9c0ea5a076;7;1632361070893;;0;0;0;TJPE;G1;;2021/TJPE/09/G1/TJPE36280202109231632361070867;False;2021-09-22 22:37:50.893;Erro no arquivo
17;650423416;TJPE42320202109231632361065015;11a7c5211acb0bcc1463fe53d6d8fcee9f11e4acdb07760c8876502bf3b57c99;7;1632361065025;;0;0;0;TJPE;G1;;2021/TJPE/09/G1/TJPE42320202109231632361065015;False;2021-09-22 22:37:45.025;Erro no arquivo
18;650423402;TJPE11864202109231632361060772;bcc0c67477e5514926f6b64e65fdf1ac033b788bd1350698697b38e0a2aa44bd;3;1632361060780;;100;100;0;TJPE;JE;1059280.0;2021/TJPE/09/JE/TJPE11864202109231632361060772;False;2021-09-22 22:37:40.780;Processado com sucesso
19;650423391;TJPE45452202109231632361054849;60fd2326d06b612b77ecd694d70710ac7869c28539eedbd232d749f157b32ed8;7;1632361054860;;0;0;0;TJPE;G1;;2021/TJPE/09/G1/TJPE45452202109231632361054849;False;2021-09-22 22:37:34.860;Erro no arquivo
20;650423361;TJPE85301202109231632361045132;82bcf9403cb2deda46b303b34cb7802ddbbc4eb98d690b694280ffab8ce21ac3;3;1632361045141;;90;90;0;TJPE;G1;1142822.0;2021/TJPE/09/G1/TJPE85301202109231632361045132;False;2021-09-22 22:37:25.141;Processado com sucesso
21;650423331;TJPE42749202109231632361038118;80942ba8ff520076d1de4cd0e0cb76b90e5c2c57346bea41bf38857d01c27965;7;1632361038132;;0;0;0;TJPE;JE;;2021/TJPE/09/JE/TJPE42749202109231632361038118;False;2021-09-22 22:37:18.132;Erro no arquivo
22;650423318;TJPE46123202109231632361033484;954908e3a95a3cc08fff6940ead8140f9da4729df6b7fb4e412abb4967a0554a;7;1632361033493;;0;0;0;TJPE;G1;;2021/TJPE/09/G1/TJPE46123202109231632361033484;False;2021-09-22 22:37:13.493;Erro no arquivo
23;650423308;TJPE33434202109231632361028102;bec0232db85670972786ae501acf0da65bfc1b1e414595df96d5fc23adbdf49d;7;1632361028116;;0;0;0;TJPE;G1;;2021/TJPE/09/G1/TJPE33434202109231632361028102;False;2021-09-22 22:37:08.116;Erro no arquivo
24;650423280;TJPE45863202109231632361023000;e6b079b5c711f7f3a9501ffca912402e2f38b758822d967d72d7900cf79999e7;7;1632361023022;;0;0;0;TJPE;G1;;2021/TJPE/09/G1/TJPE45863202109231632361023000;False;2021-09-22 22:37:03.022;Erro no arquivo
25;650423253;TJPE64927202109231632361019626;e229a636b1d12e49d3958c6a14b098f7ce1e53b51daae1bf00bc056ebe590aaa;3;1632361019634;;100;100;0;TJPE;JE;1142636.0;2021/TJPE/09/JE/TJPE64927202109231632361019626;False;2021-09-22 22:36:59.634;Processado com sucesso
26;650423232;TJPE76395202109231632361013389;bd96affd5b20ae2d4215dfb81912d1ec4b5c5876247dd2eef2747d0a5cbc518d;7;1632361013396;;0;0;0;TJPE;G1;;2021/TJPE/09/G1/TJPE76395202109231632361013389;False;2021-09-22 22:36:53.396;Erro no arquivo
27;650423207;TJPE50823202109231632361007477;953cfcf8b9ea24c36f9651985e3e2c4aeec316ef4a3e9c9d9e59a48357b0eafe;7;1632361007485;;0;0;0;TJPE;JE;;2021/TJPE/09/JE/TJPE50823202109231632361007477;False;2021-09-22 22:36:47.485;Erro no arquivo
28;650423187;TJPE82412202109231632361000969;7c461eb42b3fdca4aec4802c34c5831f8fba48e7a340d900f19895fa20613d3a;7;1632361000976;;0;0;0;TJPE;G1;;2021/TJPE/09/G1/TJPE82412202109231632361000969;False;2021-09-22 22:36:40.976;Erro no arquivo
29;650423169;TJPE90909202109231632360993380;393711418456e88654e134fa7ae838a44ecb902c7005ce4e2789ac487e656264;7;1632360993401;;0;0;0;TJPE;G1;;2021/TJPE/09/G1/TJPE90909202109231632360993380;False;2021-09-22 22:36:33.401;Erro no arquivo
30;650423159;TJPE99050202109231632360991310;d8b6e23d1a875697e1aa506aa532f771196c92719cf87e65d8d8cfff0eb2195c;7;1632360991323;;0;0;0;TJPE;G1;;2021/TJPE/09/G1/TJPE99050202109231632360991310;False;2021-09-22 22:36:31.323;Erro no arquivo
31;650423153;TJPE10521202109231632360989161;f2e71502c02de04fcc2bc4f16bf63da3f5eeec51864e2797987ff4067001d8a7;7;1632360989174;;0;0;0;TJPE;G1;;2021/TJPE/09/G1/TJPE10521202109231632360989161;False;2021-09-22 22:36:29.174;Erro no arquivo
32;650423151;TJPE28722202109231632360987177;e871c744bf41df2cc522ad52a48cd96b4ca748a70aaabb3421559abd815f69cf;7;1632360987185;;0;0;0;TJPE;G1;;2021/TJPE/09/G1/TJPE28722202109231632360987177;False;2021-09-22 22:36:27.185;Erro no arquivo
33;650423146;TJPE42621202109231632360985536;07bff8a8ed95f5e12b64588c83a35cd4c744a3568e99ebed815c3c7a8f9bd0a2;7;1632360985544;;0;0;0;TJPE;G1;;2021/TJPE/09/G1/TJPE42621202109231632360985536;False;2021-09-22 22:36:25.544;Erro no arquivo
34;650423140;TJPE77190202109231632360983550;cef5a6da34b9f4454dea6568964bf76f8c7be39ba36b83f64237f8a280e27cae;7;1632360983573;;0;0;0;TJPE;G1;;2021/TJPE/09/G1/TJPE77190202109231632360983550;False;2021-09-22 22:36:23.573;Erro no arquivo
35;650423131;TJPE11962202109231632360981342;036cc12af319ba5f64dbf6b7d57f0cbd1ce601b974669b9d904488d88b367135;7;1632360981354;;0;0;0;TJPE;G1;;2021/TJPE/09/G1/TJPE11962202109231632360981342;False;2021-09-22 22:36:21.354;Erro no arquivo
36;650423124;TJPE31304202109231632360979369;0e9e97e6ab49d80dbed1999d3d86ba9fce5f0b86b7c2a3c2ecb88721fe83eadd;7;1632360979378;;0;0;0;TJPE;G1;;2021/TJPE/09/G1/TJPE31304202109231632360979369;False;2021-09-22 22:36:19.378;Erro no arquivo
37;650423081;TJPE25347202109231632360965085;b4dea16337c21d14d8eaf14ef1b9217173a106ed0dacea821f0386b1ab1f7df9;7;1632360965098;;0;0;0;TJPE;G1;;2021/TJPE/09/G1/TJPE25347202109231632360965085;False;2021-09-22 22:36:05.098;Erro no arquivo
38;650423068;TJPE33659202109231632360962769;358e20659f9740253e0bc5a0930d7541502b7f73c9fe6f7132b0ea10cc208b50;7;1632360962786;;0;0;0;TJPE;G1;;2021/TJPE/09/G1/TJPE33659202109231632360962769;False;2021-09-22 22:36:02.786;Erro no arquivo
39;650423058;TJPE56243202109231632360960719;36b5dc024e9904ed47baff672cb6d7f1ff32562feaae20eccc8351a704463989;7;1632360960727;;0;0;0;TJPE;G1;;2021/TJPE/09/G1/TJPE56243202109231632360960719;False;2021-09-22 22:36:00.727;Erro no arquivo
0;650423053;TJPE72272202109231632360959010;bf54f3ab38e2c1680f936d76c07d8db9cebe707568e166ef1f03f376bc82c386;7;1632360959025;;0;0;0;TJPE;G1;;2021/TJPE/09/G1/TJPE72272202109231632360959010;False;2021-09-22 22:35:59.025;Erro no arquivo
1;650423046;TJPE38248202109231632360955918;076879ca1ccd65fbcb45a804cd9e91d3d95f18eed57b446bd642d5f70acd9b93;7;1632360955928;;0;0;0;TJPE;G1;;2021/TJPE/09/G1/TJPE38248202109231632360955918;False;2021-09-22 22:35:55.928;Erro no arquivo
2;650423037;TJPE85820202109231632360954013;7c59ed8b7ce167a804a4a66741301c72d59870373acc70795b6656dc5bc1207e;7;1632360954024;;0;0;0;TJPE;G1;;2021/TJPE/09/G1/TJPE85820202109231632360954013;False;2021-09-22 22:35:54.024;Erro no arquivo
3;650423032;TJPE20188202109231632360951842;3cfd3162d5bad0c8b365f0132c36e8477736035de4f61fdb880465aed264f1ca;3;1632360951849;;93;93;0;TJPE;G1;893474.0;2021/TJPE/09/G1/TJPE20188202109231632360951842;False;2021-09-22 22:35:51.849;Processado com sucesso
4;650423028;TJPE20780202109231632360949989;fa33764296201ed5d13a16db705aa75963b6900f4628f7b696663f28bacaa72d;7;1632360949995;;0;0;0;TJPE;G1;;2021/TJPE/09/G1/TJPE20780202109231632360949989;False;2021-09-22 22:35:49.995;Erro no arquivo
5;650423026;TJPE67766202109231632360948388;38e5f878e321ad3dc81d6a5e68d49779cd79fd43c240ce1ee42c31785efc2c77;7;1632360948406;;0;0;0;TJPE;G1;;2021/TJPE/09/G1/TJPE67766202109231632360948388;False;2021-09-22 22:35:48.406;Erro no arquivo
6;650423023;TJPE68385202109231632360946481;fd7b0548f010be615fee32290bf68452c0f13b9a4dffa9cae9974672c8037851;7;1632360946488;;0;0;0;TJPE;G1;;2021/TJPE/09/G1/TJPE68385202109231632360946481;False;2021-09-22 22:35:46.488;Erro no arquivo
7;650423022;TJPE61333202109231632360944710;0e13a4ece989e116ad8a5203c36f0f4bc52a086efb9682d171bba85e3f460831;7;1632360944720;;0;0;0;TJPE;G1;;2021/TJPE/09/G1/TJPE61333202109231632360944710;False;2021-09-22 22:35:44.720;Erro no arquivo
8;650423019;TJPE22661202109231632360942822;58973341119ed0e5d22d8ed6ea11deb724346a323f1814b6055ff1281013e052;7;1632360942839;;0;0;0;TJPE;G1;;2021/TJPE/09/G1/TJPE22661202109231632360942822;False;2021-09-22 22:35:42.839;Erro no arquivo
9;650423015;TJPE90118202109231632360940388;0de1b0c906659460cd1ae3ebd8c15dd346fe922fcfff681a38b4679a7f2bf852;7;1632360940403;;0;0;0;TJPE;G1;;2021/TJPE/09/G1/TJPE90118202109231632360940388;False;2021-09-22 22:35:40.403;Erro no arquivo
10;650423012;TJPE84631202109231632360938429;6c2c7c873d2b17fe2c309c5591aa21887ac0297d2c1e097e030a08fed2d832d6;7;1632360938439;;0;0;0;TJPE;G1;;2021/TJPE/09/G1/TJPE84631202109231632360938429;False;2021-09-22 22:35:38.439;Erro no arquivo
11;650423009;TJPE72377202109231632360936470;efa8a9cc19e3fa5719d9d236624cc500c58f11ee9c80d74b5bdb4f5733538f86;7;1632360936479;;0;0;0;TJPE;JE;;2021/TJPE/09/JE/TJPE72377202109231632360936470;False;2021-09-22 22:35:36.479;Erro no arquivo
12;650422998;TJPE59232202109231632360933888;19f174047ec13c3051b59b6bfc750a18f63295237f8723853a1155ae796ecf34;7;1632360933908;;0;0;0;TJPE;G1;;2021/TJPE/09/G1/TJPE59232202109231632360933888;False;2021-09-22 22:35:33.908;Erro no arquivo
13;650422993;TJPE47768202109231632360931116;cb640e9aa13f9f4c1b48f8342ffcc4c2036aaf2ddc029d69a13719094110e6f7;7;1632360931124;;0;0;0;TJPE;G1;;2021/TJPE/09/G1/TJPE47768202109231632360931116;False;2021-09-22 22:35:31.124;Erro no arquivo
14;650422991;TJPE54999202109231632360929269;c435263d0e90e0a36c9173747e51bd4a4df2cd0695c2258c15c98639296d2c3a;7;1632360929281;;0;0;0;TJPE;G1;;2021/TJPE/09/G1/TJPE54999202109231632360929269;False;2021-09-22 22:35:29.281;Erro no arquivo
15;650422989;TJPE89964202109231632360927214;a2f60a0ec35c78008710904419612fdba92d85410310a2a812518dc6cb88aae7;7;1632360927230;;0;0;0;TJPE;G1;;2021/TJPE/09/G1/TJPE89964202109231632360927214;False;2021-09-22 22:35:27.230;Erro no arquivo
16;650422986;TJPE52693202109231632360925476;f294841e740c3c188dcd53b34b5157b94451d8448623b12b2b0c5fc8e292767e;7;1632360925485;;0;0;0;TJPE;G1;;2021/TJPE/09/G1/TJPE52693202109231632360925476;False;2021-09-22 22:35:25.485;Erro no arquivo
17;650422979;TJPE39417202109231632360923432;a1aae3833a1b08cba96442838bf55dd11f8eaabe3ffec7bfd26918b7479dcd90;7;1632360923444;;0;0;0;TJPE;G1;;2021/TJPE/09/G1/TJPE39417202109231632360923432;False;2021-09-22 22:35:23.444;Erro no arquivo
18;650422973;TJPE73086202109231632360920497;2e60d9c9a0e9f6ecf773ea1cea5b0afa8cc56fa823df8031c791afd9cfea0e6e;7;1632360920507;;0;0;0;TJPE;G1;;2021/TJPE/09/G1/TJPE73086202109231632360920497;False;2021-09-22 22:35:20.507;Erro no arquivo
19;650422968;TJPE57866202109231632360918758;e523a3ded920196c4123c4d89c50786122105805f4a100ddafcf57a7e4f73612;7;1632360918774;;0;0;0;TJPE;G1;;2021/TJPE/09/G1/TJPE57866202109231632360918758;False;2021-09-22 22:35:18.774;Erro no arquivo
20;650422961;TJPE13102202109231632360915940;55c27ada2c280d620dbea3d62e29d0606c74cc0f225152a42e989f3ad51bc0f9;3;1632360915950;;100;100;0;TJPE;JE;1113044.0;2021/TJPE/09/JE/TJPE13102202109231632360915940;False;2021-09-22 22:35:15.950;Processado com sucesso
21;650422957;TJPE88286202109231632360913787;72ba27bcf8c91894e1a027cb0c9a583c99254ee056f7268bfa31858549e89236;7;1632360913796;;0;0;0;TJPE;G1;;2021/TJPE/09/G1/TJPE88286202109231632360913787;False;2021-09-22 22:35:13.796;Erro no arquivo
22;650422947;TJPE31782202109231632360911650;a5ece15107b12d34a986855e8095b0a581d4c4fe3a3e68c81cafa56e9bc190de;7;1632360911660;;0;0;0;TJPE;G1;;2021/TJPE/09/G1/TJPE31782202109231632360911650;False;2021-09-22 22:35:11.660;Erro no arquivo
23;650422939;TJPE37048202109231632360909310;8280958acd3e719086bdd6a249a17d7ed42e979871e9580bd340e47ba7532b24;3;1632360909320;;100;100;0;TJPE;JE;1272139.0;2021/TJPE/09/JE/TJPE37048202109231632360909310;False;2021-09-22 22:35:09.320;Processado com sucesso
24;650422933;TJPE27281202109231632360907273;5219d4069d76f865a1378274713708c980e10baae5dfb0364ad61f0767e20b9c;7;1632360907282;;0;0;0;TJPE;G1;;2021/TJPE/09/G1/TJPE27281202109231632360907273;False;2021-09-22 22:35:07.282;Erro no arquivo
25;650422923;TJPE64116202109231632360904394;4755947050c36c4e55221bdf26bb6578ff9097d6021ea2f0e3482abaf05a70de;7;1632360904409;;0;0;0;TJPE;G1;;2021/TJPE/09/G1/TJPE64116202109231632360904394;False;2021-09-22 22:35:04.409;Erro no arquivo
26;650422919;TJPE39513202109231632360902119;174c988032bbbbb351019856be7c6bf3a67ca22a9dfcde92d911241e83528703;7;1632360902129;;0;0;0;TJPE;G1;;2021/TJPE/09/G1/TJPE39513202109231632360902119;False;2021-09-22 22:35:02.129;Erro no arquivo
27;650422914;TJPE70382202109231632360899741;2499af5e39cf9fb704f9200403c7d9aacb039459ac8107deee6ddfe658ab57f0;7;1632360899748;;0;0;0;TJPE;G1;;2021/TJPE/09/G1/TJPE70382202109231632360899741;False;2021-09-22 22:34:59.748;Erro no arquivo
28;650422902;TJPE22128202109231632360895867;8450f6aa07647e283cb22e4c0934902c086d32b61ccbb33fcb7e9848e40dde9f;7;1632360895878;;0;0;0;TJPE;G1;;2021/TJPE/09/G1/TJPE22128202109231632360895867;False;2021-09-22 22:34:55.878;Erro no arquivo
29;650422883;TJPE45268202109231632360889864;4ad5078a0878d9746d07786d1cee8c95e5fc100f26912a93b6b54d60bc77b7a8;7;1632360889873;;0;0;0;TJPE;G1;;2021/TJPE/09/G1/TJPE45268202109231632360889864;False;2021-09-22 22:34:49.873;Erro no arquivo
30;650422862;TJPE83205202109231632360881439;cee6de9f40ecddf367e030237b5fe01d41ce73f8b22b97937c6cc8ccde1891d3;3;1632360881457;;94;94;0;TJPE;G1;888115.0;2021/TJPE/09/G1/TJPE83205202109231632360881439;False;2021-09-22 22:34:41.457;Processado com sucesso
31;650422848;TJPE46345202109231632360876771;6d3127af4d40a7952c7287892303f7334e3c3a8c073c455769c5919f13ed5980;7;1632360876778;;0;0;0;TJPE;G1;;2021/TJPE/09/G1/TJPE46345202109231632360876771;False;2021-09-22 22:34:36.778;Erro no arquivo
32;650422836;TJPE17216202109231632360874221;36980173439c5207d53070b1adced969e59cc10060087d75c3a461f9a368f7b7;7;1632360874230;;0;0;0;TJPE;G1;;2021/TJPE/09/G1/TJPE17216202109231632360874221;False;2021-09-22 22:34:34.230;Erro no arquivo
33;650422813;TJPE69837202109231632360867531;f866e369f1280f1c1c174e25435c30762f6422fd7c39d68ebf28f6c63d6a51e3;7;1632360867540;;0;0;0;TJPE;G1;;2021/TJPE/09/G1/TJPE69837202109231632360867531;False;2021-09-22 22:34:27.540;Erro no arquivo
34;650422808;TJPE51989202109231632360863395;b634e39891e8b3ae10dab25cd841647e68fd107c14b647966e33ae87125ab0c8;7;1632360863406;;0;0;0;TJPE;G1;;2021/TJPE/09/G1/TJPE51989202109231632360863395;False;2021-09-22 22:34:23.406;Erro no arquivo
35;650422788;TJPE99516202109231632360855774;6b650f7b430ae1fb1cbc67e3c019fb80c18e612ced720d9d8739e0b20e9c6c2f;7;1632360855784;;0;0;0;TJPE;G1;;2021/TJPE/09/G1/TJPE99516202109231632360855774;False;2021-09-22 22:34:15.784;Erro no arquivo
36;650422770;TJPE16875202109231632360848630;a0d1121236e5249ca9b32a1ca4881d40b8f3807b3a01e2c9f5bfea7507df8966;7;1632360848637;;0;0;0;TJPE;G1;;2021/TJPE/09/G1/TJPE16875202109231632360848630;False;2021-09-22 22:34:08.637;Erro no arquivo
37;650422752;TJPE25035202109231632360844105;4179df7a8694509902d580927ce287f3aad4469e426525c36405f2189a6d8ce5;7;1632360844117;;0;0;0;TJPE;G1;;2021/TJPE/09/G1/TJPE25035202109231632360844105;False;2021-09-22 22:34:04.117;Erro no arquivo
38;650422731;TJPE34755202109231632360836849;4ff8d3ae668c1562fd3b78a674c6622d0da5593ad6721124fd794081c6507f08;7;1632360836856;;0;0;0;TJPE;G1;;2021/TJPE/09/G1/TJPE34755202109231632360836849;False;2021-09-22 22:33:56.856;Erro no arquivo
39;650422729;TJPE75851202109231632360834303;8d445b61ff7835a6514a62e9af2dd6ee8a4090f8a28a576e74154f32f2cdf259;7;1632360834312;;0;0;0;TJPE;G1;;2021/TJPE/09/G1/TJPE75851202109231632360834303;False;2021-09-22 22:33:54.312;Erro no arquivo
0;650422718;TJPE39187202109231632360832301;6d8bc346eb7507409f7a5ddd643d066102de61b215719d0c45d03493ac02ffb6;7;1632360832310;;0;0;0;TJPE;G1;;2021/TJPE/09/G1/TJPE39187202109231632360832301;False;2021-09-22 22:33:52.310;Erro no arquivo
1;650422713;TJPE74916202109231632360830138;22a934ffa80b39478ece920c6af54bcc004f56baeeea12a11ed4a493fd3f551e;7;1632360830147;;0;0;0;TJPE;G1;;2021/TJPE/09/G1/TJPE74916202109231632360830138;False;2021-09-22 22:33:50.147;Erro no arquivo
2;650422710;TJPE17187202109231632360828055;d4ceeebdcb50323862ea11cf50123f6347c805e9e1403fb16f0372814f1e7ced;7;1632360828066;;0;0;0;TJPE;G1;;2021/TJPE/09/G1/TJPE17187202109231632360828055;False;2021-09-22 22:33:48.066;Erro no arquivo
3;650422704;TJPE83932202109231632360826028;e4ed57e7588dd9bbae9d82104be4ff2ed095c9b79274a618f3c1bc7ef97dfe34;7;1632360826048;;0;0;0;TJPE;G1;;2021/TJPE/09/G1/TJPE83932202109231632360826028;False;2021-09-22 22:33:46.048;Erro no arquivo
4;650422698;TJPE92398202109231632360824216;cc9d05f4436fe8c4b874d6d8943d8f65c33e2a568ff7b49e280bfc9bbfa320f9;7;1632360824227;;0;0;0;TJPE;G1;;2021/TJPE/09/G1/TJPE92398202109231632360824216;False;2021-09-22 22:33:44.227;Erro no arquivo
5;650422694;TJPE21650202109231632360822060;217a2d2a23ad6b4a4b980d939967ec47b9c081a9dc42fb73840abd80677c53cc;7;1632360822069;;0;0;0;TJPE;G1;;2021/TJPE/09/G1/TJPE21650202109231632360822060;False;2021-09-22 22:33:42.069;Erro no arquivo
6;650422688;TJPE95893202109231632360819824;ae0ff7a126cb2447e89cf1e6f50e2218eecba212d73d020319e1473fbe4f3086;7;1632360819832;;0;0;0;TJPE;G1;;2021/TJPE/09/G1/TJPE95893202109231632360819824;False;2021-09-22 22:33:39.832;Erro no arquivo
7;650422682;TJPE40625202109231632360818097;d1199a488f9f9ec9ba269d26607db4c2e5eeda040cd2c221d19ab25c5c78cea9;7;1632360818104;;0;0;0;TJPE;G1;;2021/TJPE/09/G1/TJPE40625202109231632360818097;False;2021-09-22 22:33:38.104;Erro no arquivo
8;650422674;TJPE29904202109231632360816135;fefa1884d457375c945008fda937b8bf8c3ebe5e659905f0b946d36dbe181873;7;1632360816144;;0;0;0;TJPE;G1;;2021/TJPE/09/G1/TJPE29904202109231632360816135;False;2021-09-22 22:33:36.144;Erro no arquivo
9;650422665;TJPE65367202109231632360813675;d7731ae49cd63a67250fe50b1d3138d4e628b329d35021faedf30638529f74f1;7;1632360813686;;0;0;0;TJPE;G1;;2021/TJPE/09/G1/TJPE65367202109231632360813675;False;2021-09-22 22:33:33.686;Erro no arquivo
10;650422662;TJPE60703202109231632360811791;dfedf76d979519b2944a4f881ae2f1bf16e9147fd346e67256b9c4253e3e3103;3;1632360811803;;100;100;0;TJPE;JE;1090903.0;2021/TJPE/09/JE/TJPE60703202109231632360811791;False;2021-09-22 22:33:31.803;Processado com sucesso
11;650422656;TJPE19795202109231632360809714;2213d9b221a1cf44916d2391cc02044b322031aa41e6287d1125f2a190564b47;7;1632360809723;;0;0;0;TJPE;G1;;2021/TJPE/09/G1/TJPE19795202109231632360809714;False;2021-09-22 22:33:29.723;Erro no arquivo
12;650422648;TJPE36921202109231632360807403;08ff3be0d8eb0b8f1fefce90b6b71de8698db1fccc6d4d1494a514fd941ba721;7;1632360807411;;0;0;0;TJPE;G1;;2021/TJPE/09/G1/TJPE36921202109231632360807403;False;2021-09-22 22:33:27.411;Erro no arquivo
13;650422640;TJPE12826202109231632360805529;3cf651f8eb30ff6127394df7d04f0b02cb13a6719253a8e38f39df11eb777d9c;7;1632360805537;;0;0;0;TJPE;G1;;2021/TJPE/09/G1/TJPE12826202109231632360805529;False;2021-09-22 22:33:25.537;Erro no arquivo
14;650422634;TJPE20939202109231632360803405;9a576d2fffa185f0a2b880d37e4901de63e134d72d5aceec04d0f91094bf8fe7;7;1632360803415;;0;0;0;TJPE;G1;;2021/TJPE/09/G1/TJPE20939202109231632360803405;False;2021-09-22 22:33:23.415;Erro no arquivo
15;650422626;TJPE11364202109231632360801028;b6bbfdd3ab9d5e22eebc95d90a62d69aa782638a59c8f5aa96ac01057f98e10a;7;1632360801037;;0;0;0;TJPE;G1;;2021/TJPE/09/G1/TJPE11364202109231632360801028;False;2021-09-22 22:33:21.037;Erro no arquivo
16;650422619;TJPE80589202109231632360799016;97d14ce2a12b83a0115ec90bdf51d9a7519c3393cceca476373387d460af455b;3;1632360799029;;100;100;0;TJPE;JE;1141097.0;2021/TJPE/09/JE/TJPE80589202109231632360799016;False;2021-09-22 22:33:19.029;Processado com sucesso
17;650422611;TJPE81486202109231632360796855;5447a112aa29cdc0d9b5f07704c9020fc533da89ede218b9074e39b33d0f21c0;7;1632360796869;;0;0;0;TJPE;G1;;2021/TJPE/09/G1/TJPE81486202109231632360796855;False;2021-09-22 22:33:16.869;Erro no arquivo
18;650422609;TJPE29224202109231632360794677;5e1da8d6b4becaca9f6b75339861d05d1be1b3fdade4e4abf0f03f33f995a8e4;7;1632360794692;;0;0;0;TJPE;G1;;2021/TJPE/09/G1/TJPE29224202109231632360794677;False;2021-09-22 22:33:14.692;Erro no arquivo
19;650422598;TJPE47055202109231632360792294;9d96504252bb3dcb4961b154c57a6df470031a267d3eacea88fea92dd049316a;7;1632360792303;;0;0;0;TJPE;G1;;2021/TJPE/09/G1/TJPE47055202109231632360792294;False;2021-09-22 22:33:12.303;Erro no arquivo
20;650422595;TJPE99844202109231632360790440;402cd4d3f5f9c36606c5cb9e4e615719dea1be53eae0566a485ededbf23247a1;7;1632360790449;;0;0;0;TJPE;G1;;2021/TJPE/09/G1/TJPE99844202109231632360790440;False;2021-09-22 22:33:10.449;Erro no arquivo
21;650422593;TJPE86495202109231632360788228;c14c2610a8719f150ccfe78ebb657ee226dc561fc579beca7f27d42e5d81be68;7;1632360788244;;0;0;0;TJPE;G1;;2021/TJPE/09/G1/TJPE86495202109231632360788228;False;2021-09-22 22:33:08.244;Erro no arquivo
22;650422590;TJPE57278202109231632360785956;b728e3aee75fb8125740d861d5b3851a5df381789d7d428f1f841fa312b0b64c;7;1632360785972;;0;0;0;TJPE;G1;;2021/TJPE/09/G1/TJPE57278202109231632360785956;False;2021-09-22 22:33:05.972;Erro no arquivo
23;650422585;TJPE32770202109231632360783710;1d6df7320149f0f752adbc1b360174082063481f6af768ecb3532dc6ff098c11;7;1632360783788;;0;0;0;TJPE;G1;;2021/TJPE/09/G1/TJPE32770202109231632360783710;False;2021-09-22 22:33:03.788;Erro no arquivo
24;650422578;TJPE19375202109231632360781095;b4f8cb6d17d57d3023f9e601f83bd899875f83f23bf52a961d4222b86a02a1bd;7;1632360781109;;0;0;0;TJPE;JE;;2021/TJPE/09/JE/TJPE19375202109231632360781095;False;2021-09-22 22:33:01.109;Erro no arquivo
25;650422565;TJPE87345202109231632360778870;cec1ec6b6b0675c8b37652a04599c150f0fbb8466a7ca058478aaaa35d0acf5a;7;1632360778889;;0;0;0;TJPE;G1;;2021/TJPE/09/G1/TJPE87345202109231632360778870;False;2021-09-22 22:32:58.889;Erro no arquivo
26;650422561;TJPE26171202109231632360777009;42fbd936d800b066e48e36cdc82f90d9e4090c7b14571e9fcd4fbc22952b816f;7;1632360777018;;0;0;0;TJPE;G1;;2021/TJPE/09/G1/TJPE26171202109231632360777009;False;2021-09-22 22:32:57.018;Erro no arquivo
27;650422558;TJPE95747202109231632360774960;85c6ee1d7dd7ea5d50daa9b395d3b2caa31891896f9e8ee44365803e76892b90;7;1632360774985;;0;0;0;TJPE;G1;;2021/TJPE/09/G1/TJPE95747202109231632360774960;False;2021-09-22 22:32:54.985;Erro no arquivo
28;650422527;TJPE67239202109231632360763772;2d56a9ae568650a2961906460c7571b46cf8a3e8ae871ebf60720a25629310a6;7;1632360763782;;0;0;0;TJPE;G1;;2021/TJPE/09/G1/TJPE67239202109231632360763772;False;2021-09-22 22:32:43.782;Erro no arquivo
29;650422513;TJPE29925202109231632360755030;fca1ee21236c6d5fda095ef37c1839fe6048068a7828eeba82c242a9a832949f;7;1632360755038;;0;0;0;TJPE;G1;;2021/TJPE/09/G1/TJPE29925202109231632360755030;False;2021-09-22 22:32:35.038;Erro no arquivo
30;650422499;TJPE92512202109231632360746020;69f1bdb95b1714355f45b1aa9b1b3c39785f3c5b112d62ebe941641bf2391dde;7;1632360746027;;0;0;0;TJPE;G1;;2021/TJPE/09/G1/TJPE92512202109231632360746020;False;2021-09-22 22:32:26.027;Erro no arquivo
31;650422471;TJPE10235202109231632360737960;7408c7ef9f7dd741436bbf1c6ff22eee02d30c4440bed9a320780a2ea3f3f72b;7;1632360737969;;0;0;0;TJPE;G1;;2021/TJPE/09/G1/TJPE10235202109231632360737960;False;2021-09-22 22:32:17.969;Erro no arquivo
32;650422462;TJPE75148202109231632360734363;f960b0e4baf0e08518f3871ec6390f9eac450836f2985e1689f72df837125489;7;1632360734384;;0;0;0;TJPE;JE;;2021/TJPE/09/JE/TJPE75148202109231632360734363;False;2021-09-22 22:32:14.384;Erro no arquivo
33;650422456;TJPE21380202109231632360730907;3b4fd8608d03a0bcf181122a6f9c8e3eeb27df1cf774346adbf2ede7bde6feee;7;1632360730914;;0;0;0;TJPE;G1;;2021/TJPE/09/G1/TJPE21380202109231632360730907;False;2021-09-22 22:32:10.914;Erro no arquivo
34;650422443;TJPE88489202109231632360725250;fa29a6d02807155a3215acffb83b54b37b729b6900bfeceb0c4081391ec9df62;7;1632360725258;;0;0;0;TJPE;G1;;2021/TJPE/09/G1/TJPE88489202109231632360725250;False;2021-09-22 22:32:05.258;Erro no arquivo
35;650422436;TJPE23577202109231632360719678;d0df9bff97b1a6163b52516dccbe68dece1aafa9635110c2551c649cbe3d9fdf;7;1632360719687;;0;0;0;TJPE;G1;;2021/TJPE/09/G1/TJPE23577202109231632360719678;False;2021-09-22 22:31:59.687;Erro no arquivo
36;650422421;TJPE49889202109231632360713431;d097de60e20a2cb3004c56396e2d536db52a3e947ee38dbf0e3c9532ec18899e;7;1632360713438;;0;0;0;TJPE;G1;;2021/TJPE/09/G1/TJPE49889202109231632360713431;False;2021-09-22 22:31:53.438;Erro no arquivo
37;650422413;TJPE96252202109231632360706848;3e53278c5f61e2eefd50be5e27a45f932794eb68d871c974851084be522ef0c9;7;1632360706869;;0;0;0;TJPE;G1;;2021/TJPE/09/G1/TJPE96252202109231632360706848;False;2021-09-22 22:31:46.869;Erro no arquivo
38;650422408;TJPE64713202109231632360701163;dfab45fd528dc7c36c9f6d81ebfd7befcbea70f74b7e7b9ab6cbba01b7fc42c5;7;1632360701173;;0;0;0;TJPE;G1;;2021/TJPE/09/G1/TJPE64713202109231632360701163;False;2021-09-22 22:31:41.173;Erro no arquivo
39;650422407;TJPE52676202109231632360698925;c5531923aa1dbc7acd56d2caa74059d754f4f7f9ee9b280787c12614057edaa9;7;1632360698935;;0;0;0;TJPE;G1;;2021/TJPE/09/G1/TJPE52676202109231632360698925;False;2021-09-22 22:31:38.935;Erro no arquivo
0;650422405;TJPE93810202109231632360697018;7207c682684f1b1ba1915c75c09d7e36153f57a162a5b1f3c59797e3f83a410e;7;1632360697033;;0;0;0;TJPE;G1;;2021/TJPE/09/G1/TJPE93810202109231632360697018;False;2021-09-22 22:31:37.033;Erro no arquivo
1;650422401;TJPE20874202109231632360694790;b3fa37c143f8201e57ba41e67fb9cd0685169a7983493071c5eba5c3e10527e3;7;1632360694817;;0;0;0;TJPE;G1;;2021/TJPE/09/G1/TJPE20874202109231632360694790;False;2021-09-22 22:31:34.817;Erro no arquivo
2;650422397;TJPE36536202109231632360692400;f3ab4fdaabe28bc34660402e4685ea562c979b55f1d6855ab78d8d08aeca2495;7;1632360692410;;0;0;0;TJPE;G1;;2021/TJPE/09/G1/TJPE36536202109231632360692400;False;2021-09-22 22:31:32.410;Erro no arquivo
3;650422391;TJPE48214202109231632360689962;953c60197c26006bf799b39daaa9c601f8844797348c8f935e806b37ecf7fff1;7;1632360689970;;0;0;0;TJPE;G1;;2021/TJPE/09/G1/TJPE48214202109231632360689962;False;2021-09-22 22:31:29.970;Erro no arquivo
4;650422389;TJPE51215202109231632360688166;3ac64a489ca106ab1ca64dc9bd6838d39f334dc9aae62e7aa7d864d07ef247dd;7;1632360688176;;0;0;0;TJPE;G1;;2021/TJPE/09/G1/TJPE51215202109231632360688166;False;2021-09-22 22:31:28.176;Erro no arquivo
5;650422384;TJPE81597202109231632360685972;45c71ccf044b521bf0980db399b73a0d01eef908b92e05f739c9c7179ae284de;7;1632360685990;;0;0;0;TJPE;G1;;2021/TJPE/09/G1/TJPE81597202109231632360685972;False;2021-09-22 22:31:25.990;Erro no arquivo
6;650422381;TJPE30493202109231632360683724;19df1213e96fb35ac095151726fd08b4a46354f1575983b4992667d698cc9c69;7;1632360683734;;0;0;0;TJPE;G1;;2021/TJPE/09/G1/TJPE30493202109231632360683724;False;2021-09-22 22:31:23.734;Erro no arquivo
7;650422373;TJPE82682202109231632360681164;a9ff8a0f332c91c5b8e4159d906bfba823704ae400cc1b7fb8fbe61ca1643b21;7;1632360681173;;0;0;0;TJPE;G1;;2021/TJPE/09/G1/TJPE82682202109231632360681164;False;2021-09-22 22:31:21.173;Erro no arquivo
8;650422370;TJPE36802202109231632360678908;5300e89e5a5404470ac0cdf8043ab1df3d01cdf95727f5e1fc205d0859fbf702;7;1632360678923;;0;0;0;TJPE;G1;;2021/TJPE/09/G1/TJPE36802202109231632360678908;False;2021-09-22 22:31:18.923;Erro no arquivo
9;650422363;TJPE99093202109231632360675959;69cd2308296c969b26c3dfdb81b007adcdf7bfc14672255a327d1e71e91dfa09;7;1632360675967;;0;0;0;TJPE;G1;;2021/TJPE/09/G1/TJPE99093202109231632360675959;False;2021-09-22 22:31:15.967;Erro no arquivo
10;650422361;TJPE72620202109231632360674100;b7f5274827683e0dc5059944902488aa87315058c00780aa318da0dd16a4126a;7;1632360674117;;0;0;0;TJPE;G1;;2021/TJPE/09/G1/TJPE72620202109231632360674100;False;2021-09-22 22:31:14.117;Erro no arquivo
11;650422357;TJPE80630202109231632360671980;3f416b13bc48e7ef0bd6575a8c6b1260814fb48f5eb19c64b542ac42dc8aa2cf;3;1632360671989;;100;100;0;TJPE;JE;1177615.0;2021/TJPE/09/JE/TJPE80630202109231632360671980;False;2021-09-22 22:31:11.989;Processado com sucesso
12;650422352;TJPE91881202109231632360669483;b83bec81b1e929792203b62deff493bdce53b8db2eb046a7376deeed995cebd3;7;1632360669498;;0;0;0;TJPE;G1;;2021/TJPE/09/G1/TJPE91881202109231632360669483;False;2021-09-22 22:31:09.498;Erro no arquivo
13;650422343;TJPE86453202109231632360660574;64dd159a32d2da5b7f07a7ce1aedd063c421f0f4e51ce0902f0e009abca626ae;3;1632360660583;;100;100;0;TJPE;JE;1161630.0;2021/TJPE/09/JE/TJPE86453202109231632360660574;False;2021-09-22 22:31:00.583;Processado com sucesso
14;650422331;TJPE21052202109231632360654426;02f52213f09887f7ad4d3ca6fa102f1ec627cf0c031612cc66e4d68c9f38891a;7;1632360654435;;0;0;0;TJPE;G1;;2021/TJPE/09/G1/TJPE21052202109231632360654426;False;2021-09-22 22:30:54.435;Erro no arquivo
15;650422315;TJPE36757202109231632360645980;ba4a33c59b912a5d6d4d86f4c50d0ea497ab9b1fbcaa4488ec072e32d9d704f3;7;1632360645989;;0;0;0;TJPE;G1;;2021/TJPE/09/G1/TJPE36757202109231632360645980;False;2021-09-22 22:30:45.989;Erro no arquivo
16;650422307;TJPE56493202109231632360643139;84931a4766ce17b96841651e439f286335d94e71b56af955d778739eee68d1e0;7;1632360643147;;0;0;0;TJPE;G1;;2021/TJPE/09/G1/TJPE56493202109231632360643139;False;2021-09-22 22:30:43.147;Erro no arquivo
17;650422271;TJPE94869202109231632360623514;67fd53175897b3d5679f8c53f1cf147797fb57b0acd933ef708b193e18efcb52;7;1632360623525;;0;0;0;TJPE;G1;;2021/TJPE/09/G1/TJPE94869202109231632360623514;False;2021-09-22 22:30:23.525;Erro no arquivo
18;650422262;TJPE55201202109231632360614075;dafb669706dad8915b216c76a76ffb19c35f482aa8a07f8fda7a89f3d67eaff8;7;1632360614088;;0;0;0;TJPE;G1;;2021/TJPE/09/G1/TJPE55201202109231632360614075;False;2021-09-22 22:30:14.088;Erro no arquivo
19;650422245;TJPE88932202109231632360605940;848575bd93c6b8d43a339f6e18f2d27088ba2bd9bb29509bc547bcf87ca816d3;7;1632360605949;;0;0;0;TJPE;G1;;2021/TJPE/09/G1/TJPE88932202109231632360605940;False;2021-09-22 22:30:05.949;Erro no arquivo
20;650422237;TJPE60819202109231632360601459;28ffd64094a146d3cfb3c307a51c9c8c6dc18136a6e6e8202a29242495a5e30a;7;1632360601473;;0;0;0;TJPE;G1;;2021/TJPE/09/G1/TJPE60819202109231632360601459;False;2021-09-22 22:30:01.473;Erro no arquivo
21;650422216;TJPE90890202109231632360596208;dc33b9d5412f7556f9b8808e4dd396609ef6dc0a79340f740424b9d237cb0f46;7;1632360596220;;0;0;0;TJPE;G1;;2021/TJPE/09/G1/TJPE90890202109231632360596208;False;2021-09-22 22:29:56.220;Erro no arquivo
22;650422198;TJPE89236202109231632360591350;b8d0c967e80048e6f71318633bd8d1138ce00c0f8409e32cc9901d70d0c0db03;7;1632360591361;;0;0;0;TJPE;G1;;2021/TJPE/09/G1/TJPE89236202109231632360591350;False;2021-09-22 22:29:51.361;Erro no arquivo
23;650422186;TJPE47915202109231632360585969;5983334d76ab20a254014e5baa533802e6bee11db2f5b1f8ba95e8a94190417b;7;1632360585980;;0;0;0;TJPE;G1;;2021/TJPE/09/G1/TJPE47915202109231632360585969;False;2021-09-22 22:29:45.980;Erro no arquivo
24;650422175;TJPE59331202109231632360580981;cd2d17243397ca4971f5fbc3e3e4ba401cb265f96810c3fcddd9656df60f4fcf;7;1632360580989;;0;0;0;TJPE;G1;;2021/TJPE/09/G1/TJPE59331202109231632360580981;False;2021-09-22 22:29:40.989;Erro no arquivo
25;650422162;TJPE84212202109231632360575479;09287f142ea80c39e485eaa50f68163e534af0300c2bf7d144d4555bff5c72c2;7;1632360575498;;0;0;0;TJPE;G1;;2021/TJPE/09/G1/TJPE84212202109231632360575479;False;2021-09-22 22:29:35.498;Erro no arquivo
26;650422150;TJPE98501202109231632360569323;024c9b2dbdee6d1751fc81ec81e576e2d4f7b678ad77c3ff9ae29453d1dbe297;7;1632360569332;;0;0;0;TJPE;G1;;2021/TJPE/09/G1/TJPE98501202109231632360569323;False;2021-09-22 22:29:29.332;Erro no arquivo
27;650422135;TJPE63988202109231632360564959;89fe8e9540d5f92379563702ff96fc71ab1b687ae6b977cf619a9d4851338767;7;1632360564968;;0;0;0;TJPE;G1;;2021/TJPE/09/G1/TJPE63988202109231632360564959;False;2021-09-22 22:29:24.968;Erro no arquivo
28;650422127;TJPE83819202109231632360559532;fe0b7d7e199c1f53ad77eb7c4cc613649523d4450af565eda0b998d2a9790f9b;7;1632360559541;;0;0;0;TJPE;G1;;2021/TJPE/09/G1/TJPE83819202109231632360559532;False;2021-09-22 22:29:19.541;Erro no arquivo
29;650422117;TJPE72354202109231632360554017;1754653aed9ac7109da084377ac77772ba1ba25a62198b478c5a80fae0b9014e;7;1632360554045;;0;0;0;TJPE;G1;;2021/TJPE/09/G1/TJPE72354202109231632360554017;False;2021-09-22 22:29:14.045;Erro no arquivo
30;650422110;TJPE34520202109231632360549633;d761ceefc2d9fa312e871a237c33faf9e93cfcefcad51a70c5e8afcbe86507c4;7;1632360549644;;0;0;0;TJPE;G1;;2021/TJPE/09/G1/TJPE34520202109231632360549633;False;2021-09-22 22:29:09.644;Erro no arquivo
31;650422099;TJPE87521202109231632360543021;e1164a69d06b3191ddf20fccdc0ce68aa6d3544841cab43f5a91ab268b21da3d;7;1632360543032;;0;0;0;TJPE;G1;;2021/TJPE/09/G1/TJPE87521202109231632360543021;False;2021-09-22 22:29:03.032;Erro no arquivo
32;650422086;TJPE89958202109231632360535740;2754127af22a05352df7e0f11019807bfb73a434e18ee82d4b9424aa08accfd5;7;1632360535749;;0;0;0;TJPE;G1;;2021/TJPE/09/G1/TJPE89958202109231632360535740;False;2021-09-22 22:28:55.749;Erro no arquivo
33;650422082;TJPE18860202109231632360530757;135f313d15341318af636e2d3ea5096c5c061ef3ff6ff2e192e991b35da53d81;7;1632360530778;;0;0;0;TJPE;G1;;2021/TJPE/09/G1/TJPE18860202109231632360530757;False;2021-09-22 22:28:50.778;Erro no arquivo
34;650422079;TJPE40564202109231632360527153;86b27f7f025bec50995b16e5b4aa400262d06ecfb73eb49ae5d7f7b3c1a9bad8;7;1632360527162;;0;0;0;TJPE;G1;;2021/TJPE/09/G1/TJPE40564202109231632360527153;False;2021-09-22 22:28:47.162;Erro no arquivo
35;650422073;TJPE45065202109231632360523782;a835c9ee0cc60a2d51cee8aa2340d320e122d10a3751fcb83e951d16dfd41566;7;1632360523797;;0;0;0;TJPE;G1;;2021/TJPE/09/G1/TJPE45065202109231632360523782;False;2021-09-22 22:28:43.797;Erro no arquivo
36;650422070;TJPE67212202109231632360521161;6bfafce64c185e89a28ec628dea667de9139fac217c174fca53d0172682da2a4;7;1632360521172;;0;0;0;TJPE;G1;;2021/TJPE/09/G1/TJPE67212202109231632360521161;False;2021-09-22 22:28:41.172;Erro no arquivo
37;650422065;TJPE30445202109231632360518753;8ceebcaac39af98437c8fadf70e156f14c9bcde31d6c774181b9a05fea000902;7;1632360518767;;0;0;0;TJPE;G1;;2021/TJPE/09/G1/TJPE30445202109231632360518753;False;2021-09-22 22:28:38.767;Erro no arquivo
38;650422061;TJPE96922202109231632360516872;de0dac832b71516669473fc19d72b830736fc1f86e9c9c5608761d28df576b18;3;1632360516881;;100;100;0;TJPE;JE;1024149.0;2021/TJPE/09/JE/TJPE96922202109231632360516872;False;2021-09-22 22:28:36.881;Processado com sucesso
39;650422057;TJPE42372202109231632360515100;66f6cc168d5f88dfc58e63a721e0af9b47127b2eadb3ad0449ac4821786aa034;7;1632360515109;;0;0;0;TJPE;G1;;2021/TJPE/09/G1/TJPE42372202109231632360515100;False;2021-09-22 22:28:35.109;Erro no arquivo
0;650422055;TJPE55871202109231632360513328;a3c9db820f0226d36d92d425186c6315dc5e4324f9ed658a97782277da9ea29a;3;1632360513338;;100;100;0;TJPE;JE;1133610.0;2021/TJPE/09/JE/TJPE55871202109231632360513328;False;2021-09-22 22:28:33.338;Processado com sucesso
1;650422049;TJPE76441202109231632360511422;326a7c0ee2e7d1d55e47d2ce9411c8e148143bff2d08211e974c3a143aee9cec;3;1632360511438;;100;100;0;TJPE;JE;1369975.0;2021/TJPE/09/JE/TJPE76441202109231632360511422;False;2021-09-22 22:28:31.438;Processado com sucesso
2;650422044;TJPE97803202109231632360509375;6dbcdcca937a61fad8a9ab9a46e1307901edb8c9aafc55c5aaa2bc3237e916d1;7;1632360509384;;0;0;0;TJPE;G1;;2021/TJPE/09/G1/TJPE97803202109231632360509375;False;2021-09-22 22:28:29.384;Erro no arquivo
3;650422039;TJPE86684202109231632360507612;b78ed7654ffc73d9dd9c7c71b46609269e5218bf2933e4de201e5fecdd2ed487;7;1632360507626;;0;0;0;TJPE;G1;;2021/TJPE/09/G1/TJPE86684202109231632360507612;False;2021-09-22 22:28:27.626;Erro no arquivo
4;650422031;TJPE39622202109231632360505221;e8aa04c9cbc802827768144a7038f88770fa4725bb638cd9b90deef23e1cffb0;7;1632360505236;;0;0;0;TJPE;G1;;2021/TJPE/09/G1/TJPE39622202109231632360505221;False;2021-09-22 22:28:25.236;Erro no arquivo
5;650422024;TJPE52563202109231632360503074;e558db1496f1b2382a86cd30fd2c39ce0a1e9988173a85f29f9609ed2c9e6ea1;7;1632360503082;;0;0;0;TJPE;G1;;2021/TJPE/09/G1/TJPE52563202109231632360503074;False;2021-09-22 22:28:23.082;Erro no arquivo
6;650422018;TJPE86941202109231632360501259;5533d0c208c55c769244f0ce045c36f8d692f9a741944858ed6d2299d2e121da;7;1632360501266;;0;0;0;TJPE;G1;;2021/TJPE/09/G1/TJPE86941202109231632360501259;False;2021-09-22 22:28:21.266;Erro no arquivo
7;650422016;TJPE64005202109231632360499640;5817776efcc2963cfcee6efe9df4a57a2a04ab6e9bce88e3696644b3bc2cbc73;7;1632360499648;;0;0;0;TJPE;G1;;2021/TJPE/09/G1/TJPE64005202109231632360499640;False;2021-09-22 22:28:19.648;Erro no arquivo
8;650422013;TJPE92309202109231632360497786;8f0986fbd7dd665819ff70edac60cd527fe18804b020b7e570e78d7b97cff8a7;7;1632360497795;;0;0;0;TJPE;G1;;2021/TJPE/09/G1/TJPE92309202109231632360497786;False;2021-09-22 22:28:17.795;Erro no arquivo
9;650422011;TJPE47775202109231632360495798;37ca20fa698d0dbd394af0100bc56ab1149abc3f3d838df13e0e22cf570a4894;7;1632360495817;;0;0;0;TJPE;G1;;2021/TJPE/09/G1/TJPE47775202109231632360495798;False;2021-09-22 22:28:15.817;Erro no arquivo
10;650422005;TJPE37492202109231632360494029;f8c5c43a5b57dcd4cd376c936098574ad8627026366a4fbcd48ecdd9fb82aa1b;7;1632360494037;;0;0;0;TJPE;G1;;2021/TJPE/09/G1/TJPE37492202109231632360494029;False;2021-09-22 22:28:14.037;Erro no arquivo
11;650422000;TJPE45242202109231632360492125;6b0d7f3b0a171710ac93d3b97f978d828445ead23b3f50c39412d0b02f629a12;7;1632360492135;;0;0;0;TJPE;G1;;2021/TJPE/09/G1/TJPE45242202109231632360492125;False;2021-09-22 22:28:12.135;Erro no arquivo
12;650421990;TJPE39037202109231632360489970;feccf37e85de4709b2b68ce48c405b51c80c58d03de1d80caca7298947ee3440;3;1632360489984;;100;100;0;TJPE;G1;1251131.0;2021/TJPE/09/G1/TJPE39037202109231632360489970;False;2021-09-22 22:28:09.984;Processado com sucesso
13;650421984;TJPE77420202109231632360487892;c32cbd1e92f1f73f37b2fc82618957f06f0636046f47b16911853a0704bfedf0;7;1632360487964;;0;0;0;TJPE;G1;;2021/TJPE/09/G1/TJPE77420202109231632360487892;False;2021-09-22 22:28:07.964;Erro no arquivo
14;650421978;TJPE38111202109231632360485830;db944d507cdc8c6acc384841b0545b9a7ed88e8cf647eb50b2fbd9621fd175ff;7;1632360485839;;0;0;0;TJPE;G1;;2021/TJPE/09/G1/TJPE38111202109231632360485830;False;2021-09-22 22:28:05.839;Erro no arquivo
15;650421972;TJPE98452202109231632360484081;2201beb48b3bd3554931c5b2d4a4220fe77c638a76db554b9eeac620a6f6692e;7;1632360484096;;0;0;0;TJPE;G1;;2021/TJPE/09/G1/TJPE98452202109231632360484081;False;2021-09-22 22:28:04.096;Erro no arquivo
16;650421969;TJPE40037202109231632360481982;d5bf1933aa65091a1ad0336939bcec41597d9656365f705a0447765f365083b7;7;1632360481990;;0;0;0;TJPE;G1;;2021/TJPE/09/G1/TJPE40037202109231632360481982;False;2021-09-22 22:28:01.990;Erro no arquivo
17;650421962;TJPE62133202109231632360480211;305aaac27acd2c06fa457c9667fc4ded1b62bd538d37ad81445046b9a04dedfb;3;1632360480228;;100;100;0;TJPE;G1;1461855.0;2021/TJPE/09/G1/TJPE62133202109231632360480211;False;2021-09-22 22:28:00.228;Processado com sucesso
18;650421959;TJPE85999202109231632360477701;e913eff56479f0416051ce5d629671e643cc0cbfce5cd36966f3776deb812104;7;1632360477710;;0;0;0;TJPE;G1;;2021/TJPE/09/G1/TJPE85999202109231632360477701;False;2021-09-22 22:27:57.710;Erro no arquivo
19;650421952;TJPE67741202109231632360475731;3f7954eb771eee6ff5dd584a1c23ad394fd1382c4dd43f0c3022b20cc80360e4;7;1632360475743;;0;0;0;TJPE;G1;;2021/TJPE/09/G1/TJPE67741202109231632360475731;False;2021-09-22 22:27:55.743;Erro no arquivo
20;650421949;TJPE73532202109231632360473914;c6eb5ecb9ca67c25d9746024a6e0cf022ac3d78927104b7f8a62de9909b33c97;7;1632360473925;;0;0;0;TJPE;G1;;2021/TJPE/09/G1/TJPE73532202109231632360473914;False;2021-09-22 22:27:53.925;Erro no arquivo
21;650421944;TJPE97961202109231632360472234;ca2b423bd9023708ea44df5cba3b4509d75e8eb09243928c20c06a0a2fdb77b3;7;1632360472245;;0;0;0;TJPE;G1;;2021/TJPE/09/G1/TJPE97961202109231632360472234;False;2021-09-22 22:27:52.245;Erro no arquivo
22;650421940;TJPE40641202109231632360469776;c8813da307a1e7b4f428d833f243a635a13c3fde44ea2b5d2a19671d7ad28521;7;1632360469795;;0;0;0;TJPE;G1;;2021/TJPE/09/G1/TJPE40641202109231632360469776;False;2021-09-22 22:27:49.795;Erro no arquivo
23;650421937;TJPE43946202109231632360467927;281e53f929df685caae6454113ba678079f218637f36fada4a45bb534c8663cd;7;1632360467940;;0;0;0;TJPE;G1;;2021/TJPE/09/G1/TJPE43946202109231632360467927;False;2021-09-22 22:27:47.940;Erro no arquivo
24;650421930;TJPE97467202109231632360465046;7353eefaf78999400c18de1d69ace05eccb657b5d28232f00a38a52f811680ad;7;1632360465056;;0;0;0;TJPE;G1;;2021/TJPE/09/G1/TJPE97467202109231632360465046;False;2021-09-22 22:27:45.056;Erro no arquivo
25;650421929;TJPE95652202109231632360463451;d4fc4b0d90ebf8b5625072c76ef015f3968fecdfc54fc4da36bdf01345c7dd61;7;1632360463460;;0;0;0;TJPE;G1;;2021/TJPE/09/G1/TJPE95652202109231632360463451;False;2021-09-22 22:27:43.460;Erro no arquivo
26;650421927;TJPE48732202109231632360461227;bd72d2d00fd81d01aaf6a173dfea7213921345ad20a15207bf293ff78cc2204f;7;1632360461236;;0;0;0;TJPE;G1;;2021/TJPE/09/G1/TJPE48732202109231632360461227;False;2021-09-22 22:27:41.236;Erro no arquivo
27;650421900;TJPE90700202109231632360451180;71057966c12f72484e005b12c4226af92b16fa1e819504c5bbd46a8408b3cd5d;3;1632360451188;;100;100;0;TJPE;JE;1085535.0;2021/TJPE/09/JE/TJPE90700202109231632360451180;False;2021-09-22 22:27:31.188;Processado com sucesso
28;650421897;TJPE17896202109231632360446882;69ecd0ccf7f2e13656721f73fd498786cdf8a9857c97244636d298dd3b1a5445;7;1632360446907;;0;0;0;TJPE;G1;;2021/TJPE/09/G1/TJPE17896202109231632360446882;False;2021-09-22 22:27:26.907;Erro no arquivo
29;650421884;TJPE59933202109231632360438981;4ed20529891f93d5727f9766578672e783bc089116f741ba151c81590fb8f17e;7;1632360438996;;0;0;0;TJPE;G1;;2021/TJPE/09/G1/TJPE59933202109231632360438981;False;2021-09-22 22:27:18.996;Erro no arquivo
30;650421866;TJPE11527202109231632360429716;b434ca3fc26312fb2b380cb42a152fbae79c03f6ffbe5f2d127eb14138f681a2;7;1632360429721;;0;0;0;TJPE;G1;;2021/TJPE/09/G1/TJPE11527202109231632360429716;False;2021-09-22 22:27:09.721;Erro no arquivo
31;650421855;TJPE45487202109231632360424769;2b518788d06468c75a505eb1a95d6ccd903e453eee81754809f5e579881d8b8f;7;1632360424777;;0;0;0;TJPE;G1;;2021/TJPE/09/G1/TJPE45487202109231632360424769;False;2021-09-22 22:27:04.777;Erro no arquivo
32;650421832;TJPE35666202109231632360416090;50b57a8a7f19d9e186ddaedc25d7d7fe7ca761ece8240dd5e33284eaab34003b;7;1632360416105;;0;0;0;TJPE;G1;;2021/TJPE/09/G1/TJPE35666202109231632360416090;False;2021-09-22 22:26:56.105;Erro no arquivo
33;650421817;TJPE72317202109231632360411563;59ba4837beb1c783baf1c84fa1bb1f5626e53aaec587ddededc99d28d5125a2f;7;1632360411576;;0;0;0;TJPE;G1;;2021/TJPE/09/G1/TJPE72317202109231632360411563;False;2021-09-22 22:26:51.576;Erro no arquivo
34;650421800;TJPE91963202109231632360405036;42659a9ed61ddeb79fbe9accdb105fddd40f7292490cbd75df091964c6deaa24;7;1632360405042;;0;0;0;TJPE;G1;;2021/TJPE/09/G1/TJPE91963202109231632360405036;False;2021-09-22 22:26:45.042;Erro no arquivo
35;650421765;TJPE25311202109231632360397579;012c2491540edb68cd2a63dd433c1397a877ef654c42e3666598fae285b14b84;7;1632360397588;;0;0;0;TJPE;G1;;2021/TJPE/09/G1/TJPE25311202109231632360397579;False;2021-09-22 22:26:37.588;Erro no arquivo
36;650421758;TJPE37929202109231632360395606;255fd5854845b3f75987b8e67e788a73b015a802245ed5c5750c26d192192f32;7;1632360395615;;0;0;0;TJPE;G1;;2021/TJPE/09/G1/TJPE37929202109231632360395606;False;2021-09-22 22:26:35.615;Erro no arquivo
37;650421751;TJPE97685202109231632360394036;89f9fd23625a660e91e9fef406b0d9ec582c88cf0e1fcd5faaa9c1f4a651cba6;3;1632360394049;;100;100;0;TJPE;G1;1721276.0;2021/TJPE/09/G1/TJPE97685202109231632360394036;False;2021-09-22 22:26:34.049;Processado com sucesso
38;650421743;TJPE31329202109231632360391423;86a7bab891a24a99c72d62afb3d1d100d99633a0dd5f6a3f7c05fed63395300a;7;1632360391431;;0;0;0;TJPE;G1;;2021/TJPE/09/G1/TJPE31329202109231632360391423;False;2021-09-22 22:26:31.431;Erro no arquivo
39;650421739;TJPE30043202109231632360388430;bda11e5703a9a274f18c29b960e722cf3f5a8cf6a1e54beb53a28d59d68f39f9;7;1632360388443;;0;0;0;TJPE;G1;;2021/TJPE/09/G1/TJPE30043202109231632360388430;False;2021-09-22 22:26:28.443;Erro no arquivo
0;650421731;TJPE88837202109231632360386522;bbfa6eb849f50807caec1ac48a630bdd4fcf63ab1c7463b5c2d6f2cab9e3df0b;7;1632360386535;;0;0;0;TJPE;G1;;2021/TJPE/09/G1/TJPE88837202109231632360386522;False;2021-09-22 22:26:26.535;Erro no arquivo
1;650421726;TJPE48803202109231632360384451;e65a2e18474681041e0cc7581752e67088fcc1d81a0456095c2a3c5cc6eb131e;7;1632360384460;;0;0;0;TJPE;G1;;2021/TJPE/09/G1/TJPE48803202109231632360384451;False;2021-09-22 22:26:24.460;Erro no arquivo
2;650421722;TJPE92528202109231632360382259;b0934ffd25cd22ef98c3b2b154750ea070d9806bb8f5bfc50a593190d40b6c94;7;1632360382273;;0;0;0;TJPE;G1;;2021/TJPE/09/G1/TJPE92528202109231632360382259;False;2021-09-22 22:26:22.273;Erro no arquivo
3;650421713;TJPE68754202109231632360380283;28660ab462ce2a86913d09f6ab9b59aed3b995e6e9dbe9f555f3d43f6b8d6d4a;3;1632360380290;;87;87;0;TJPE;G1;885787.0;2021/TJPE/09/G1/TJPE68754202109231632360380283;False;2021-09-22 22:26:20.290;Processado com sucesso
4;650421707;TJPE65587202109231632360378582;d1264a2e5b8f255f0ffacef861e3c47afd1238e16b03b6d84934634d86d1ae9a;7;1632360378603;;0;0;0;TJPE;G1;;2021/TJPE/09/G1/TJPE65587202109231632360378582;False;2021-09-22 22:26:18.603;Erro no arquivo
5;650421702;TJPE23576202109231632360375350;72dfd8d70c5125ec55ba9144f137886b859f49db84dcd3e6020a38a285b25aa9;7;1632360375357;;0;0;0;TJPE;G1;;2021/TJPE/09/G1/TJPE23576202109231632360375350;False;2021-09-22 22:26:15.357;Erro no arquivo
6;650421699;TJPE72010202109231632360373553;6d85805f104496ae1c850f6412aa1d273a16e4aa12a89588ef5121c963c5d7a4;7;1632360373562;;0;0;0;TJPE;G1;;2021/TJPE/09/G1/TJPE72010202109231632360373553;False;2021-09-22 22:26:13.562;Erro no arquivo
7;650421689;TJPE31612202109231632360371690;9ec3f1f25f980f9cd8e1a130a007eb85b2b48630e7ff10b890355fed75e4127f;7;1632360371699;;0;0;0;TJPE;G1;;2021/TJPE/09/G1/TJPE31612202109231632360371690;False;2021-09-22 22:26:11.699;Erro no arquivo
8;650421684;TJPE89854202109231632360369781;4e15a210ee7b4c9e1b678c44df9d39233290ad17f09eb307feb963c73abd1ff5;7;1632360369789;;0;0;0;TJPE;JE;;2021/TJPE/09/JE/TJPE89854202109231632360369781;False;2021-09-22 22:26:09.789;Erro no arquivo
9;650421681;TJPE58323202109231632360367953;be388288cf9426b9246f27756b75db7ddcabc99d9ef125ae6e330efa2047ab13;7;1632360367958;;0;0;0;TJPE;G1;;2021/TJPE/09/G1/TJPE58323202109231632360367953;False;2021-09-22 22:26:07.958;Erro no arquivo
10;650421678;TJPE83263202109231632360366329;023ef1827c9ddc1e58f96814f165b63b4abd1365439d76854014e2960b76d965;7;1632360366341;;0;0;0;TJPE;G1;;2021/TJPE/09/G1/TJPE83263202109231632360366329;False;2021-09-22 22:26:06.341;Erro no arquivo
11;650421660;TJPE43404202109231632360357747;320e983c9286e56e05555fb9e27706cb922c013cbe9008b56f250a5ddce55786;7;1632360357760;;0;0;0;TJPE;G1;;2021/TJPE/09/G1/TJPE43404202109231632360357747;False;2021-09-22 22:25:57.760;Erro no arquivo
12;650421654;TJPE92555202109231632360353198;6027e6bafb949c8c4d84ba2ec0e40a8fe66a634ea549beecf0f50b82cc0f2a37;3;1632360353212;;100;100;0;TJPE;G1;1697260.0;2021/TJPE/09/G1/TJPE92555202109231632360353198;False;2021-09-22 22:25:53.212;Processado com sucesso
13;650421635;TJPE39016202109231632360345113;c13c088db05f539da1e67f1a10f2ee98f4c6b01b5381eaea2c1fff27b4fdd272;7;1632360345118;;0;0;0;TJPE;G1;;2021/TJPE/09/G1/TJPE39016202109231632360345113;False;2021-09-22 22:25:45.118;Erro no arquivo
14;650421633;TJPE65582202109231632360343107;d46cfef7761eb8998864d27558d9b3d19904d01a6f481d9faf4c32f83719b399;7;1632360343118;;0;0;0;TJPE;G1;;2021/TJPE/09/G1/TJPE65582202109231632360343107;False;2021-09-22 22:25:43.118;Erro no arquivo
15;650421621;TJPE75950202109231632360337729;eca67aaaacbea718a1f6af420dff6001a7d66400ff989ff9ccb846cf8d9a1a37;7;1632360337756;;0;0;0;TJPE;G1;;2021/TJPE/09/G1/TJPE75950202109231632360337729;False;2021-09-22 22:25:37.756;Erro no arquivo
16;650421603;TJPE72995202109231632360333615;234fdba25d6e1a84878a431a158581a70810fb06a3ba22cc8da93dbfd377ff98;3;1632360333628;;100;100;0;TJPE;JE;1153273.0;2021/TJPE/09/JE/TJPE72995202109231632360333615;False;2021-09-22 22:25:33.628;Processado com sucesso
17;650421582;TJPE43624202109231632360325702;312ad172bea4dfa3955414ea265959cc07895609b1ff477aef40ab705debc5cc;7;1632360325711;;0;0;0;TJPE;G1;;2021/TJPE/09/G1/TJPE43624202109231632360325702;False;2021-09-22 22:25:25.711;Erro no arquivo
18;650421573;TJPE19567202109231632360317386;6ed954875697f22c63e8e8266e2fd623435bff2b701dc59faa4d7c1c9682d21a;7;1632360317395;;0;0;0;TJPE;G1;;2021/TJPE/09/G1/TJPE19567202109231632360317386;False;2021-09-22 22:25:17.395;Erro no arquivo
19;650421561;TJPE36722202109231632360312754;da178c3397ac317f7963dc8411ea946a1e0cc8259ffc9912fe46cdaf52fb22b5;7;1632360312766;;0;0;0;TJPE;G1;;2021/TJPE/09/G1/TJPE36722202109231632360312754;False;2021-09-22 22:25:12.766;Erro no arquivo
20;650421551;TJPE66004202109231632360306524;f0ef6cc873c62524f21c9a822226c6caa24d559214d0fd52b0e79cf651180d68;7;1632360306532;;0;0;0;TJPE;G1;;2021/TJPE/09/G1/TJPE66004202109231632360306524;False;2021-09-22 22:25:06.532;Erro no arquivo
21;650421542;TJPE65715202109231632360303171;f1445705b611fcf159a15ec604173ccc074108f177d099fb702f2c7c053d20ce;7;1632360303180;;0;0;0;TJPE;G1;;2021/TJPE/09/G1/TJPE65715202109231632360303171;False;2021-09-22 22:25:03.180;Erro no arquivo
22;650421525;TJPE44860202109231632360295044;9fc35ec2fe37947cf1ae23f14042e3e3bd37fbcd749705a54388f514ee6b94ff;3;1632360295053;;100;100;0;TJPE;JE;1089005.0;2021/TJPE/09/JE/TJPE44860202109231632360295044;False;2021-09-22 22:24:55.053;Processado com sucesso
23;650421512;TJPE84178202109231632360286945;de71dcc74a9988d5218b0e9b9f6eb7f2ef4e502d3a2af7b5e2c3705ccf631f58;3;1632360286956;;100;100;0;TJPE;G1;1396219.0;2021/TJPE/09/G1/TJPE84178202109231632360286945;False;2021-09-22 22:24:46.956;Processado com sucesso
24;650421506;TJPE19655202109231632360280628;cdd6a0a0a3017e38ee1fcbd56f1219cba57a9ffd269453f461077fde86e09a54;7;1632360280637;;0;0;0;TJPE;G1;;2021/TJPE/09/G1/TJPE19655202109231632360280628;False;2021-09-22 22:24:40.637;Erro no arquivo
25;650421503;TJPE43667202109231632360277732;ffedfce913b714830165720bf395cfbc73f7735c407e53311b071d14e92703a0;3;1632360277758;;100;100;0;TJPE;JE;1157983.0;2021/TJPE/09/JE/TJPE43667202109231632360277732;False;2021-09-22 22:24:37.758;Processado com sucesso
26;650421491;TJPE46850202109231632360272150;f39c669578801beae178ca8e1336443d811dddd95e24d2365756556a554f1e44;7;1632360272164;;0;0;0;TJPE;G1;;2021/TJPE/09/G1/TJPE46850202109231632360272150;False;2021-09-22 22:24:32.164;Erro no arquivo
27;650421479;TJPE37590202109231632360268179;d9501b73df7354f41db7ef56680765247cc24da2221520a8bb277b5d8cc52910;7;1632360268186;;0;0;0;TJPE;G1;;2021/TJPE/09/G1/TJPE37590202109231632360268179;False;2021-09-22 22:24:28.186;Erro no arquivo
28;650421475;TJPE60464202109231632360266478;a2781fef9784314b96cf1afa7e6d223ade6386e2c61607e33763e3a92edad85f;7;1632360266486;;0;0;0;TJPE;G1;;2021/TJPE/09/G1/TJPE60464202109231632360266478;False;2021-09-22 22:24:26.486;Erro no arquivo
29;650421471;TJPE61769202109231632360264661;f4b8e6893fec28e5921794019c13d54775405558eaddac8bd72c3b8a8b14465b;7;1632360264669;;0;0;0;TJPE;G1;;2021/TJPE/09/G1/TJPE61769202109231632360264661;False;2021-09-22 22:24:24.669;Erro no arquivo
30;650421465;TJPE67244202109231632360262927;d1769a1b7a924339da38aabf4c2ad39a13e81df43978bc8ef11d51e7e854b9ef;7;1632360262932;;0;0;0;TJPE;G1;;2021/TJPE/09/G1/TJPE67244202109231632360262927;False;2021-09-22 22:24:22.932;Erro no arquivo
31;650421463;TJPE94835202109231632360261405;4583955e8225f26caa884faeaebd4d0fdcbc39e5d2f7d8e31ae36a7d820eb4c5;7;1632360261420;;0;0;0;TJPE;G1;;2021/TJPE/09/G1/TJPE94835202109231632360261405;False;2021-09-22 22:24:21.420;Erro no arquivo
32;650421458;TJPE27624202109231632360259564;b27bff547417990edfa0a9d0c2394e5009ea22924e63cfdfbd2a0fd12417d5f2;7;1632360259579;;0;0;0;TJPE;G1;;2021/TJPE/09/G1/TJPE27624202109231632360259564;False;2021-09-22 22:24:19.579;Erro no arquivo
33;650421452;TJPE34432202109231632360257568;a09e1f56b2719ecb9f86a4bdf5a45985aa46f0e6f8622f58c1f969bb4f8fed84;7;1632360257577;;0;0;0;TJPE;G1;;2021/TJPE/09/G1/TJPE34432202109231632360257568;False;2021-09-22 22:24:17.577;Erro no arquivo
34;650421447;TJPE36991202109231632360255759;91d26cac14dcc07987adca80e9c862d9bb4d10f7b5813ea883b85ce5e5eaee3a;7;1632360255767;;0;0;0;TJPE;G1;;2021/TJPE/09/G1/TJPE36991202109231632360255759;False;2021-09-22 22:24:15.767;Erro no arquivo
35;650421446;TJPE83952202109231632360253841;ccff61651b13c1233a1f91f475737717d7d10577d4d0ac1f77987578e18868d7;7;1632360253852;;0;0;0;TJPE;G1;;2021/TJPE/09/G1/TJPE83952202109231632360253841;False;2021-09-22 22:24:13.852;Erro no arquivo
36;650421442;TJPE45178202109231632360251768;67d76da5765222fa49f6e80734c8ec395912416a846c695f0c1292775ac42f3f;3;1632360251788;;100;100;0;TJPE;JE;959593.0;2021/TJPE/09/JE/TJPE45178202109231632360251768;False;2021-09-22 22:24:11.788;Processado com sucesso
37;650421423;TJPE66931202109231632360238359;740ae535eb236832f8b735332e0ff8c96a8038cb3f03a724f0ce43b99bb7bcec;7;1632360238365;;0;0;0;TJPE;G1;;2021/TJPE/09/G1/TJPE66931202109231632360238359;False;2021-09-22 22:23:58.365;Erro no arquivo
38;650421419;TJPE62091202109231632360236775;af18837560cd4e4669877fa2a4518c7e865118068b8fc918a518218c9e53be4e;7;1632360236796;;0;0;0;TJPE;G1;;2021/TJPE/09/G1/TJPE62091202109231632360236775;False;2021-09-22 22:23:56.796;Erro no arquivo
39;650421400;TJPE11967202109231632360226372;464cf6a3c357f63446a778fbdb12ee1c3f316115dba6140832a8899843000138;3;1632360226382;;100;100;0;TJPE;JE;1215599.0;2021/TJPE/09/JE/TJPE11967202109231632360226372;False;2021-09-22 22:23:46.382;Processado com sucesso
0;650421392;TJPE71865202109231632360222995;9e78fa79b5e3dc3a918a508cfd95b3e13834a317484f6f4f5405d8f77e58a8b1;7;1632360223003;;0;0;0;TJPE;G1;;2021/TJPE/09/G1/TJPE71865202109231632360222995;False;2021-09-22 22:23:43.003;Erro no arquivo
1;650421369;TJPE58134202109231632360217122;5289cdffd3dd73e053e7066ad4a33008e64682de94bc27351911c6f925f887e0;7;1632360217132;;0;0;0;TJPE;G1;;2021/TJPE/09/G1/TJPE58134202109231632360217122;False;2021-09-22 22:23:37.132;Erro no arquivo
2;650421363;TJPE41233202109231632360210902;f3bacaf07dd2bfe86094e76b370df6a6eff0a7d558917235dc974e9832dcae77;7;1632360210999;;0;0;0;TJPE;G1;;2021/TJPE/09/G1/TJPE41233202109231632360210902;False;2021-09-22 22:23:30.999;Erro no arquivo
3;650421347;TJPE88473202109231632360203356;9d6b5ac8bffeffec16b38158663c4e8072bb1aebd80af7de28b14839a798b918;7;1632360203367;;0;0;0;TJPE;G1;;2021/TJPE/09/G1/TJPE88473202109231632360203356;False;2021-09-22 22:23:23.367;Erro no arquivo
4;650421336;TJPE47567202109231632360198177;989bf38c2d6c71c0e0645db3536ace9e275d171bf8e7d2b9aa134b977d38ef6e;7;1632360198183;;0;0;0;TJPE;G1;;2021/TJPE/09/G1/TJPE47567202109231632360198177;False;2021-09-22 22:23:18.183;Erro no arquivo
5;650421325;TJPE31715202109231632360194386;d7d23c41328399c4d6a07af9517f99f4778150db7ec3f0723151d3ee4e620af7;7;1632360194407;;0;0;0;TJPE;G1;;2021/TJPE/09/G1/TJPE31715202109231632360194386;False;2021-09-22 22:23:14.407;Erro no arquivo
6;650421317;TJPE62761202109231632360186712;f6dc5bed088498e0a1459cbd172e96c24ceadc316a0fc9aafc8b7022054d8249;7;1632360186720;;0;0;0;TJPE;G1;;2021/TJPE/09/G1/TJPE62761202109231632360186712;False;2021-09-22 22:23:06.720;Erro no arquivo
7;650421309;TJPE69551202109231632360178276;387a65593eae38d8bb8a1e85189fc2f93155314af753bf8ce5366d74d959e94c;7;1632360178288;;0;0;0;TJPE;G1;;2021/TJPE/09/G1/TJPE69551202109231632360178276;False;2021-09-22 22:22:58.288;Erro no arquivo
8;650421298;TJPE96975202109231632360174219;b0e150bdc61895673162e992bde40aa4664c8b3b51cd3d52dcd34475f03c95bc;7;1632360174228;;0;0;0;TJPE;G1;;2021/TJPE/09/G1/TJPE96975202109231632360174219;False;2021-09-22 22:22:54.228;Erro no arquivo
9;650421291;TJPE47796202109231632360169996;3b5732f2767f7f645320b968cfc58b499cc26235468fc6057d4d7fc6cdf38159;7;1632360170010;;0;0;0;TJPE;G1;;2021/TJPE/09/G1/TJPE47796202109231632360169996;False;2021-09-22 22:22:50.010;Erro no arquivo
10;650421283;TJPE50060202109231632360164207;e3789a53634dd715b0706c4e4f23f76cf8c3322c1612be30f57b80a50af9e65b;7;1632360164217;;0;0;0;TJPE;G1;;2021/TJPE/09/G1/TJPE50060202109231632360164207;False;2021-09-22 22:22:44.217;Erro no arquivo
11;650421273;TJPE62613202109231632360155723;ae29fd01ede106d318f55e622216057ad03631c67a3ad627a47557f986a7c836;7;1632360155732;;0;0;0;TJPE;G1;;2021/TJPE/09/G1/TJPE62613202109231632360155723;False;2021-09-22 22:22:35.732;Erro no arquivo
12;650421264;TJPE52788202109231632360150442;777099980af679b9fa2e04ac6dbe366aba5353ab0420ffe3c390efe3d360dbf2;3;1632360150452;;100;100;0;TJPE;JE;1194843.0;2021/TJPE/09/JE/TJPE52788202109231632360150442;False;2021-09-22 22:22:30.452;Processado com sucesso
13;650421240;TJPE44403202109231632360141674;0e157bc61f6b705304eb15986eb78b8ff706681f908419d3a1946284d7a3bebc;7;1632360141685;;0;0;0;TJPE;G1;;2021/TJPE/09/G1/TJPE44403202109231632360141674;False;2021-09-22 22:22:21.685;Erro no arquivo
14;650421228;TJPE26831202109231632360137034;72da53cf3a4688b91d6f07cceeeafc8db21314a5e372a85a4fe5b789c9cddef3;3;1632360137060;;100;100;0;TJPE;G1;1345854.0;2021/TJPE/09/G1/TJPE26831202109231632360137034;False;2021-09-22 22:22:17.060;Processado com sucesso
15;650421216;TJPE55499202109231632360129401;ab10fc2460f31ddd5b28a67ace52e030069aedf7a805171fc030fd2e8983467b;7;1632360129409;;0;0;0;TJPE;G1;;2021/TJPE/09/G1/TJPE55499202109231632360129401;False;2021-09-22 22:22:09.409;Erro no arquivo
16;650421193;TJPE53874202109231632360118758;4a4a5e1897fb21044d91fcc0f8204294e24d1acb99118b71294398021e605869;7;1632360118772;;0;0;0;TJPE;G1;;2021/TJPE/09/G1/TJPE53874202109231632360118758;False;2021-09-22 22:21:58.772;Erro no arquivo
17;650421181;TJPE80016202109231632360112777;d62caccf89bafe99ad7a990827deeb9b91ca1146dc272b713529a76778a32047;7;1632360112785;;0;0;0;TJPE;G1;;2021/TJPE/09/G1/TJPE80016202109231632360112777;False;2021-09-22 22:21:52.785;Erro no arquivo
18;650421173;TJPE20378202109231632360108557;098f1047b11f47d817626936b097b8f0595317828b741861e41bbac88b12aab1;3;1632360108565;;100;100;0;TJPE;JE;968912.0;2021/TJPE/09/JE/TJPE20378202109231632360108557;False;2021-09-22 22:21:48.565;Processado com sucesso
19;650421156;TJPE11220202109231632360099993;698da51a4fa9e9d1e22d9359426ec08ff809a476cf15791cdaaef95f7ec64947;3;1632360100004;;100;100;0;TJPE;JE;1155178.0;2021/TJPE/09/JE/TJPE11220202109231632360099993;False;2021-09-22 22:21:40.004;Processado com sucesso
20;650421141;TJPE79535202109231632360093996;734989ec5db426875f66666e384057c04e51a758696a793fc633b201f8acfd53;7;1632360094006;;0;0;0;TJPE;G1;;2021/TJPE/09/G1/TJPE79535202109231632360093996;False;2021-09-22 22:21:34.006;Erro no arquivo
21;650421133;TJPE43493202109231632360090245;3b14b2d025edd7f0c180aff9feff28a68efa1d25d6511440472ba4544f2c91c3;3;1632360090259;;100;100;0;TJPE;JE;1280990.0;2021/TJPE/09/JE/TJPE43493202109231632360090245;False;2021-09-22 22:21:30.259;Processado com sucesso
22;650421126;TJPE52671202109231632360087712;35eb32a920a5b6d2498c71dd9c5e7c67439ccf0a867f6b7636f251d0659572b9;3;1632360087723;;100;100;0;TJPE;JE;1223135.0;2021/TJPE/09/JE/TJPE52671202109231632360087712;False;2021-09-22 22:21:27.723;Processado com sucesso
23;650421111;TJPE96515202109231632360080577;26fa8336f09ca2329be33143dd2233258545bfc4d166a703ee056f7deb5bac59;7;1632360080587;;0;0;0;TJPE;G1;;2021/TJPE/09/G1/TJPE96515202109231632360080577;False;2021-09-22 22:21:20.587;Erro no arquivo
24;650421106;TJPE75225202109231632360076778;264042ace12aaf4835b227a075eb90305fdf4a05fdbb421b8b5dee9afd6c1d04;7;1632360076786;;0;0;0;TJPE;G1;;2021/TJPE/09/G1/TJPE75225202109231632360076778;False;2021-09-22 22:21:16.786;Erro no arquivo
25;650421091;TJPE68314202109231632360069935;1d5bd4102ec38e208a4a039ac614a3898f0a307ebb4d4fdc1cb625cca4bc86bc;7;1632360069948;;0;0;0;TJPE;G1;;2021/TJPE/09/G1/TJPE68314202109231632360069935;False;2021-09-22 22:21:09.948;Erro no arquivo
26;650421075;TJPE31826202109231632360062384;e08d237e7d961559c5d3e1e8ed34fd1e502e20a4970b2b65bc17f05c73e4d2cd;7;1632360062394;;0;0;0;TJPE;G1;;2021/TJPE/09/G1/TJPE31826202109231632360062384;False;2021-09-22 22:21:02.394;Erro no arquivo
27;650421045;TJPE85080202109231632360054156;728b60d11ed8e54faf749bac091f03da18207e9a4bf23cc581cd4c194b41007e;3;1632360054176;;100;100;0;TJPE;JE;1018643.0;2021/TJPE/09/JE/TJPE85080202109231632360054156;False;2021-09-22 22:20:54.176;Processado com sucesso
28;650421010;TJPE78937202109231632360043490;c2333c58a3899d64d8e1196bbb0a5943780d384435056a8716a23571d9685f8f;7;1632360043503;;0;0;0;TJPE;JE;;2021/TJPE/09/JE/TJPE78937202109231632360043490;False;2021-09-22 22:20:43.503;Erro no arquivo
29;650421007;TJPE32872202109231632360037843;cbef41bbf2dfd118cdfd6bbc498982b0c140a7da13c376b1163e39522e301638;7;1632360037857;;0;0;0;TJPE;G1;;2021/TJPE/09/G1/TJPE32872202109231632360037843;False;2021-09-22 22:20:37.857;Erro no arquivo
30;650421000;TJPE85732202109231632360035748;04197b75f0e3f6eff60f00609ba4bb99dd94472de062bb99bef81dd7b411988d;7;1632360035758;;0;0;0;TJPE;G1;;2021/TJPE/09/G1/TJPE85732202109231632360035748;False;2021-09-22 22:20:35.758;Erro no arquivo
31;650420996;TJPE12511202109231632360033539;45b8234f73b468b7ce71937471c25236be701532fe2e76c8395bff3a6813f605;7;1632360033547;;0;0;0;TJPE;G1;;2021/TJPE/09/G1/TJPE12511202109231632360033539;False;2021-09-22 22:20:33.547;Erro no arquivo
32;650420990;TJPE32372202109231632360031642;6cefe9feae23dd18e02e14143efb5b8c461c7725e525a5070c2826200338f3b9;7;1632360031652;;0;0;0;TJPE;G1;;2021/TJPE/09/G1/TJPE32372202109231632360031642;False;2021-09-22 22:20:31.652;Erro no arquivo
33;650420984;TJPE62955202109231632360029283;55ca7071f924f7b1e15a1276688b65709141357752467de3b212f82e7d09b5d5;7;1632360029296;;0;0;0;TJPE;G1;;2021/TJPE/09/G1/TJPE62955202109231632360029283;False;2021-09-22 22:20:29.296;Erro no arquivo
34;650420977;TJPE79928202109231632360027262;4f9b14fbf6f3fc8b5f02da544008e4080a85e1b545eb534c5cc6df08a5e0103d;7;1632360027271;;0;0;0;TJPE;G1;;2021/TJPE/09/G1/TJPE79928202109231632360027262;False;2021-09-22 22:20:27.271;Erro no arquivo
35;650420974;TJPE63061202109231632360025180;c9d76c4e4cee16bc5ebf47f26ab0ba50fb2494d7069e3ec833cebe1babd207f0;7;1632360025184;;0;0;0;TJPE;G1;;2021/TJPE/09/G1/TJPE63061202109231632360025180;False;2021-09-22 22:20:25.184;Erro no arquivo
36;650420971;TJPE36145202109231632360023714;2d9cb3eee346a42bedfce727ff33dba0b5f0d64f61cd0f62c8cb1f84149a336f;7;1632360023722;;0;0;0;TJPE;G1;;2021/TJPE/09/G1/TJPE36145202109231632360023714;False;2021-09-22 22:20:23.722;Erro no arquivo
37;650420967;TJPE21813202109231632360021979;94665813082a736079b1a5fec803a1459b9aaba7253999695c837e6f813bb7be;3;1632360022001;;100;100;0;TJPE;G1;1913413.0;2021/TJPE/09/G1/TJPE21813202109231632360021979;False;2021-09-22 22:20:22.001;Processado com sucesso
38;650420962;TJPE47689202109231632360019263;2c471e6873798fee5e695d1e4881cc4412c6bb5b5b0e52fbdc71e33989373da3;7;1632360019273;;0;0;0;TJPE;G1;;2021/TJPE/09/G1/TJPE47689202109231632360019263;False;2021-09-22 22:20:19.273;Erro no arquivo
39;650420960;TJPE37050202109231632360017362;e05eaec7cfb1e639aae2b33c091cd5b37e23232de008e624dcb1f236bd0a8b21;7;1632360017371;;0;0;0;TJPE;G1;;2021/TJPE/09/G1/TJPE37050202109231632360017362;False;2021-09-22 22:20:17.371;Erro no arquivo
0;650420957;TJPE57418202109231632360015611;f7559a7e4f7a9e2e9cac4999d852484d6b12f16153e3eb5fcf0579bbecdddc49;7;1632360015621;;0;0;0;TJPE;G1;;2021/TJPE/09/G1/TJPE57418202109231632360015611;False;2021-09-22 22:20:15.621;Erro no arquivo
1;650420956;TJPE87145202109231632360013571;f87e5479b445a0e1e81cbed74fa97184cbcd7cb242d890aa95cae6fc81ee5a4d;7;1632360013586;;0;0;0;TJPE;G1;;2021/TJPE/09/G1/TJPE87145202109231632360013571;False;2021-09-22 22:20:13.586;Erro no arquivo
2;650420949;TJPE90165202109231632360011456;6485cd208581adfb01c2161095286ae1e06cf2210b087ceb7b4c084874201069;7;1632360011465;;0;0;0;TJPE;G1;;2021/TJPE/09/G1/TJPE90165202109231632360011456;False;2021-09-22 22:20:11.465;Erro no arquivo
3;650420948;TJPE10066202109231632360009490;9eec2032bc1ecbedf46d68a65c5602d22bb65fbb21659a6e833744235441462a;7;1632360009504;;0;0;0;TJPE;G1;;2021/TJPE/09/G1/TJPE10066202109231632360009490;False;2021-09-22 22:20:09.504;Erro no arquivo
4;650420876;TJPE72854202109231632359976985;0fdfbc17a7b184064b933f91055810167af007e7365421a327b05c8d6c88bebb;7;1632359977082;;0;0;0;TJPE;G1;;2021/TJPE/09/G1/TJPE72854202109231632359976985;False;2021-09-22 22:19:37.082;Erro no arquivo
5;650420875;TJPE46920202109231632359975359;1fcc62789767f2e156c82db12e747f64c201ef1afb0825c05cd708f6e74c14d6;7;1632359975368;;0;0;0;TJPE;G1;;2021/TJPE/09/G1/TJPE46920202109231632359975359;False;2021-09-22 22:19:35.368;Erro no arquivo
6;650420871;TJPE58885202109231632359973479;7bef02a61e152443051a1da14fdf6b2c997d4e39ad925ce3136be08a88d9e21c;7;1632359973490;;0;0;0;TJPE;G1;;2021/TJPE/09/G1/TJPE58885202109231632359973479;False;2021-09-22 22:19:33.490;Erro no arquivo
7;650420861;TJPE92435202109231632359965157;70665af36a52af45743ecfb3b78efa6b0922455bf94cb7f2a8356dd4349c9f2a;7;1632359965166;;0;0;0;TJPE;G1;;2021/TJPE/09/G1/TJPE92435202109231632359965157;False;2021-09-22 22:19:25.166;Erro no arquivo
8;650420855;TJPE54506202109231632359959458;28fab173bb5af86f47005e85bb9fbb9459879ea65726f4143d73c3d221c4234f;7;1632359959476;;0;0;0;TJPE;G1;;2021/TJPE/09/G1/TJPE54506202109231632359959458;False;2021-09-22 22:19:19.476;Erro no arquivo
9;650420843;TJPE54398202109231632359948820;a67cdaff7df8c5d645e8c3ae9ffb4a9e4801535d89e7f0076681541e32abf52b;7;1632359948830;;0;0;0;TJPE;G1;;2021/TJPE/09/G1/TJPE54398202109231632359948820;False;2021-09-22 22:19:08.830;Erro no arquivo
10;650420838;TJPE36404202109231632359942499;36199de7dd4b2c345230569103b3c8a9888bd839f506955e8480e416bc939604;7;1632359942510;;0;0;0;TJPE;G1;;2021/TJPE/09/G1/TJPE36404202109231632359942499;False;2021-09-22 22:19:02.510;Erro no arquivo
11;650420815;TJPE35555202109231632359934980;f5aa23cfdddfbad6179d8c389cf0dc9a7797097308d6375175d5bb27e51925d1;7;1632359934991;;0;0;0;TJPE;G1;;2021/TJPE/09/G1/TJPE35555202109231632359934980;False;2021-09-22 22:18:54.991;Erro no arquivo
12;650420804;TJPE94064202109231632359928327;161624ce004562ee33f23b2b16ac4765fc3dd02ab20625a9839ccd168bd699d9;7;1632359928338;;0;0;0;TJPE;JE;;2021/TJPE/09/JE/TJPE94064202109231632359928327;False;2021-09-22 22:18:48.338;Erro no arquivo
13;650420785;TJPE17950202109231632359924897;db798866f2c9b99c6fab0c9669493dfb4e37671d0f7201c42f6141b4e3b98002;7;1632359924909;;0;0;0;TJPE;G1;;2021/TJPE/09/G1/TJPE17950202109231632359924897;False;2021-09-22 22:18:44.909;Erro no arquivo
14;650420775;TJPE24697202109231632359916037;05fe75f321a7a42c34b713d93015266ee452e79d77f27a90219870690767a1f1;3;1632359916061;;100;100;0;TJPE;G1;1234388.0;2021/TJPE/09/G1/TJPE24697202109231632359916037;False;2021-09-22 22:18:36.061;Processado com sucesso
15;650420768;TJPE86445202109231632359910462;52ab6c60dd2900816f1493e94df8ac850338056a3cae0cd2a4d791ea0f4841c0;7;1632359910469;;0;0;0;TJPE;G1;;2021/TJPE/09/G1/TJPE86445202109231632359910462;False;2021-09-22 22:18:30.469;Erro no arquivo
16;650420753;TJPE61211202109231632359905449;2c71b3d162d890a4bed63193ecf11e8cac6a303b40ccbec942155de577cdaa39;7;1632359905455;;0;0;0;TJPE;G1;;2021/TJPE/09/G1/TJPE61211202109231632359905449;False;2021-09-22 22:18:25.455;Erro no arquivo
17;650420747;TJPE57880202109231632359903240;0f7243929d44b2cc25b85131a2095a06fd1d6c71703fe1d4f6b6d92f932add9e;7;1632359903253;;0;0;0;TJPE;G1;;2021/TJPE/09/G1/TJPE57880202109231632359903240;False;2021-09-22 22:18:23.253;Erro no arquivo
18;650420744;TJPE63763202109231632359901031;88417f931518a02d01dc04f20946551f316fc6d76b82bb7308663efff996a68b;7;1632359901041;;0;0;0;TJPE;G1;;2021/TJPE/09/G1/TJPE63763202109231632359901031;False;2021-09-22 22:18:21.041;Erro no arquivo
19;650420740;TJPE84424202109231632359898489;5709e0f1496b6b0cc78a2591202450c251ce10a5cb12a5c66580d530c998cc1a;7;1632359898500;;0;0;0;TJPE;G1;;2021/TJPE/09/G1/TJPE84424202109231632359898489;False;2021-09-22 22:18:18.500;Erro no arquivo
20;650420729;TJPE98256202109231632359895663;3c8c5a0b1a11555ce82493fc4ccc8a00dc7c73b69fbec6853778782f47d3256d;3;1632359895679;;100;100;0;TJPE;G1;1932082.0;2021/TJPE/09/G1/TJPE98256202109231632359895663;False;2021-09-22 22:18:15.679;Processado com sucesso
21;650420724;TJPE89655202109231632359892684;60fe49775d4ab8b46ec42b3dccdbbf36ef72924efeabb86483ed6ac23a37bbd0;7;1632359892694;;0;0;0;TJPE;G1;;2021/TJPE/09/G1/TJPE89655202109231632359892684;False;2021-09-22 22:18:12.694;Erro no arquivo
22;650420717;TJPE92462202109231632359890215;c1236fbb4806be5251e53d0c0e1a5150c0515118632106d8b099324c98c3f256;7;1632359890240;;0;0;0;TJPE;JE;;2021/TJPE/09/JE/TJPE92462202109231632359890215;False;2021-09-22 22:18:10.240;Erro no arquivo
23;650420714;TJPE43342202109231632359887493;8b532209d2e3f9879b6f8c2f858fe3be11a9bfd165454a73a8a53c3ce631e712;7;1632359887515;;0;0;0;TJPE;G1;;2021/TJPE/09/G1/TJPE43342202109231632359887493;False;2021-09-22 22:18:07.515;Erro no arquivo
24;650420710;TJPE29775202109231632359885393;e11b55d59281f357a463a436d4b9e74abc0b56fa70e0f69eef1932c8631e8cb4;7;1632359885402;;0;0;0;TJPE;G1;;2021/TJPE/09/G1/TJPE29775202109231632359885393;False;2021-09-22 22:18:05.402;Erro no arquivo
25;650420706;TJPE53091202109231632359883509;5b3e5163aa720a5f61dc3793ef1352a76b201da0f4319b0fcebcdcafd311d0ea;7;1632359883521;;0;0;0;TJPE;G1;;2021/TJPE/09/G1/TJPE53091202109231632359883509;False;2021-09-22 22:18:03.521;Erro no arquivo
26;650420701;TJPE34326202109231632359881635;e215379b8006212b43bb46db036626130ed5a98b1b80b792bc0f1c920e8ad659;7;1632359881660;;0;0;0;TJPE;G1;;2021/TJPE/09/G1/TJPE34326202109231632359881635;False;2021-09-22 22:18:01.660;Erro no arquivo
27;650420699;TJPE43767202109231632359879734;e54b97a56a99c93a77c0763227ebca25abd21f27de0c71cdd1aca7adeec1e986;7;1632359879740;;0;0;0;TJPE;G1;;2021/TJPE/09/G1/TJPE43767202109231632359879734;False;2021-09-22 22:17:59.740;Erro no arquivo
28;650420690;TJPE21709202109231632359877543;8ad5c93a7e61dfc15f472c552502570b31fccdca27817e127d976cb950aa13ac;7;1632359877562;;0;0;0;TJPE;G1;;2021/TJPE/09/G1/TJPE21709202109231632359877543;False;2021-09-22 22:17:57.562;Erro no arquivo
29;650420687;TJPE40931202109231632359875494;aa842e4ecab5979d724fea254992b1f802f1c1492242fbe6e72f2a85c9404f11;7;1632359875507;;0;0;0;TJPE;G1;;2021/TJPE/09/G1/TJPE40931202109231632359875494;False;2021-09-22 22:17:55.507;Erro no arquivo
30;650420685;TJPE40696202109231632359873357;3cd77d49ba4fd981e898f180c3e58ed48716b3047a94d886e861075d87ae7a35;7;1632359873369;;0;0;0;TJPE;G1;;2021/TJPE/09/G1/TJPE40696202109231632359873357;False;2021-09-22 22:17:53.369;Erro no arquivo
31;650420680;TJPE27278202109231632359871022;180cd5121146b46e9a96443ddf30baa709797e7cf2b4e29e6a3fa95da0e03043;7;1632359871031;;0;0;0;TJPE;G1;;2021/TJPE/09/G1/TJPE27278202109231632359871022;False;2021-09-22 22:17:51.031;Erro no arquivo
32;650420672;TJPE44817202109231632359869429;bec450283afb21bdfe84c3bc66a1cd8e04f2694c709b8dd056144ea912322e33;7;1632359869445;;0;0;0;TJPE;G1;;2021/TJPE/09/G1/TJPE44817202109231632359869429;False;2021-09-22 22:17:49.445;Erro no arquivo
33;650420667;TJPE10753202109231632359867187;fa128a59776636ee1956e13cfd656451ac5b43430bc95f49bb1fd200e46013b6;7;1632359867200;;0;0;0;TJPE;G1;;2021/TJPE/09/G1/TJPE10753202109231632359867187;False;2021-09-22 22:17:47.200;Erro no arquivo
34;650420663;TJPE26726202109231632359863216;b9bf34d1d3b8fc3248ea21c54ecae899ae09bda2e1126e1b1660348a670e1774;7;1632359863224;;0;0;0;TJPE;G1;;2021/TJPE/09/G1/TJPE26726202109231632359863216;False;2021-09-22 22:17:43.224;Erro no arquivo
35;650420654;TJPE31553202109231632359861132;9784df7aed8927b86401e5f427d47f4a0ad376b45d02f47d7c2a9d552cc26b70;7;1632359861154;;0;0;0;TJPE;G1;;2021/TJPE/09/G1/TJPE31553202109231632359861132;False;2021-09-22 22:17:41.154;Erro no arquivo
36;650420650;TJPE21188202109231632359859107;921dc63d5241ec4346eb0f44ec0dcab8ecbf8938ce8c4eea2dde09bb13e2e08e;7;1632359859116;;0;0;0;TJPE;G1;;2021/TJPE/09/G1/TJPE21188202109231632359859107;False;2021-09-22 22:17:39.116;Erro no arquivo
37;650420643;TJPE14618202109231632359856617;b2ea097572bc954142cfb698d632cfee55e6b133df303645f8e88a1127ed721a;7;1632359856630;;0;0;0;TJPE;G1;;2021/TJPE/09/G1/TJPE14618202109231632359856617;False;2021-09-22 22:17:36.630;Erro no arquivo
38;650420640;TJPE61907202109231632359854633;1198d30ac3f88fcbf201e4e6c44da947d00eae675426c11230bb2ad91a2caf60;7;1632359854651;;0;0;0;TJPE;G1;;2021/TJPE/09/G1/TJPE61907202109231632359854633;False;2021-09-22 22:17:34.651;Erro no arquivo
39;650420632;TJPE51116202109231632359852357;1072bdf4ed7eff219c34835bf8a76d8f9716dccf2d9a429098adf91d98c6a338;7;1632359852369;;0;0;0;TJPE;G1;;2021/TJPE/09/G1/TJPE51116202109231632359852357;False;2021-09-22 22:17:32.369;Erro no arquivo
0;650420626;TJPE58630202109231632359849557;daeb8b3fdf658a6a99917464a25ecd33ee78e3ff89fe77ae9b8a34dd84de3695;7;1632359849564;;0;0;0;TJPE;G1;;2021/TJPE/09/G1/TJPE58630202109231632359849557;False;2021-09-22 22:17:29.564;Erro no arquivo
1;650420620;TJPE35373202109231632359847752;6bff7e74c013bc9181af8757d2999b6846b6af3e6bdb20747657f90e85c0ab74;7;1632359847760;;0;0;0;TJPE;G1;;2021/TJPE/09/G1/TJPE35373202109231632359847752;False;2021-09-22 22:17:27.760;Erro no arquivo
2;650420609;TJPE45351202109231632359845517;869c2083a56e0d6c6ca51137ccec336606f0a6132851f8a16d355fcaaefb349c;7;1632359845538;;0;0;0;TJPE;G1;;2021/TJPE/09/G1/TJPE45351202109231632359845517;False;2021-09-22 22:17:25.538;Erro no arquivo
3;650420603;TJPE89750202109231632359843142;f46adcd683db2999b4e9cf2c13da65e0cd9c5f730a618b142cf543f0310407de;7;1632359843148;;0;0;0;TJPE;G1;;2021/TJPE/09/G1/TJPE89750202109231632359843142;False;2021-09-22 22:17:23.148;Erro no arquivo
4;650420598;TJPE58569202109231632359841462;b1dcad2c3a81a41d2fd68862fbb53d86cd18dd1f4518760e65b18eeee12bd571;7;1632359841471;;0;0;0;TJPE;G1;;2021/TJPE/09/G1/TJPE58569202109231632359841462;False;2021-09-22 22:17:21.471;Erro no arquivo
5;650420584;TJPE48714202109231632359834261;0af46d12e22831915be83050f6e24496bf4103c8a50b34165bdcb9f6cfaf0676;7;1632359834282;;0;0;0;TJPE;G1;;2021/TJPE/09/G1/TJPE48714202109231632359834261;False;2021-09-22 22:17:14.282;Erro no arquivo
6;650420571;TJPE44582202109231632359828497;a87760dc3adebad0f19fb2b2bb2eb1ffffd0c4a3e46efdf482b435d90e5bb181;7;1632359828505;;0;0;0;TJPE;G1;;2021/TJPE/09/G1/TJPE44582202109231632359828497;False;2021-09-22 22:17:08.505;Erro no arquivo
7;650420550;TJPE33218202109231632359821766;9cb5bbb084793a9d7651385ac380428c06f44dccc49acf069dee4eaeb53a7a5e;3;1632359821787;;100;100;0;TJPE;JE;1031947.0;2021/TJPE/09/JE/TJPE33218202109231632359821766;False;2021-09-22 22:17:01.787;Processado com sucesso
8;650420535;TJPE90013202109231632359817373;384feec97f92cf3986c091eaef8a3b7506a350b271fb35505ec7f3b9f39b3dcc;7;1632359817385;;0;0;0;TJPE;G1;;2021/TJPE/09/G1/TJPE90013202109231632359817373;False;2021-09-22 22:16:57.385;Erro no arquivo
9;650420517;TJPE93288202109231632359810015;71ae030aea293ab89fd105038b1725797637f5eb29d3fc87eca8bb9b165012a0;7;1632359810026;;0;0;0;TJPE;G1;;2021/TJPE/09/G1/TJPE93288202109231632359810015;False;2021-09-22 22:16:50.026;Erro no arquivo
10;650420509;TJPE13213202109231632359804570;31fccf2d12609ebcbef55eb36c0f10ebc931531160b26f3741980f258fd58e4e;7;1632359804579;;0;0;0;TJPE;G1;;2021/TJPE/09/G1/TJPE13213202109231632359804570;False;2021-09-22 22:16:44.579;Erro no arquivo
11;650420500;TJPE13173202109231632359798490;9f4811d48b5e378f93fb62c2c85b70da9c62345fb2d41cdcde1a2fba3cf58f67;7;1632359798499;;0;0;0;TJPE;G1;;2021/TJPE/09/G1/TJPE13173202109231632359798490;False;2021-09-22 22:16:38.499;Erro no arquivo
12;650420494;TJPE95783202109231632359791911;03bc3605ce038b9d23de68e05389c775da4c9032232a509461f6960c1448dadd;7;1632359791923;;0;0;0;TJPE;G1;;2021/TJPE/09/G1/TJPE95783202109231632359791911;False;2021-09-22 22:16:31.923;Erro no arquivo
13;650420467;TJPE17175202109231632359781733;61a02bd34e3a7baf71cb3ef5eb171503c2e1c61acb9f2d8b4ed7b681b61107f8;7;1632359781742;;0;0;0;TJPE;G1;;2021/TJPE/09/G1/TJPE17175202109231632359781733;False;2021-09-22 22:16:21.742;Erro no arquivo
14;650420462;TJPE67832202109231632359777856;7437e665f54cfe94040d0d046f96ea0ab76b934e1853cc33651f650dc6745376;7;1632359777870;;0;0;0;TJPE;G1;;2021/TJPE/09/G1/TJPE67832202109231632359777856;False;2021-09-22 22:16:17.870;Erro no arquivo
15;650420459;TJPE25293202109231632359775758;259401b2b8f6fe010a55881a8eccd25495778defa12693dfab5f4274e40b9f56;7;1632359775771;;0;0;0;TJPE;G1;;2021/TJPE/09/G1/TJPE25293202109231632359775758;False;2021-09-22 22:16:15.771;Erro no arquivo
16;650420444;TJPE33966202109231632359762327;866a356295c618db59f2f70a1cc058db8044f01b2f2e8230caf9e23e9731fc6a;7;1632359762340;;0;0;0;TJPE;G1;;2021/TJPE/09/G1/TJPE33966202109231632359762327;False;2021-09-22 22:16:02.340;Erro no arquivo
17;650420442;TJPE62701202109231632359759835;d4b0f0d725a45b92e330fd02cdfd9df2b482f2eefcf56c66249706a456651836;7;1632359759847;;0;0;0;TJPE;G1;;2021/TJPE/09/G1/TJPE62701202109231632359759835;False;2021-09-22 22:15:59.847;Erro no arquivo
18;650420440;TJPE58271202109231632359757320;b8a82758aca09ca681a4b5f1ef8d838b9a4eb7b3eee723e8f7c7161bb6d1b18f;7;1632359757330;;0;0;0;TJPE;G1;;2021/TJPE/09/G1/TJPE58271202109231632359757320;False;2021-09-22 22:15:57.330;Erro no arquivo
19;650420435;TJPE22810202109231632359755118;c748d12dea299ce0de5eae942e95c4ad88c8fe55b2616e219b0546f06cc1c8c9;7;1632359755127;;0;0;0;TJPE;G1;;2021/TJPE/09/G1/TJPE22810202109231632359755118;False;2021-09-22 22:15:55.127;Erro no arquivo
20;650420434;TJPE78394202109231632359753595;86f60fd79eef2440eb03a7ed93449359a6932200d94e2ebfaa823d8ee3b068c7;7;1632359753604;;0;0;0;TJPE;G1;;2021/TJPE/09/G1/TJPE78394202109231632359753595;False;2021-09-22 22:15:53.604;Erro no arquivo
21;650420430;TJPE69770202109231632359751215;fa9819d07b13b569f8224e8b24e3fadce14117dba2076776cb08bf3790d8935c;7;1632359751246;;0;0;0;TJPE;G1;;2021/TJPE/09/G1/TJPE69770202109231632359751215;False;2021-09-22 22:15:51.246;Erro no arquivo
22;650420424;TJPE60245202109231632359748761;1895cc381b5bf162000cb818734667f53a92740d68165ce9bf991b37971d2da1;7;1632359748776;;0;0;0;TJPE;G1;;2021/TJPE/09/G1/TJPE60245202109231632359748761;False;2021-09-22 22:15:48.776;Erro no arquivo
23;650420419;TJPE98296202109231632359745946;fe64873dca52f660eccbbad0165b713d0443c07dacab332e1240153e248afdab;3;1632359745959;;100;100;0;TJPE;JE;1120974.0;2021/TJPE/09/JE/TJPE98296202109231632359745946;False;2021-09-22 22:15:45.959;Processado com sucesso
24;650420417;TJPE56074202109231632359744035;add22dfc3d42cbb395d0eb5408b195804502b5566d5495bc2173ca50a7c63998;7;1632359744043;;0;0;0;TJPE;G1;;2021/TJPE/09/G1/TJPE56074202109231632359744035;False;2021-09-22 22:15:44.043;Erro no arquivo
25;650420414;TJPE82609202109231632359741746;274b18df32cefbea86ec667688242738cf1409fb90d18e9f25eed378f54d839f;7;1632359741756;;0;0;0;TJPE;G1;;2021/TJPE/09/G1/TJPE82609202109231632359741746;False;2021-09-22 22:15:41.756;Erro no arquivo
26;650420409;TJPE30876202109231632359738806;27598bbaa8501c9980e5eb4b124d2cbfac747418f5ce8ef2d93ff06751f21d02;7;1632359738819;;0;0;0;TJPE;G1;;2021/TJPE/09/G1/TJPE30876202109231632359738806;False;2021-09-22 22:15:38.819;Erro no arquivo
27;650420407;TJPE51365202109231632359737065;9d15d41a313d05b31212be426b4ca8b7bd1660a4f024380e688cd3e84c0711bb;7;1632359737075;;0;0;0;TJPE;G1;;2021/TJPE/09/G1/TJPE51365202109231632359737065;False;2021-09-22 22:15:37.075;Erro no arquivo
28;650420401;TJPE23151202109231632359734837;7566519581f9f367730e742f03386faebbcc010cefc6cc6d41bb1b70578aa98e;7;1632359734911;;0;0;0;TJPE;G1;;2021/TJPE/09/G1/TJPE23151202109231632359734837;False;2021-09-22 22:15:34.911;Erro no arquivo
29;650420397;TJPE53284202109231632359732673;612d4ab8f9df8f39abf747eba7e29108c91c37401bec0d9bc5fd06b1c39f7d82;7;1632359732682;;0;0;0;TJPE;G1;;2021/TJPE/09/G1/TJPE53284202109231632359732673;False;2021-09-22 22:15:32.682;Erro no arquivo
30;650420393;TJPE13601202109231632359730552;80920d48cd78005f106adeb132b2ac743c459868e794f21852b3e65338af8799;7;1632359730576;;0;0;0;TJPE;G1;;2021/TJPE/09/G1/TJPE13601202109231632359730552;False;2021-09-22 22:15:30.576;Erro no arquivo
31;650420390;TJPE70874202109231632359728207;627c3b5b92794dc5bdba3b6bbb46bd646ef5976ad82168ac69fe6ed6db3e7aef;7;1632359728219;;0;0;0;TJPE;G1;;2021/TJPE/09/G1/TJPE70874202109231632359728207;False;2021-09-22 22:15:28.219;Erro no arquivo
32;650420386;TJPE42899202109231632359725298;2222a40166ec57e4b2713d500f0bdb22a5855087f3f4bf7e02986cee96cf68f3;7;1632359725307;;0;0;0;TJPE;G1;;2021/TJPE/09/G1/TJPE42899202109231632359725298;False;2021-09-22 22:15:25.307;Erro no arquivo
33;650420383;TJPE47780202109231632359723239;558098c69d596b531759f2eaceecf863eae76496d092c775358b57b60d39d55c;7;1632359723248;;0;0;0;TJPE;JE;;2021/TJPE/09/JE/TJPE47780202109231632359723239;False;2021-09-22 22:15:23.248;Erro no arquivo
34;650420382;TJPE19445202109231632359721016;eb15219f026df39c0c07d1897dddcc7485f38ee379eaf1959639d067c8b3b509;7;1632359721026;;0;0;0;TJPE;G1;;2021/TJPE/09/G1/TJPE19445202109231632359721016;False;2021-09-22 22:15:21.026;Erro no arquivo
35;650420380;TJPE91738202109231632359718945;3e8aeb5b3ffaba4ca5d03702548f534a4484876f5b7bb381103c3d7d89c3bd76;7;1632359718961;;0;0;0;TJPE;G1;;2021/TJPE/09/G1/TJPE91738202109231632359718945;False;2021-09-22 22:15:18.961;Erro no arquivo
36;650420374;TJPE42329202109231632359716401;6cf29c996f166852c3e08e310d6736324a8e6fdc74a29a5e3982d6266d74ab79;7;1632359716413;;0;0;0;TJPE;G1;;2021/TJPE/09/G1/TJPE42329202109231632359716401;False;2021-09-22 22:15:16.413;Erro no arquivo
37;650420371;TJPE58344202109231632359714404;2b79ca860994de22429f068ea456b1671cf42619f4490f65498e1281c04dded1;3;1632359714417;;100;100;0;TJPE;JE;1112035.0;2021/TJPE/09/JE/TJPE58344202109231632359714404;False;2021-09-22 22:15:14.417;Processado com sucesso
38;650420357;TJPE11431202109231632359707082;8ec24971424e130608355f62f37e5da2ccced7a0b96b62a5b5753b9b9e0b1f68;7;1632359707104;;0;0;0;TJPE;G1;;2021/TJPE/09/G1/TJPE11431202109231632359707082;False;2021-09-22 22:15:07.104;Erro no arquivo
39;650420354;TJPE15491202109231632359701770;a7d39bf17ea207d361e47b9901b93767d780bef99df0b8380a8e5eeb380da51a;7;1632359701777;;0;0;0;TJPE;JE;;2021/TJPE/09/JE/TJPE15491202109231632359701770;False;2021-09-22 22:15:01.777;Erro no arquivo
0;650420340;TJPE66107202109231632359696157;d5c8466e1c88a63d85ce1d3a5b26cca0db6b62b315ebe1bcb53905cd555791d4;7;1632359696165;;0;0;0;TJPE;G1;;2021/TJPE/09/G1/TJPE66107202109231632359696157;False;2021-09-22 22:14:56.165;Erro no arquivo
1;650420331;TJPE16469202109231632359692695;78933abea5924c313110a15261e93257141abe83ea4e79be8495a28116e8f45c;7;1632359692703;;0;0;0;TJPE;G1;;2021/TJPE/09/G1/TJPE16469202109231632359692695;False;2021-09-22 22:14:52.703;Erro no arquivo
2;650420320;TJPE44999202109231632359688392;47b4a0c229db65a2d5b759ca0e883d5668ae9adb8b8012cd99099b1976320eda;7;1632359688396;;0;0;0;TJPE;G1;;2021/TJPE/09/G1/TJPE44999202109231632359688392;False;2021-09-22 22:14:48.396;Erro no arquivo
3;650420300;TJPE39390202109231632359682206;81251755b5b62b88a60a95164e55f0da165d11ac4f6dec5d07b47154e7d8d1d2;3;1632359682215;;100;100;0;TJPE;JE;1194734.0;2021/TJPE/09/JE/TJPE39390202109231632359682206;False;2021-09-22 22:14:42.215;Processado com sucesso
4;650420294;TJPE64921202109231632359679998;312e5a9b82174793ecbcd16b1fc9c46e64ef5eebbfc42cc9543fea791f0d7f5e;7;1632359680006;;0;0;0;TJPE;G1;;2021/TJPE/09/G1/TJPE64921202109231632359679998;False;2021-09-22 22:14:40.006;Erro no arquivo
5;650420289;TJPE54438202109231632359678042;b9f7a7e1cfa8ff1dbda7de9a1f85aaee5126d22ea1a48a9e77ee537a12f6ab34;7;1632359678053;;0;0;0;TJPE;G1;;2021/TJPE/09/G1/TJPE54438202109231632359678042;False;2021-09-22 22:14:38.053;Erro no arquivo
6;650420283;TJPE81249202109231632359675983;093b0e9b601d4b01e102aa7d75113293f0fc3f05757275b13897aeb2b183c166;7;1632359676003;;0;0;0;TJPE;G1;;2021/TJPE/09/G1/TJPE81249202109231632359675983;False;2021-09-22 22:14:36.003;Erro no arquivo
7;650420274;TJPE49060202109231632359673703;05bdba4bb091d0d3e25994a632a0daaa40d9935452cc7264ae6848952bd46093;7;1632359673713;;0;0;0;TJPE;G1;;2021/TJPE/09/G1/TJPE49060202109231632359673703;False;2021-09-22 22:14:33.713;Erro no arquivo
8;650420268;TJPE50548202109231632359671515;af42acc3fa626c7e1ccd26f1196f1213d51c4285adcf9dffca8db174bd11c94e;7;1632359671521;;0;0;0;TJPE;G1;;2021/TJPE/09/G1/TJPE50548202109231632359671515;False;2021-09-22 22:14:31.521;Erro no arquivo
9;650420261;TJPE90640202109231632359669654;812db65089ad3fdfc0b16136ef6ce13bbedc864254effe6b9a323172eab79b4c;7;1632359669671;;0;0;0;TJPE;G1;;2021/TJPE/09/G1/TJPE90640202109231632359669654;False;2021-09-22 22:14:29.671;Erro no arquivo
10;650420256;TJPE80752202109231632359665899;a00e9425c98525006dfb2b4e61bd2a4067c856b5691a974d0431c8c22821c383;7;1632359665914;;0;0;0;TJPE;G1;;2021/TJPE/09/G1/TJPE80752202109231632359665899;False;2021-09-22 22:14:25.914;Erro no arquivo
11;650420253;TJPE57985202109231632359663826;41ee1bf7547f590f75346e6821bff0936970ff6639a9b4cba9da3ad49c5ccbc9;3;1632359663834;;100;100;0;TJPE;JE;1062266.0;2021/TJPE/09/JE/TJPE57985202109231632359663826;False;2021-09-22 22:14:23.834;Processado com sucesso
12;650420247;TJPE22016202109231632359661531;5a7e3a9e64664a80123a6827b00d9fdb2660401931861c91165c470c22a56bc7;7;1632359661544;;0;0;0;TJPE;G1;;2021/TJPE/09/G1/TJPE22016202109231632359661531;False;2021-09-22 22:14:21.544;Erro no arquivo
13;650420242;TJPE61615202109231632359659310;89e66a0e4338a4f11c1238cf79b26abfab22bdcb4f47c97046d8213e2365ac3c;7;1632359659317;;0;0;0;TJPE;G1;;2021/TJPE/09/G1/TJPE61615202109231632359659310;False;2021-09-22 22:14:19.317;Erro no arquivo
14;650420239;TJPE27051202109231632359657493;e301c828d1a7fa40e777d0d68d8d214d7264ba5a2dcdb06b565424a8a5cb58ba;7;1632359657501;;0;0;0;TJPE;G1;;2021/TJPE/09/G1/TJPE27051202109231632359657493;False;2021-09-22 22:14:17.501;Erro no arquivo
15;650420232;TJPE61927202109231632359655573;22bdb105530010f3cb4086c21bc8e55a84b8b33eb748d8618968c70d67491adf;7;1632359655582;;0;0;0;TJPE;G1;;2021/TJPE/09/G1/TJPE61927202109231632359655573;False;2021-09-22 22:14:15.582;Erro no arquivo
16;650420227;TJPE71350202109231632359653422;e7c0f386e5591eb9913ccf1fd25d5e6edc56623e948422b20179b6f31b89a1ea;3;1632359653432;;100;100;0;TJPE;JE;1336783.0;2021/TJPE/09/JE/TJPE71350202109231632359653422;False;2021-09-22 22:14:13.432;Processado com sucesso
17;650420225;TJPE66998202109231632359650482;5326b8bfe2dc99b77982c8bd10f0c3658983e1cdbfbe4e134faf1d5457213d77;7;1632359650490;;0;0;0;TJPE;G1;;2021/TJPE/09/G1/TJPE66998202109231632359650482;False;2021-09-22 22:14:10.490;Erro no arquivo
18;650420206;TJPE68777202109231632359642513;cdd7a843cd9e9e1d750640166a46d79c942ba192c8ae87b9a0a1e84c28449534;3;1632359642521;;100;100;0;TJPE;JE;1145664.0;2021/TJPE/09/JE/TJPE68777202109231632359642513;False;2021-09-22 22:14:02.521;Processado com sucesso
19;650420194;TJPE52795202109231632359637668;456f5a5e740e1b4594ce9ac20813f336c7036506548a66a0bb69c87e1852fc37;3;1632359637677;;100;100;0;TJPE;JE;1195505.0;2021/TJPE/09/JE/TJPE52795202109231632359637668;False;2021-09-22 22:13:57.677;Processado com sucesso
20;650420175;TJPE78001202109231632359631932;80441d04bd33e7033cab20ab40022f19a788de83fac203f1cc64aa8a0e49f959;7;1632359631945;;0;0;0;TJPE;G1;;2021/TJPE/09/G1/TJPE78001202109231632359631932;False;2021-09-22 22:13:51.945;Erro no arquivo
21;650420169;TJPE51787202109231632359626171;a7b70335b3b4f48e12a7d8fb886a1ec90af72fba846efa290edf5f0a459b6085;7;1632359626181;;0;0;0;TJPE;G1;;2021/TJPE/09/G1/TJPE51787202109231632359626171;False;2021-09-22 22:13:46.181;Erro no arquivo
22;650420158;TJPE51300202109231632359620146;dfe918efac06c0f83cf33a0cfb2a2e401510bc0186feff8db870de8121f7597c;7;1632359620159;;0;0;0;TJPE;G1;;2021/TJPE/09/G1/TJPE51300202109231632359620146;False;2021-09-22 22:13:40.159;Erro no arquivo
23;650420140;TJPE20753202109231632359614294;f5ae5cb71c5fe9790b94b87b2f07149c78c5ef363c6b69206ce59736eab612cc;7;1632359614313;;0;0;0;TJPE;G1;;2021/TJPE/09/G1/TJPE20753202109231632359614294;False;2021-09-22 22:13:34.313;Erro no arquivo
24;650420132;TJPE83219202109231632359607662;78210594cbcc638e8bae3a565bb94c9af93698e728c8902c4a9b5ee7d327a0e9;7;1632359607673;;0;0;0;TJPE;G1;;2021/TJPE/09/G1/TJPE83219202109231632359607662;False;2021-09-22 22:13:27.673;Erro no arquivo
25;650420116;TJPE66609202109231632359600231;12a8b4d126c941b0b738ea25f6406845f175bedfed62724a311569d5b8c09362;7;1632359600239;;0;0;0;TJPE;G1;;2021/TJPE/09/G1/TJPE66609202109231632359600231;False;2021-09-22 22:13:20.239;Erro no arquivo
26;650420104;TJPE37926202109231632359596765;77288ba1e237734af665ad01c146ab57f3e91baddd28b185702f9dc8a2f8a40d;7;1632359596772;;0;0;0;TJPE;G1;;2021/TJPE/09/G1/TJPE37926202109231632359596765;False;2021-09-22 22:13:16.772;Erro no arquivo
27;650420096;TJPE55753202109231632359592337;ad6bd4ff690a535cd45417b84c2e97b8f9853a05939d608e78530355c252d91d;7;1632359592346;;0;0;0;TJPE;G1;;2021/TJPE/09/G1/TJPE55753202109231632359592337;False;2021-09-22 22:13:12.346;Erro no arquivo
28;650420088;TJPE50970202109231632359585688;36e132fed688e23f29c40dd5186838692946a057dfb7f925afeeaa4bdb4d4d3d;7;1632359585697;;0;0;0;TJPE;G1;;2021/TJPE/09/G1/TJPE50970202109231632359585688;False;2021-09-22 22:13:05.697;Erro no arquivo
29;650420077;TJPE43327202109231632359576743;b637c5a840956e4a8c8ee0cbc8b0a4c82ae05c1eeeeaa8d396b73859546e86f5;7;1632359576753;;0;0;0;TJPE;G1;;2021/TJPE/09/G1/TJPE43327202109231632359576743;False;2021-09-22 22:12:56.753;Erro no arquivo
30;650420064;TJPE81237202109231632359569713;8c1bf9fa4bbd706dbf288363008f9a45d879e3fc5f6b677aeefc56157b1c4217;7;1632359569726;;0;0;0;TJPE;G1;;2021/TJPE/09/G1/TJPE81237202109231632359569713;False;2021-09-22 22:12:49.726;Erro no arquivo
31;650420053;TJPE47235202109231632359564294;e15655526aabc59bdfbe4773b332ab8c9e6a993e51eda4b1ff4d3936b1225b3b;3;1632359564305;;100;100;0;TJPE;JE;1251256.0;2021/TJPE/09/JE/TJPE47235202109231632359564294;False;2021-09-22 22:12:44.305;Processado com sucesso
32;650420041;TJPE33488202109231632359557090;2ef1a5ca542f62e0013ffe90768eb057d045dc5a862bc18f173c2a4774312380;7;1632359557101;;0;0;0;TJPE;G1;;2021/TJPE/09/G1/TJPE33488202109231632359557090;False;2021-09-22 22:12:37.101;Erro no arquivo
33;650420030;TJPE70619202109231632359552165;edf1abb35ba610ad026f531dabc438b086c2a4076c40d3a5a48f2505f778f2b9;3;1632359552174;;100;100;0;TJPE;JE;1024966.0;2021/TJPE/09/JE/TJPE70619202109231632359552165;False;2021-09-22 22:12:32.174;Processado com sucesso
34;650420010;TJPE17046202109231632359544654;daaa20e9bde5c9cdf9dea6cd7c390066664244813bdbfa4fe26dd75bb2b6feaf;7;1632359544666;;0;0;0;TJPE;G1;;2021/TJPE/09/G1/TJPE17046202109231632359544654;False;2021-09-22 22:12:24.666;Erro no arquivo
35;650420000;TJPE23954202109231632359540332;78bcdae82df9834f430388296fd7daf4385082f9bbd35b9cde7d9b9fc1d74802;3;1632359540341;;100;100;0;TJPE;JE;1094016.0;2021/TJPE/09/JE/TJPE23954202109231632359540332;False;2021-09-22 22:12:20.341;Processado com sucesso
36;650419988;TJPE59562202109231632359532151;041294f5f2809fbff9622ee145eefb997c85cb5f08046ac59155320766e48aa5;7;1632359532175;;0;0;0;TJPE;G1;;2021/TJPE/09/G1/TJPE59562202109231632359532151;False;2021-09-22 22:12:12.175;Erro no arquivo
37;650419972;TJPE16081202109231632359525478;89cc9acdb089395b440d54e38d178311d638e8b5f9a708f8f0ff8736fccff330;7;1632359525485;;0;0;0;TJPE;G1;;2021/TJPE/09/G1/TJPE16081202109231632359525478;False;2021-09-22 22:12:05.485;Erro no arquivo
38;650419959;TJPE34742202109231632359519070;93a1216fa5425567146bb9cac7a3171189a447fb76ec94e8a8df42c73692e015;7;1632359519080;;0;0;0;TJPE;G1;;2021/TJPE/09/G1/TJPE34742202109231632359519070;False;2021-09-22 22:11:59.080;Erro no arquivo
39;650419954;TJPE41982202109231632359515542;ba26b9a2b85e2758d940a694702e22bdc5c41b6aac3d998f274affc5a2a913f2;7;1632359515549;;0;0;0;TJPE;G1;;2021/TJPE/09/G1/TJPE41982202109231632359515542;False;2021-09-22 22:11:55.549;Erro no arquivo
0;650419951;TJPE68524202109231632359513759;87d6af9f9c89e59fd0c0d780e9ccfd700490dada62e127564cc5e83df81ed0b6;7;1632359513764;;0;0;0;TJPE;G1;;2021/TJPE/09/G1/TJPE68524202109231632359513759;False;2021-09-22 22:11:53.764;Erro no arquivo
1;650419946;TJPE71516202109231632359511838;51042d82a7f6718eb2d2653fc87c9c14597c4ca0d83302d778972144c2b4e198;7;1632359511845;;0;0;0;TJPE;G1;;2021/TJPE/09/G1/TJPE71516202109231632359511838;False;2021-09-22 22:11:51.845;Erro no arquivo
2;650419941;TJPE54507202109231632359510153;987a7968e9bf351e97f9093fb1b6b9de8a2b4dcc4f002ca12ec90952d9eb5073;7;1632359510158;;0;0;0;TJPE;G1;;2021/TJPE/09/G1/TJPE54507202109231632359510153;False;2021-09-22 22:11:50.158;Erro no arquivo
3;650419939;TJPE32196202109231632359508572;3a379905bed64e6c72163b836f81833b526650a3dcc6ea9195de2d2c8c46fee7;7;1632359508585;;0;0;0;TJPE;G1;;2021/TJPE/09/G1/TJPE32196202109231632359508572;False;2021-09-22 22:11:48.585;Erro no arquivo
4;650419935;TJPE96507202109231632359506643;b8bc1731859ef54c93f417efb23ccf20241884530f0e8fbcf5eb5b329662532c;7;1632359506651;;0;0;0;TJPE;G1;;2021/TJPE/09/G1/TJPE96507202109231632359506643;False;2021-09-22 22:11:46.651;Erro no arquivo
5;650419930;TJPE38888202109231632359504811;c6f1bbfccac4e5eae3c4934bc6641e8a8256da9151d430a644eeadba5251a131;7;1632359504820;;0;0;0;TJPE;G1;;2021/TJPE/09/G1/TJPE38888202109231632359504811;False;2021-09-22 22:11:44.820;Erro no arquivo
6;650419927;TJPE95574202109231632359502784;ca1bfe3c3b3ab15c974d08adbc6b41c3a4bb7124910fd1a87de7187f212eb402;7;1632359502792;;0;0;0;TJPE;G1;;2021/TJPE/09/G1/TJPE95574202109231632359502784;False;2021-09-22 22:11:42.792;Erro no arquivo
7;650419921;TJPE35414202109231632359500685;228dafbdc5802be2e2965699ed0be58941021c0c69e20019e579dc4470a8ebde;7;1632359500696;;0;0;0;TJPE;G1;;2021/TJPE/09/G1/TJPE35414202109231632359500685;False;2021-09-22 22:11:40.696;Erro no arquivo
8;650419918;TJPE33505202109231632359498747;b8b6e9cf1c48d45f4de36cf632b91aa8e91ec865bac0a8c5650d34f50d10f45a;7;1632359498755;;0;0;0;TJPE;G1;;2021/TJPE/09/G1/TJPE33505202109231632359498747;False;2021-09-22 22:11:38.755;Erro no arquivo
9;650419913;TJPE94679202109231632359496648;a9b3c6853d5c21eabd3ecd0130f1262783aeaa29de076602c1294600f10dbdf0;7;1632359496662;;0;0;0;TJPE;G1;;2021/TJPE/09/G1/TJPE94679202109231632359496648;False;2021-09-22 22:11:36.662;Erro no arquivo
10;650419909;TJPE26653202109231632359494654;dfe3e0eb9bc321f715498b80e7041b35215846f333b23f079361a41f3c9cb8ec;7;1632359494677;;0;0;0;TJPE;G1;;2021/TJPE/09/G1/TJPE26653202109231632359494654;False;2021-09-22 22:11:34.677;Erro no arquivo
11;650419905;TJPE31071202109231632359491747;d46cc3a696095587b810d82240e3bf87b4868fd627a0774c9aef3f19e42a7213;7;1632359491756;;0;0;0;TJPE;G1;;2021/TJPE/09/G1/TJPE31071202109231632359491747;False;2021-09-22 22:11:31.756;Erro no arquivo
12;650419902;TJPE96391202109231632359489711;bc557b0bb4dbc938a79092c8a16805899d9308a90d47d2a940fecc34727c4b39;7;1632359489733;;0;0;0;TJPE;G1;;2021/TJPE/09/G1/TJPE96391202109231632359489711;False;2021-09-22 22:11:29.733;Erro no arquivo
13;650419897;TJPE71300202109231632359487418;f0068d74665e24cf9f31159d824073ef2777fae852d7942ceffecca975a4dc47;7;1632359487430;;0;0;0;TJPE;G1;;2021/TJPE/09/G1/TJPE71300202109231632359487418;False;2021-09-22 22:11:27.430;Erro no arquivo
14;650419882;TJPE67024202109231632359479657;e05d80260eaa243de0a9fc7b715d35a73c2173db6957792de1b2981d6dd6183a;7;1632359479666;;0;0;0;TJPE;G1;;2021/TJPE/09/G1/TJPE67024202109231632359479657;False;2021-09-22 22:11:19.666;Erro no arquivo
15;650419866;TJPE57585202109231632359474159;057f52aa5921d0f813aad8e10c68ac6ae25ca4551492cda434762da315b08a3e;7;1632359474170;;0;0;0;TJPE;G1;;2021/TJPE/09/G1/TJPE57585202109231632359474159;False;2021-09-22 22:11:14.170;Erro no arquivo
16;650419862;TJPE47110202109231632359470535;4dab6fa22d77ea40c7ba34aac2eb909de38e770fc04ece7788375594a53be0f4;7;1632359470546;;0;0;0;TJPE;G1;;2021/TJPE/09/G1/TJPE47110202109231632359470535;False;2021-09-22 22:11:10.546;Erro no arquivo
17;650419861;TJPE88066202109231632359466246;e5ad04a189043f8a576c8566a5d245b0d35283ef4e1047a9eae4142bf106628b;7;1632359466268;;0;0;0;TJPE;G1;;2021/TJPE/09/G1/TJPE88066202109231632359466246;False;2021-09-22 22:11:06.268;Erro no arquivo
18;650419848;TJPE74056202109231632359459400;0b7a8e6e99305b294295087ec5fd101ad99fa4a78623576d570a39247c3dc78b;7;1632359459413;;0;0;0;TJPE;G1;;2021/TJPE/09/G1/TJPE74056202109231632359459400;False;2021-09-22 22:10:59.413;Erro no arquivo
19;650419846;TJPE58308202109231632359455155;2c43f74b212980d45dea2ed259b733c8da226f2419c49c9b698936ba060bc399;7;1632359455163;;0;0;0;TJPE;G1;;2021/TJPE/09/G1/TJPE58308202109231632359455155;False;2021-09-22 22:10:55.163;Erro no arquivo
20;650419827;TJPE37114202109231632359446582;036ba47904b1817745b06412508df60e338f3823500d88853e8e2f856fc52742;7;1632359446602;;0;0;0;TJPE;G1;;2021/TJPE/09/G1/TJPE37114202109231632359446582;False;2021-09-22 22:10:46.602;Erro no arquivo
21;650419822;TJPE34544202109231632359441216;d52634e97d24deb78514756df1041c51d3cd1d8edec33b0a081b83c5cb75634b;7;1632359441224;;0;0;0;TJPE;G1;;2021/TJPE/09/G1/TJPE34544202109231632359441216;False;2021-09-22 22:10:41.224;Erro no arquivo
22;650419809;TJPE85028202109231632359437700;3c2b437443d0e38bdc69a4255aa3e32b5852b52027af850f1fd34153bc029332;7;1632359437709;;0;0;0;TJPE;G1;;2021/TJPE/09/G1/TJPE85028202109231632359437700;False;2021-09-22 22:10:37.709;Erro no arquivo
23;650419804;TJPE19955202109231632359430441;31703b88dd8ebd10954943c069fcc48710b31ceb0675e98583370be4d8f39047;7;1632359430455;;0;0;0;TJPE;G1;;2021/TJPE/09/G1/TJPE19955202109231632359430441;False;2021-09-22 22:10:30.455;Erro no arquivo
24;650419790;TJPE91119202109231632359422373;17bb9e930121173ac4642975ef3a0507f97e49a10ad57aa774876b8bd483a23b;7;1632359422381;;0;0;0;TJPE;G1;;2021/TJPE/09/G1/TJPE91119202109231632359422373;False;2021-09-22 22:10:22.381;Erro no arquivo
25;650419787;TJPE91823202109231632359419553;0f112bd83b31e4d79545a69a5186f1bd2209047be5c06565a8569fa3b91180e8;7;1632359419562;;0;0;0;TJPE;G1;;2021/TJPE/09/G1/TJPE91823202109231632359419553;False;2021-09-22 22:10:19.562;Erro no arquivo
26;650419779;TJPE65175202109231632359412776;46be93597d41ba2918fb3211cebb844be4f17a1ab02aeb3c6c2a35b984cb9484;7;1632359412785;;0;0;0;TJPE;G1;;2021/TJPE/09/G1/TJPE65175202109231632359412776;False;2021-09-22 22:10:12.785;Erro no arquivo
27;650419770;TJPE58390202109231632359407216;183489caa8c082700fd7cb30dd0020dca679c83fbd823bdc62c102c0ebd31ebf;7;1632359407229;;0;0;0;TJPE;G1;;2021/TJPE/09/G1/TJPE58390202109231632359407216;False;2021-09-22 22:10:07.229;Erro no arquivo
28;650419762;TJPE70169202109231632359402823;e17e2d6986f7a1cf91f7fe6f4341a95e0716475deaf6fc10cd0a568d5ece0a85;7;1632359402832;;0;0;0;TJPE;G1;;2021/TJPE/09/G1/TJPE70169202109231632359402823;False;2021-09-22 22:10:02.832;Erro no arquivo
29;650419757;TJPE11399202109231632359395864;aee962bd05c5d3e25d8b6bcf122b699fafc4aac7bf0f0ba55f30b343501434bd;7;1632359395869;;0;0;0;TJPE;G1;;2021/TJPE/09/G1/TJPE11399202109231632359395864;False;2021-09-22 22:09:55.869;Erro no arquivo
30;650419748;TJPE84228202109231632359388155;1014c18feb1d6bf34f5c1e834820ad99c0c794c68f2df9fccd3ab289837f3b24;3;1632359388164;;95;95;0;TJPE;G1;1183127.0;2021/TJPE/09/G1/TJPE84228202109231632359388155;False;2021-09-22 22:09:48.164;Processado com sucesso
31;650419740;TJPE64457202109231632359382945;f6d27ed3873a9ac3ec462a81ea4c25e81841210b80f225b208658550ac95e306;7;1632359382966;;0;0;0;TJPE;G1;;2021/TJPE/09/G1/TJPE64457202109231632359382945;False;2021-09-22 22:09:42.966;Erro no arquivo
32;650419738;TJPE44307202109231632359378284;f7bdc374290c7a7cb45c73841079e714d9da94b6eba6065ec5541cae2c6633cb;7;1632359378297;;0;0;0;TJPE;G1;;2021/TJPE/09/G1/TJPE44307202109231632359378284;False;2021-09-22 22:09:38.297;Erro no arquivo
33;650419728;TJPE66990202109231632359373233;948a4be9df73d9832435cc2dab436e9409a5e961d660794ac7a9ddb92d54947d;7;1632359373241;;0;0;0;TJPE;G1;;2021/TJPE/09/G1/TJPE66990202109231632359373233;False;2021-09-22 22:09:33.241;Erro no arquivo
34;650419723;TJPE53321202109231632359365041;8f4e5baae82d7dcda829a22964cc08343d03158319f121cab941879e0bcb59d8;7;1632359365048;;0;0;0;TJPE;G1;;2021/TJPE/09/G1/TJPE53321202109231632359365041;False;2021-09-22 22:09:25.048;Erro no arquivo
35;650419720;TJPE20962202109231632359360614;23cd78e9afa04aba4c8dc709c95d08ddee9a69ddd5e3c752ea076528a7f8b0c5;7;1632359360626;;0;0;0;TJPE;G1;;2021/TJPE/09/G1/TJPE20962202109231632359360614;False;2021-09-22 22:09:20.626;Erro no arquivo
36;650419704;TJPE23837202109231632359344719;b60c3c6a7dfcb50572a9ff3bf44f6015e0edac976cfa45eeaabd33d067ee840a;7;1632359344728;;0;0;0;TJPE;G1;;2021/TJPE/09/G1/TJPE23837202109231632359344719;False;2021-09-22 22:09:04.728;Erro no arquivo
37;650419701;TJPE47913202109231632359342681;8d785aa34d25dabf0998edd8abd8923c116efdb06b4252810673f420833cfcf9;7;1632359342700;;0;0;0;TJPE;G1;;2021/TJPE/09/G1/TJPE47913202109231632359342681;False;2021-09-22 22:09:02.700;Erro no arquivo
38;650419699;TJPE79214202109231632359339626;b542502ac335c5af4abd81bd0128b484d41f3cc51f917bb50acda047658557de;7;1632359339635;;0;0;0;TJPE;G1;;2021/TJPE/09/G1/TJPE79214202109231632359339626;False;2021-09-22 22:08:59.635;Erro no arquivo
39;650419691;TJPE90060202109231632359337444;257dc0885be3540561c6b9a68e13fbe2c3fe6338397a33fec3dcd1a019bd131a;7;1632359337454;;0;0;0;TJPE;G1;;2021/TJPE/09/G1/TJPE90060202109231632359337444;False;2021-09-22 22:08:57.454;Erro no arquivo
0;650419688;TJPE24318202109231632359335488;9407fd988141c79e9c72b9291b955ab8fc96e157417e5677922f944db9c9f753;3;1632359335509;;100;100;0;TJPE;JE;1215248.0;2021/TJPE/09/JE/TJPE24318202109231632359335488;False;2021-09-22 22:08:55.509;Processado com sucesso
1;650419681;TJPE66779202109231632359333454;bcabccd92ac5c780acd3d0cff8e7aaba43243e5bccc8422586731138e4eb2292;7;1632359333466;;0;0;0;TJPE;G1;;2021/TJPE/09/G1/TJPE66779202109231632359333454;False;2021-09-22 22:08:53.466;Erro no arquivo
2;650419677;TJPE31220202109231632359331544;d60726d6bc421defec75f63bf91d88f9e53141a043a6d10cefe3b846251ffcc7;7;1632359331551;;0;0;0;TJPE;G1;;2021/TJPE/09/G1/TJPE31220202109231632359331544;False;2021-09-22 22:08:51.551;Erro no arquivo
3;650419670;TJPE33292202109231632359329874;d97079fef0f81ba05112a906e83b4a324d2dd90e7837d885f3638852ac64f6f1;7;1632359329884;;0;0;0;TJPE;G1;;2021/TJPE/09/G1/TJPE33292202109231632359329874;False;2021-09-22 22:08:49.884;Erro no arquivo
4;650419667;TJPE14041202109231632359327819;69c4766b0a69c7ae35dc6236d84ffbfa92519b0794ce3f40deecdc2b2f50c839;7;1632359327836;;0;0;0;TJPE;G1;;2021/TJPE/09/G1/TJPE14041202109231632359327819;False;2021-09-22 22:08:47.836;Erro no arquivo
5;650419663;TJPE23094202109231632359325835;59fec5d4ed3e0354d6af981d126ea5d53ac2d83a7a9246628a16aa88f0b86476;7;1632359325843;;0;0;0;TJPE;G1;;2021/TJPE/09/G1/TJPE23094202109231632359325835;False;2021-09-22 22:08:45.843;Erro no arquivo
6;650419659;TJPE20286202109231632359323988;15ff450ec10ef782f435b4a0239bc49babf491ee9512d7f800c3c73ef1a4f7e4;7;1632359323996;;0;0;0;TJPE;G1;;2021/TJPE/09/G1/TJPE20286202109231632359323988;False;2021-09-22 22:08:43.996;Erro no arquivo
7;650419658;TJPE66558202109231632359322120;8ed4d14f44e99361af5019077cec4f4b5f7d34b5eb531db421cf82569dc05cff;7;1632359322127;;0;0;0;TJPE;G1;;2021/TJPE/09/G1/TJPE66558202109231632359322120;False;2021-09-22 22:08:42.127;Erro no arquivo
8;650419653;TJPE62869202109231632359320431;de2cf9584db82f3876789b9bb53960cfe99acf8757327c6b22408bde99f84329;7;1632359320443;;0;0;0;TJPE;G1;;2021/TJPE/09/G1/TJPE62869202109231632359320431;False;2021-09-22 22:08:40.443;Erro no arquivo
9;650419637;TJPE43281202109231632359315163;4096402cf2620f68ad64e90bf4ba32ff7ac2f83e45ed65bec41cdd9c38671989;7;1632359315178;;0;0;0;TJPE;G1;;2021/TJPE/09/G1/TJPE43281202109231632359315163;False;2021-09-22 22:08:35.178;Erro no arquivo
10;650419631;TJPE28472202109231632359310572;80a283ae34426099717a84fb95e469ce4638da0bfaa35c4fcaebcb0dbe83a7c2;7;1632359310580;;0;0;0;TJPE;G1;;2021/TJPE/09/G1/TJPE28472202109231632359310572;False;2021-09-22 22:08:30.580;Erro no arquivo
11;650419615;TJPE88080202109231632359305275;e5f79bfdc6557fa3894001b5d2119ca96667cccaf94c4c04531439452146db81;7;1632359305281;;0;0;0;TJPE;G1;;2021/TJPE/09/G1/TJPE88080202109231632359305275;False;2021-09-22 22:08:25.281;Erro no arquivo
12;650419610;TJPE44043202109231632359301025;1f5b8ae52ec93c84d974a3280c31de1f598f1e5f6d8ccf1f3410f5f56e11ca63;3;1632359301041;;97;97;0;TJPE;G1;779478.0;2021/TJPE/09/G1/TJPE44043202109231632359301025;False;2021-09-22 22:08:21.041;Processado com sucesso
13;650419596;TJPE46949202109231632359294573;bd39b1639cf71961ca2ae4223df38c510677b89e6cd8f2ffe0c641dd24d78bb4;3;1632359294582;;100;100;0;TJPE;JE;1117319.0;2021/TJPE/09/JE/TJPE46949202109231632359294573;False;2021-09-22 22:08:14.582;Processado com sucesso
14;650419582;TJPE95779202109231632359289207;e98286cee069c3d730571fe35cdd7ae41b42b318b06c2a52a89c82ab035694c3;7;1632359289216;;0;0;0;TJPE;G1;;2021/TJPE/09/G1/TJPE95779202109231632359289207;False;2021-09-22 22:08:09.216;Erro no arquivo
15;650419581;TJPE31873202109231632359286647;35c4c681e15521b3f84f3282fe0802447d5fd6453587f62762f904790a520762;7;1632359286655;;0;0;0;TJPE;G1;;2021/TJPE/09/G1/TJPE31873202109231632359286647;False;2021-09-22 22:08:06.655;Erro no arquivo
16;650419577;TJPE75086202109231632359283921;2e64214766858f7b4c55995c21a8f03c42ac8732ad405f7225458349a3ef55c2;3;1632359283932;;100;100;0;TJPE;G1;1378762.0;2021/TJPE/09/G1/TJPE75086202109231632359283921;False;2021-09-22 22:08:03.932;Processado com sucesso
17;650419568;TJPE46359202109231632359281691;590a5bdd86edf89181b15bd1de73331d4c17118fb78e92bf071e0f57049bfdda;7;1632359281700;;0;0;0;TJPE;G1;;2021/TJPE/09/G1/TJPE46359202109231632359281691;False;2021-09-22 22:08:01.700;Erro no arquivo
18;650419563;TJPE24260202109231632359279718;45a81069b3a9052df6d3e8f35ed540819ca6afebef31a8e4c36c7ffd8f439a1a;3;1632359279730;;100;100;0;TJPE;JE;1654851.0;2021/TJPE/09/JE/TJPE24260202109231632359279718;False;2021-09-22 22:07:59.730;Processado com sucesso
19;650419559;TJPE35207202109231632359277373;b4f1fcee417ffbf9330e2c15645ada65185d10d12fcde9a85003a8772a804a76;7;1632359277381;;0;0;0;TJPE;G1;;2021/TJPE/09/G1/TJPE35207202109231632359277373;False;2021-09-22 22:07:57.381;Erro no arquivo
20;650419556;TJPE87660202109231632359275623;130db205cf67df6dccaae3213c9684f44e96368fb2114f97ced94e54be0045bf;7;1632359275633;;0;0;0;TJPE;G1;;2021/TJPE/09/G1/TJPE87660202109231632359275623;False;2021-09-22 22:07:55.633;Erro no arquivo
21;650419552;TJPE15339202109231632359273699;250d67a576f84cccfa4016f03f24f4da7aca9a857129bdffdf9f29b05b6355d0;7;1632359273704;;0;0;0;TJPE;G1;;2021/TJPE/09/G1/TJPE15339202109231632359273699;False;2021-09-22 22:07:53.704;Erro no arquivo
22;650419550;TJPE54792202109231632359272357;f4a90e3e9b4ceb02ddd117b4480539d214b2dad3c17093aefdf47c2acb05009a;7;1632359272366;;0;0;0;TJPE;G1;;2021/TJPE/09/G1/TJPE54792202109231632359272357;False;2021-09-22 22:07:52.366;Erro no arquivo
23;650419545;TJPE51004202109231632359270273;9e11dd998b4cb9e09040f36e0165a696b873743a111eed995cab295a72378af2;7;1632359270286;;0;0;0;TJPE;G1;;2021/TJPE/09/G1/TJPE51004202109231632359270273;False;2021-09-22 22:07:50.286;Erro no arquivo
24;650419539;TJPE30890202109231632359268393;31fbf6add77db9d3f94e9fde744c92d3d6b49df0ce10bfca3319ded113320a01;7;1632359268401;;0;0;0;TJPE;G1;;2021/TJPE/09/G1/TJPE30890202109231632359268393;False;2021-09-22 22:07:48.401;Erro no arquivo
25;650419535;TJPE67687202109231632359266563;b1cae5daac08a27a4bcc91935b72a5d7421e959d344800ac10898969def26daa;7;1632359266572;;0;0;0;TJPE;G1;;2021/TJPE/09/G1/TJPE67687202109231632359266563;False;2021-09-22 22:07:46.572;Erro no arquivo
26;650419531;TJPE55611202109231632359264602;1bd634be2df5b5e8c46dfd571e9d63be620a0ed549f52ec535af9add05e9ef4e;7;1632359264608;;0;0;0;TJPE;G1;;2021/TJPE/09/G1/TJPE55611202109231632359264602;False;2021-09-22 22:07:44.608;Erro no arquivo
27;650419529;TJPE40801202109231632359262968;0c162b0d3452186cedfa5843b1c0b1c73aeac6d14c5743125bbe1dc9c3e35e4b;7;1632359262978;;0;0;0;TJPE;G1;;2021/TJPE/09/G1/TJPE40801202109231632359262968;False;2021-09-22 22:07:42.978;Erro no arquivo
28;650419526;TJPE77871202109231632359260818;97f8821793a54231d1d7e85bfdb53d1011b126dca97e8a2f5420eeae2dfb410a;7;1632359260831;;0;0;0;TJPE;G1;;2021/TJPE/09/G1/TJPE77871202109231632359260818;False;2021-09-22 22:07:40.831;Erro no arquivo
29;650419521;TJPE90528202109231632359259018;cb41bc6d35071cbcf1ef5f6987ae8b0acec96e4ae03b6368d1c8601d11a9c869;7;1632359259028;;0;0;0;TJPE;G1;;2021/TJPE/09/G1/TJPE90528202109231632359259018;False;2021-09-22 22:07:39.028;Erro no arquivo
30;650419510;TJPE37630202109231632359250752;c4203bb9ef5abf6098e375bd3752bb2322a92d4f32064dc14913638ad95b0ea1;7;1632359250762;;0;0;0;TJPE;G1;;2021/TJPE/09/G1/TJPE37630202109231632359250752;False;2021-09-22 22:07:30.762;Erro no arquivo
31;650419493;TJPE22611202109231632359242592;2bfc41c7a442cf911a403d5799861919ebf45f0e36f2332d33bea2fb251abd23;7;1632359242611;;0;0;0;TJPE;G1;;2021/TJPE/09/G1/TJPE22611202109231632359242592;False;2021-09-22 22:07:22.611;Erro no arquivo
32;650419489;TJPE48556202109231632359237992;a590f46276024b223202b1c54567b9a4e2308df4b5d4d36dffdcdf4617f3de6b;7;1632359238001;;0;0;0;TJPE;G1;;2021/TJPE/09/G1/TJPE48556202109231632359237992;False;2021-09-22 22:07:18.001;Erro no arquivo
33;650419475;TJPE29865202109231632359230365;f821cd9880eae4faf00948057b9779b1fd65a9ef99a628ea635fa2a1f84e12c1;7;1632359230379;;0;0;0;TJPE;G1;;2021/TJPE/09/G1/TJPE29865202109231632359230365;False;2021-09-22 22:07:10.379;Erro no arquivo
34;650419464;TJPE28462202109231632359225963;deb92a3892ce7732ab178172319dfb2eb472d7b4aeaa1d88396d829b96358ef0;7;1632359225977;;0;0;0;TJPE;G1;;2021/TJPE/09/G1/TJPE28462202109231632359225963;False;2021-09-22 22:07:05.977;Erro no arquivo
35;650419458;TJPE92694202109231632359222349;fc1cc42258878ce972a2107884f8aa97a8e8c768753053875030a92dfdae9bc0;7;1632359222358;;0;0;0;TJPE;G1;;2021/TJPE/09/G1/TJPE92694202109231632359222349;False;2021-09-22 22:07:02.358;Erro no arquivo
36;650419456;TJPE57258202109231632359220555;e53036a0f84e31bea35be045ac003c363c09418351e6d0d100a69f0503611a09;7;1632359220568;;0;0;0;TJPE;G1;;2021/TJPE/09/G1/TJPE57258202109231632359220555;False;2021-09-22 22:07:00.568;Erro no arquivo
37;650419449;TJPE71687202109231632359218718;3f80b6f59928d8cd7e27fc9480e4fc5270d71db8ccbf412799ce1923d6ddaebb;7;1632359218724;;0;0;0;TJPE;G1;;2021/TJPE/09/G1/TJPE71687202109231632359218718;False;2021-09-22 22:06:58.724;Erro no arquivo
38;650419446;TJPE25854202109231632359217234;7dccde556d77af3950a374b30ef7bb6099ee0f88ec07247406063791e7a5c573;3;1632359217248;;100;100;0;TJPE;G1;1610379.0;2021/TJPE/09/G1/TJPE25854202109231632359217234;False;2021-09-22 22:06:57.248;Processado com sucesso
39;650419443;TJPE30774202109231632359214559;a51b6dd8849455c9cc82063cc3c9978ee95e62e76543683a6b33e2d824ac8121;7;1632359214588;;0;0;0;TJPE;G1;;2021/TJPE/09/G1/TJPE30774202109231632359214559;False;2021-09-22 22:06:54.588;Erro no arquivo
0;650419441;TJPE47352202109231632359211691;5f41f9a6cf5671026e77cafdacd802778cdc4efb4e6a111d64f49c0400f689e6;7;1632359211698;;0;0;0;TJPE;G1;;2021/TJPE/09/G1/TJPE47352202109231632359211691;False;2021-09-22 22:06:51.698;Erro no arquivo
1;650419437;TJPE25204202109231632359209792;73f0d935acb8ffd13b2536029b89304ee4c17b7778639f9655d505d6d0aa3bf4;7;1632359209811;;0;0;0;TJPE;G1;;2021/TJPE/09/G1/TJPE25204202109231632359209792;False;2021-09-22 22:06:49.811;Erro no arquivo
2;650419435;TJPE49701202109231632359208055;25023570619e2f01ae2d5f31118a1cb7154513adfc7839e9e2e5fa0657defdb7;3;1632359208065;;100;100;0;TJPE;JE;1106013.0;2021/TJPE/09/JE/TJPE49701202109231632359208055;False;2021-09-22 22:06:48.065;Processado com sucesso
3;650419429;TJPE13330202109231632359205764;8e7cdeaca24c91479c91ff69ca7205b5870e968ada1ea91b234f743dceafda01;7;1632359205774;;0;0;0;TJPE;G1;;2021/TJPE/09/G1/TJPE13330202109231632359205764;False;2021-09-22 22:06:45.774;Erro no arquivo
4;650419422;TJPE80953202109231632359203452;2d9d650991268883755d0bc6ea84babcfda3d0d6d87f9d3eed7de275b1f35c13;7;1632359203473;;0;0;0;TJPE;G1;;2021/TJPE/09/G1/TJPE80953202109231632359203452;False;2021-09-22 22:06:43.473;Erro no arquivo
5;650419418;TJPE52690202109231632359200794;89cbc43ebdad7c1440969c9a4a0f6fdfdfb330c3017db50dbfd8800550028af4;7;1632359200803;;0;0;0;TJPE;G1;;2021/TJPE/09/G1/TJPE52690202109231632359200794;False;2021-09-22 22:06:40.803;Erro no arquivo
6;650419412;TJPE34456202109231632359198970;fb61811b855277be3b6342cba3b67b10c84fa320ab8f8a7134141023edc78a45;7;1632359198980;;0;0;0;TJPE;G1;;2021/TJPE/09/G1/TJPE34456202109231632359198970;False;2021-09-22 22:06:38.980;Erro no arquivo
7;650419405;TJPE22897202109231632359196224;3c67e3f240f7c6fdf336fe8d5d1fd22e2fd003557f55dc7c70c355db98dd6299;7;1632359196236;;0;0;0;TJPE;G1;;2021/TJPE/09/G1/TJPE22897202109231632359196224;False;2021-09-22 22:06:36.236;Erro no arquivo
8;650419398;TJPE17106202109231632359192888;7425174871f41c0a84a4f200b85b065cbd4745f1633343c76265180f2789adfb;7;1632359192902;;0;0;0;TJPE;G1;;2021/TJPE/09/G1/TJPE17106202109231632359192888;False;2021-09-22 22:06:32.902;Erro no arquivo
9;650419392;TJPE55204202109231632359190851;d241b4b7f195b70ab66665c50859e325546d08e3ecca43552609932bbb433c08;3;1632359190863;;100;100;0;TJPE;JE;1092271.0;2021/TJPE/09/JE/TJPE55204202109231632359190851;False;2021-09-22 22:06:30.863;Processado com sucesso
10;650419382;TJPE67445202109231632359184611;6bf4c9987ea97d6a349834ee78742a63dc227ebbe144cf61804beb550e75303d;7;1632359184621;;0;0;0;TJPE;G1;;2021/TJPE/09/G1/TJPE67445202109231632359184611;False;2021-09-22 22:06:24.621;Erro no arquivo
11;650419368;TJPE47743202109231632359175568;d1dbc3f29318ce0a2752f2a9d7cb7126e385baf6c2100be809f606649e8d53a0;7;1632359175577;;0;0;0;TJPE;G1;;2021/TJPE/09/G1/TJPE47743202109231632359175568;False;2021-09-22 22:06:15.577;Erro no arquivo
12;650419358;TJPE54305202109231632359171772;8199f9fb4532fa35fbe7f79760860cb8256515c5edd4f02cbabd96b77d61acb1;7;1632359171780;;0;0;0;TJPE;G1;;2021/TJPE/09/G1/TJPE54305202109231632359171772;False;2021-09-22 22:06:11.780;Erro no arquivo
13;650419350;TJPE16649202109231632359166889;783a9c0b2121713fa1ffa0657f50abe99335a6ca8503a84ac8c85099ad73bd5b;3;1632359166903;;100;100;0;TJPE;JE;1073331.0;2021/TJPE/09/JE/TJPE16649202109231632359166889;False;2021-09-22 22:06:06.903;Processado com sucesso
14;650419341;TJPE37512202109231632359161708;806b221dc8a781b493b0cd7a7ba4b931084acb0f842f4e23283ea886ca234f62;3;1632359161716;;100;100;0;TJPE;JE;1099751.0;2021/TJPE/09/JE/TJPE37512202109231632359161708;False;2021-09-22 22:06:01.716;Processado com sucesso
15;650419337;TJPE75960202109231632359158424;d0e9bc970c92c4794a5fff2137816b518b21c7c2953b95039b89b513f8224448;7;1632359158431;;0;0;0;TJPE;G1;;2021/TJPE/09/G1/TJPE75960202109231632359158424;False;2021-09-22 22:05:58.431;Erro no arquivo
16;650419332;TJPE33651202109231632359152552;edd78ab8332aac4143ded0d114bbcf13a88b58741bcfa357bafa752d7ccd43d8;7;1632359152561;;0;0;0;TJPE;G1;;2021/TJPE/09/G1/TJPE33651202109231632359152552;False;2021-09-22 22:05:52.561;Erro no arquivo
17;650419331;TJPE94406202109231632359148392;a8229a7d8a877b631da365144b337af118ee60dff2715dd9def205572102607e;7;1632359148402;;0;0;0;TJPE;G1;;2021/TJPE/09/G1/TJPE94406202109231632359148392;False;2021-09-22 22:05:48.402;Erro no arquivo
18;650419320;TJPE15438202109231632359141233;eeea88dbf33578b499a37fd279670bd354bf31d931230c8611b2a34506727e3b;7;1632359141241;;0;0;0;TJPE;G1;;2021/TJPE/09/G1/TJPE15438202109231632359141233;False;2021-09-22 22:05:41.241;Erro no arquivo
19;650419312;TJPE89280202109231632359132304;25d3e8bf3546a6471c3dc3a8992cc6ba79f9b33733fe188d24deae448a24516a;7;1632359132320;;0;0;0;TJPE;G1;;2021/TJPE/09/G1/TJPE89280202109231632359132304;False;2021-09-22 22:05:32.320;Erro no arquivo
20;650419306;TJPE54835202109231632359125717;61c9803841c4cd8aea03608eec2b0054ab7a609dc5727c11e75eaa5b71cbed5c;7;1632359125725;;0;0;0;TJPE;G1;;2021/TJPE/09/G1/TJPE54835202109231632359125717;False;2021-09-22 22:05:25.725;Erro no arquivo
21;650419295;TJPE65172202109231632359122940;0fcd9308a15a84233e6c6170de7ded3ae1ad0eeafe1324cab42788c5c3aee2ea;7;1632359122947;;0;0;0;TJPE;G1;;2021/TJPE/09/G1/TJPE65172202109231632359122940;False;2021-09-22 22:05:22.947;Erro no arquivo
22;650419293;TJPE70623202109231632359121134;2d5a75fc1b008b511eddf80341a6268c1d2d4e75ab22e753239c4be63fa118d0;3;1632359121148;;100;100;0;TJPE;JE;1056646.0;2021/TJPE/09/JE/TJPE70623202109231632359121134;False;2021-09-22 22:05:21.148;Processado com sucesso
23;650419289;TJPE12419202109231632359118485;5ae6b2692bbab379c000e50e73212b727da9d669dfb438e257c59017be24160c;7;1632359118501;;0;0;0;TJPE;G1;;2021/TJPE/09/G1/TJPE12419202109231632359118485;False;2021-09-22 22:05:18.501;Erro no arquivo
24;650419285;TJPE12328202109231632359116372;172ec3c46fd189fc77ee059be1683c035284c5cbccb00439d3321ab64e201d13;7;1632359116380;;0;0;0;TJPE;G1;;2021/TJPE/09/G1/TJPE12328202109231632359116372;False;2021-09-22 22:05:16.380;Erro no arquivo
25;650419283;TJPE80331202109231632359114661;74eb10556f6ae4aa51263ff7e347e6d79ba20cb1118a225a76b869b9a6de8a7d;7;1632359114679;;0;0;0;TJPE;G1;;2021/TJPE/09/G1/TJPE80331202109231632359114661;False;2021-09-22 22:05:14.679;Erro no arquivo
26;650419281;TJPE43753202109231632359112828;455f370153b9bcb22aa61f70d46e3999b5f4f365351319e9d6e1524f37508a1d;7;1632359112842;;0;0;0;TJPE;G1;;2021/TJPE/09/G1/TJPE43753202109231632359112828;False;2021-09-22 22:05:12.842;Erro no arquivo
27;650419274;TJPE77732202109231632359110761;5e8194a755d3ec55e9620175984f99e83f6ccf96985f40c03452a5fd87192962;7;1632359110768;;0;0;0;TJPE;G1;;2021/TJPE/09/G1/TJPE77732202109231632359110761;False;2021-09-22 22:05:10.768;Erro no arquivo
28;650419272;TJPE16182202109231632359109227;cd2fb588d8487f60170bc644fe04e446e07246020697489a3445754b792ba4fd;7;1632359109248;;0;0;0;TJPE;G1;;2021/TJPE/09/G1/TJPE16182202109231632359109227;False;2021-09-22 22:05:09.248;Erro no arquivo
29;650419269;TJPE93885202109231632359107245;41e50af5c20e1bcdc7de2e0724b3317d349d1bcb4fb189f6f063affdd901e7be;7;1632359107256;;0;0;0;TJPE;G1;;2021/TJPE/09/G1/TJPE93885202109231632359107245;False;2021-09-22 22:05:07.256;Erro no arquivo
30;650419265;TJPE34162202109231632359105018;1625c91fe6c633b96ab366abc077f3645f4b8b5b60eececd84d3ebd513c82b5e;7;1632359105027;;0;0;0;TJPE;G1;;2021/TJPE/09/G1/TJPE34162202109231632359105018;False;2021-09-22 22:05:05.027;Erro no arquivo
31;650419264;TJPE33124202109231632359102123;51a49a43738d4853f13d2e0d7a95ae8f061914065dd53cc8924836cb5a6420e3;7;1632359102133;;0;0;0;TJPE;G1;;2021/TJPE/09/G1/TJPE33124202109231632359102123;False;2021-09-22 22:05:02.133;Erro no arquivo
32;650419263;TJPE11421202109231632359100106;4b0fc45442a7c51f567f34abb2c12baf21c61af1652946396cc87d955473d09f;7;1632359100116;;0;0;0;TJPE;G1;;2021/TJPE/09/G1/TJPE11421202109231632359100106;False;2021-09-22 22:05:00.116;Erro no arquivo
33;650419261;TJPE86029202109231632359098174;f3d644a9461f1e5b82cc1f95090e6325036dbd3953cf46d193af213a75267b60;7;1632359098179;;0;0;0;TJPE;G1;;2021/TJPE/09/G1/TJPE86029202109231632359098174;False;2021-09-22 22:04:58.179;Erro no arquivo
34;650419259;TJPE26180202109231632359096626;236d7ca9fa456a68099820deebbcb38b24a4f7e78e23eabfad09928c51f31397;3;1632359096635;;100;100;0;TJPE;G1;1186897.0;2021/TJPE/09/G1/TJPE26180202109231632359096626;False;2021-09-22 22:04:56.635;Processado com sucesso
35;650419258;TJPE35333202109231632359094571;3fe12ba53f135402a56c52391f6c5b12a1425bbdaa0cd6bf25eade3264ac248e;7;1632359094578;;0;0;0;TJPE;G1;;2021/TJPE/09/G1/TJPE35333202109231632359094571;False;2021-09-22 22:04:54.578;Erro no arquivo
36;650419244;TJPE44193202109231632359083383;cbe156b4763491c5a06b59e6b22c0c20bf867c5e130bda12bd28acb7b091a857;7;1632359083393;;0;0;0;TJPE;G1;;2021/TJPE/09/G1/TJPE44193202109231632359083383;False;2021-09-22 22:04:43.393;Erro no arquivo
37;650419232;TJPE90932202109231632359070903;605377c78db135464a66b2a629f688ed465b2af0278f7b8ed1094f7a7705568b;7;1632359070912;;0;0;0;TJPE;G1;;2021/TJPE/09/G1/TJPE90932202109231632359070903;False;2021-09-22 22:04:30.912;Erro no arquivo
38;650419231;TJPE72886202109231632359068276;35f4fe3ddc5ce3190e9e1f5397d2e98221f19e8d560608695320f24bb28ef3b5;7;1632359068286;;0;0;0;TJPE;G1;;2021/TJPE/09/G1/TJPE72886202109231632359068276;False;2021-09-22 22:04:28.286;Erro no arquivo
39;650419221;TJPE91743202109231632359063189;9fe238c40cea89a606eed674540d806610b5b1cb7e33795bed0ca955f05d4cd9;7;1632359063207;;0;0;0;TJPE;G1;;2021/TJPE/09/G1/TJPE91743202109231632359063189;False;2021-09-22 22:04:23.207;Erro no arquivo
0;650419212;TJPE19884202109231632359057184;ef6e6940e0ed93578ea453d42a838f43663c83ee5b6170dfb15c4ccccde4ed5e;7;1632359057205;;0;0;0;TJPE;G1;;2021/TJPE/09/G1/TJPE19884202109231632359057184;False;2021-09-22 22:04:17.205;Erro no arquivo
1;650419200;TJPE44548202109231632359051789;59e1cfb52c4f48df6ecd7616b9e2b4ae29967e0859ed0cc4dce516bddf17c9df;7;1632359051799;;0;0;0;TJPE;G1;;2021/TJPE/09/G1/TJPE44548202109231632359051789;False;2021-09-22 22:04:11.799;Erro no arquivo
2;650419190;TJPE86272202109231632359046403;96b9d75fb61e120119437cd91d97ab6d6fc9acccf5ceda4cf4d0cc96d92bc6aa;3;1632359046412;;100;100;0;TJPE;JE;1188811.0;2021/TJPE/09/JE/TJPE86272202109231632359046403;False;2021-09-22 22:04:06.412;Processado com sucesso
3;650419183;TJPE87509202109231632359040653;79155c6d62cfb665deb0897449ad43d9279262e285a56056de8ba7712fd1fb3c;7;1632359040662;;0;0;0;TJPE;G1;;2021/TJPE/09/G1/TJPE87509202109231632359040653;False;2021-09-22 22:04:00.662;Erro no arquivo
4;650419171;TJPE63360202109231632359034656;8eb9d14dbf3c8b4b28e0d3a6a16c805f24b9127ed90a45b3852832ab172efbdd;7;1632359034667;;0;0;0;TJPE;G1;;2021/TJPE/09/G1/TJPE63360202109231632359034656;False;2021-09-22 22:03:54.667;Erro no arquivo
5;650419162;TJPE88574202109231632359027098;29610389b21442a577b4075408fcc263bd6ddfd49b5a57395f8ed6acbc57d134;7;1632359027110;;0;0;0;TJPE;G1;;2021/TJPE/09/G1/TJPE88574202109231632359027098;False;2021-09-22 22:03:47.110;Erro no arquivo
6;650419149;TJPE51656202109231632359022932;ab69869d463663d551a8db16a41b25d7bea2a80da3a4c1fc2cb3a50086b440f7;3;1632359022942;;100;100;0;TJPE;JE;1235707.0;2021/TJPE/09/JE/TJPE51656202109231632359022932;False;2021-09-22 22:03:42.942;Processado com sucesso
7;650419136;TJPE55013202109231632359014768;8d5d8dfa9e65487fedfcea65787a90f51be4ffd7b276964b88eb3b1907cd3b4a;7;1632359014777;;0;0;0;TJPE;G1;;2021/TJPE/09/G1/TJPE55013202109231632359014768;False;2021-09-22 22:03:34.777;Erro no arquivo
8;650419120;TJPE28665202109231632359005489;1b5ec61b0c5685da9e48c85aaa070132e50fd8de9c7fdd3eeec1fac37eed5f43;7;1632359005498;;0;0;0;TJPE;G1;;2021/TJPE/09/G1/TJPE28665202109231632359005489;False;2021-09-22 22:03:25.498;Erro no arquivo
9;650419107;TJPE93672202109231632358999449;94fba672f870e0837c8bc4d477b706168b3fee065910f851bead7163cb458f7b;7;1632358999458;;0;0;0;TJPE;G1;;2021/TJPE/09/G1/TJPE93672202109231632358999449;False;2021-09-22 22:03:19.458;Erro no arquivo
10;650419102;TJPE58510202109231632358996367;0a67c7cd12483b3ca16e3a96d770fe22d84b9cec8a26a97deed2babb663ecb14;7;1632358996376;;0;0;0;TJPE;G1;;2021/TJPE/09/G1/TJPE58510202109231632358996367;False;2021-09-22 22:03:16.376;Erro no arquivo
11;650419086;TJPE74309202109231632358989307;fc8aa08bd7705fad1be0baf7f63a81626a2af42cbdf4bdcf43ec34e7e881578e;3;1632358989331;;83;83;0;TJPE;G1;1827637.0;2021/TJPE/09/G1/TJPE74309202109231632358989307;False;2021-09-22 22:03:09.331;Processado com sucesso
12;650419075;TJPE88609202109231632358985196;34e0e0fa1b0887b51b63c9aa9054bad7e93a3ef125495f33768cb74f91c88316;7;1632358985211;;0;0;0;TJPE;G1;;2021/TJPE/09/G1/TJPE88609202109231632358985196;False;2021-09-22 22:03:05.211;Erro no arquivo
13;650419072;TJPE89302202109231632358982886;ee3517170215f942ffedf437e20f95713b563f79ce374aa7ff1792c52343f353;7;1632358982894;;0;0;0;TJPE;G1;;2021/TJPE/09/G1/TJPE89302202109231632358982886;False;2021-09-22 22:03:02.894;Erro no arquivo
14;650419067;TJPE73864202109231632358980597;c0a40417a085a55b0f591083e23d9489b7eebf89ca6f69be5b864a65b5921a5e;7;1632358980602;;0;0;0;TJPE;G1;;2021/TJPE/09/G1/TJPE73864202109231632358980597;False;2021-09-22 22:03:00.602;Erro no arquivo
15;650419064;TJPE80461202109231632358978670;9f2c2b2fbcdbc03f70b743b25b8ada3f4db49bb452b15394c5690c40495cddd5;7;1632358978678;;0;0;0;TJPE;G1;;2021/TJPE/09/G1/TJPE80461202109231632358978670;False;2021-09-22 22:02:58.678;Erro no arquivo
16;650419038;TJPE27826202109231632358964451;47005bc9714b39671f1f0e1194c97c6cabdb0496b8ec677ebf186fb58fb06c6e;7;1632358964474;;0;0;0;TJPE;G1;;2021/TJPE/09/G1/TJPE27826202109231632358964451;False;2021-09-22 22:02:44.474;Erro no arquivo
17;650419036;TJPE80295202109231632358962136;b454eeb9bd9d60cb842e85e45c08f1996567c0855a691237d019a1edca9d54ff;7;1632358962147;;0;0;0;TJPE;G1;;2021/TJPE/09/G1/TJPE80295202109231632358962136;False;2021-09-22 22:02:42.147;Erro no arquivo
18;650419032;TJPE22121202109231632358959767;bef517fd1ad1f67b65cbfc757c1980669ae8cc082b85f4d2b5dc3dc86feac42e;7;1632358959783;;0;0;0;TJPE;G1;;2021/TJPE/09/G1/TJPE22121202109231632358959767;False;2021-09-22 22:02:39.783;Erro no arquivo
19;650419029;TJPE14182202109231632358957449;f18692aa265df1522d7b1a89b9fc9dac60ed0e1e3122694625fa2ec42da2df98;3;1632358957457;;96;96;0;TJPE;G1;1031627.0;2021/TJPE/09/G1/TJPE14182202109231632358957449;False;2021-09-22 22:02:37.457;Processado com sucesso
20;650419025;TJPE40274202109231632358955103;c379af93093589e5ccafa0c7b15c2c6d39745c8acf3753db0b40a9fe6dbb50f9;7;1632358955112;;0;0;0;TJPE;G1;;2021/TJPE/09/G1/TJPE40274202109231632358955103;False;2021-09-22 22:02:35.112;Erro no arquivo
21;650419021;TJPE18503202109231632358948950;f1f58e9decfd8c788f10fec8e919e344685966286baaae0e3dbf758f735fde75;7;1632358948964;;0;0;0;TJPE;G1;;2021/TJPE/09/G1/TJPE18503202109231632358948950;False;2021-09-22 22:02:28.964;Erro no arquivo
22;650419012;TJPE42056202109231632358939901;61bac7e6534f88bd7d5d221ad660d36c49330d3d716369b6c5b7ad12a8b61791;7;1632358939909;;0;0;0;TJPE;G1;;2021/TJPE/09/G1/TJPE42056202109231632358939901;False;2021-09-22 22:02:19.909;Erro no arquivo
23;650419008;TJPE48334202109231632358934901;8a4cbd50e795112d154ea7b55b8122f912c9ed7cb7441e624bc2b76def51dff1;7;1632358934910;;0;0;0;TJPE;G1;;2021/TJPE/09/G1/TJPE48334202109231632358934901;False;2021-09-22 22:02:14.910;Erro no arquivo
24;650419005;TJPE12019202109231632358929000;7cfbfa95cd9c52841f40367168f7c2e7fd9e92901e044c1ed7e798a9634e26d5;7;1632358929013;;0;0;0;TJPE;G1;;2021/TJPE/09/G1/TJPE12019202109231632358929000;False;2021-09-22 22:02:09.013;Erro no arquivo
25;650418991;TJPE59472202109231632358921720;b4c6815ab1b3aba0b0b7e3be10a9bd7ac729215f304f779dbe882a14e2f93229;7;1632358921729;;0;0;0;TJPE;G1;;2021/TJPE/09/G1/TJPE59472202109231632358921720;False;2021-09-22 22:02:01.729;Erro no arquivo
26;650418988;TJPE22429202109231632358919527;388d8b88313e0dcb0f748c520f1bf85a10fc445bd028796fe4088b9d64cca69c;7;1632358919542;;0;0;0;TJPE;G1;;2021/TJPE/09/G1/TJPE22429202109231632358919527;False;2021-09-22 22:01:59.542;Erro no arquivo
27;650418983;TJPE67298202109231632358917331;8551c9a121a211d6f219bfb8f6603801fd0dde89cbd5d0fcd622be80f78c2262;7;1632358917339;;0;0;0;TJPE;G1;;2021/TJPE/09/G1/TJPE67298202109231632358917331;False;2021-09-22 22:01:57.339;Erro no arquivo
28;650418981;TJPE85358202109231632358915061;4ec59621f48623e038c125875098584d2ad99d0d584b87908c7f8a802b83dd35;7;1632358915134;;0;0;0;TJPE;G1;;2021/TJPE/09/G1/TJPE85358202109231632358915061;False;2021-09-22 22:01:55.134;Erro no arquivo
29;650418980;TJPE92724202109231632358912787;610d007a76f4518c12bec217bcc66cc27e538e9b20926a8f12c68fff0766c46f;3;1632358912794;;85;85;0;TJPE;G1;633375.0;2021/TJPE/09/G1/TJPE92724202109231632358912787;False;2021-09-22 22:01:52.794;Processado com sucesso
30;650418977;TJPE35540202109231632358911011;65ab437effd17ed79ed318986748571a8c98f3269f7fbc51133d0b031fe77310;7;1632358911017;;0;0;0;TJPE;G1;;2021/TJPE/09/G1/TJPE35540202109231632358911011;False;2021-09-22 22:01:51.017;Erro no arquivo
31;650418972;TJPE69740202109231632358909330;79111cb8b02779fb695b96ad563773c762bed093b839219e8c2e041e7d54b92e;7;1632358909339;;0;0;0;TJPE;G1;;2021/TJPE/09/G1/TJPE69740202109231632358909330;False;2021-09-22 22:01:49.339;Erro no arquivo
32;650418969;TJPE41708202109231632358907455;955779e7008215de7e099d7589ecd7054b320efa4beaee80556d7d20e97342f7;7;1632358907470;;0;0;0;TJPE;G1;;2021/TJPE/09/G1/TJPE41708202109231632358907455;False;2021-09-22 22:01:47.470;Erro no arquivo
33;650418963;TJPE56110202109231632358902930;1040f66873299b6be5c13b55a39f78fc7e5636191d45dcbbd1176f5547b91c2a;7;1632358902939;;0;0;0;TJPE;G1;;2021/TJPE/09/G1/TJPE56110202109231632358902930;False;2021-09-22 22:01:42.939;Erro no arquivo
34;650418957;TJPE13693202109231632358900060;0308625bf90b96d42d039e425df6d462fd7f76cbaa704353ccb592401ab2df77;7;1632358900083;;0;0;0;TJPE;G1;;2021/TJPE/09/G1/TJPE13693202109231632358900060;False;2021-09-22 22:01:40.083;Erro no arquivo
35;650418954;TJPE77177202109231632358897779;f722cfbe91d9a56622ddc6849fd18d146f75826b5f507e93988c123af09b0d54;7;1632358897789;;0;0;0;TJPE;G1;;2021/TJPE/09/G1/TJPE77177202109231632358897779;False;2021-09-22 22:01:37.789;Erro no arquivo
36;650418952;TJPE80859202109231632358895330;c6a225156dca14d664ca5b0ff829bdf3a7355f2844991a5f5dd653d575e20565;7;1632358895336;;0;0;0;TJPE;G1;;2021/TJPE/09/G1/TJPE80859202109231632358895330;False;2021-09-22 22:01:35.336;Erro no arquivo
37;650418948;TJPE72854202109231632358893618;564d2a635ca1541ffc068d663f38934c5e31d6fbe5e62903b6b5b2b0f7a95299;7;1632358893629;;0;0;0;TJPE;G1;;2021/TJPE/09/G1/TJPE72854202109231632358893618;False;2021-09-22 22:01:33.629;Erro no arquivo
38;650418944;TJPE97837202109231632358891435;c78864d7914379035c0badfb65cfc06833e2fbea582ebb1cd386c48b5abefb69;3;1632358891456;;100;100;0;TJPE;JE;1144656.0;2021/TJPE/09/JE/TJPE97837202109231632358891435;False;2021-09-22 22:01:31.456;Processado com sucesso
39;650418936;TJPE25105202109231632358885327;e820c82602e94ac6f35754244acea6f5da44750f1897c8d325c43d92b111c604;7;1632358885340;;0;0;0;TJPE;G1;;2021/TJPE/09/G1/TJPE25105202109231632358885327;False;2021-09-22 22:01:25.340;Erro no arquivo
0;650418929;TJPE98688202109231632358879868;030a025d9300430a305e23a52d860b2a907b20374624bf89d2362f7270164d68;7;1632358879882;;0;0;0;TJPE;G1;;2021/TJPE/09/G1/TJPE98688202109231632358879868;False;2021-09-22 22:01:19.882;Erro no arquivo
1;650418924;TJPE15609202109231632358875126;3370816fd9290103c7c7cc6efbd977156a3c0de278ea5ace3e0f981544f4af5f;7;1632358875133;;0;0;0;TJPE;G1;;2021/TJPE/09/G1/TJPE15609202109231632358875126;False;2021-09-22 22:01:15.133;Erro no arquivo
2;650418919;TJPE75965202109231632358869438;cfaf482c26a45a7fbd22c91023703f025f01e44e195cba6d7ed4e89c78ca393b;7;1632358869452;;0;0;0;TJPE;G1;;2021/TJPE/09/G1/TJPE75965202109231632358869438;False;2021-09-22 22:01:09.452;Erro no arquivo
3;650418917;TJPE96584202109231632358866810;6cf413348acf996d3ceed236094358f954487c865f37eb303d5e6bfe1dd0dca9;7;1632358866824;;0;0;0;TJPE;G1;;2021/TJPE/09/G1/TJPE96584202109231632358866810;False;2021-09-22 22:01:06.824;Erro no arquivo
4;650418913;TJPE70149202109231632358862082;8f465bd7e979c68d4d5f9579c3d249cd3d97e8ffbc031ca4d0bd06bddb4feb6f;7;1632358862090;;0;0;0;TJPE;G1;;2021/TJPE/09/G1/TJPE70149202109231632358862082;False;2021-09-22 22:01:02.090;Erro no arquivo
5;650418910;TJPE72398202109231632358858832;5e2359f6c021314e70fb24c221effdbc07997945a3d2e6b2b5739e33758a9a4d;7;1632358858843;;0;0;0;TJPE;G1;;2021/TJPE/09/G1/TJPE72398202109231632358858832;False;2021-09-22 22:00:58.843;Erro no arquivo
6;650418904;TJPE35201202109231632358851829;f1209f34930ee936b454e80dd6fe7eecf47a83f24563a3bd755c3cfd386ca41a;7;1632358851849;;0;0;0;TJPE;G1;;2021/TJPE/09/G1/TJPE35201202109231632358851829;False;2021-09-22 22:00:51.849;Erro no arquivo
7;650418896;TJPE12378202109231632358846300;5a6c357283f6622373780a44e95a20bd523f4aa0341cacd1d1beb69e9332a18e;7;1632358846311;;0;0;0;TJPE;G1;;2021/TJPE/09/G1/TJPE12378202109231632358846300;False;2021-09-22 22:00:46.311;Erro no arquivo
8;650418889;TJPE61404202109231632358840266;ebffe4042886bd2c119905cbfffadd27b80e75d5cb0e08fdc235a9bff504cad7;7;1632358840275;;0;0;0;TJPE;G1;;2021/TJPE/09/G1/TJPE61404202109231632358840266;False;2021-09-22 22:00:40.275;Erro no arquivo
9;650418886;TJPE85153202109231632358836708;302cb90c3e3d827641134ffada2d0e00738c4693b5d5f5514652bdc45897bc14;7;1632358836717;;0;0;0;TJPE;G1;;2021/TJPE/09/G1/TJPE85153202109231632358836708;False;2021-09-22 22:00:36.717;Erro no arquivo
10;650418879;TJPE80103202109231632358828890;2ed7d345de6df9a36a4723f9771f5fc8fccafba30e3ec8dd1b16c2ae0985af4c;7;1632358828898;;0;0;0;TJPE;G1;;2021/TJPE/09/G1/TJPE80103202109231632358828890;False;2021-09-22 22:00:28.898;Erro no arquivo
11;650418875;TJPE46427202109231632358824287;a3f23fd6cbb762d6f597169490097d7f2d7283b8d5391f3ee483fbc1e52e3698;7;1632358824314;;0;0;0;TJPE;G1;;2021/TJPE/09/G1/TJPE46427202109231632358824287;False;2021-09-22 22:00:24.314;Erro no arquivo
12;650418874;TJPE34229202109231632358820567;be84ba28ea18825a14fa8748e400163cd86bfb936f2d8479f87f36118a8ffd28;7;1632358820582;;0;0;0;TJPE;G1;;2021/TJPE/09/G1/TJPE34229202109231632358820567;False;2021-09-22 22:00:20.582;Erro no arquivo
13;650418872;TJPE93887202109231632358818267;c502e155b883909921e936386dff73cd7319bbe4a5a823c435a87a20aabdac22;7;1632358818276;;0;0;0;TJPE;G1;;2021/TJPE/09/G1/TJPE93887202109231632358818267;False;2021-09-22 22:00:18.276;Erro no arquivo
14;650418868;TJPE32652202109231632358815712;c68edbe1dcaaaaa1516e0c8e9dd4a87b96b48bbb23721837ffca39383d65e8c8;7;1632358815731;;0;0;0;TJPE;G1;;2021/TJPE/09/G1/TJPE32652202109231632358815712;False;2021-09-22 22:00:15.731;Erro no arquivo
15;650418863;TJPE20385202109231632358812751;83695b96b247f5063de15213a83ae17e700fcfb8e34621adf23d84a6cd6a1e50;7;1632358812759;;0;0;0;TJPE;G1;;2021/TJPE/09/G1/TJPE20385202109231632358812751;False;2021-09-22 22:00:12.759;Erro no arquivo
16;650418856;TJPE23569202109231632358808250;ef2a7a573e2322585f6c01f58ecc18d9e65c10e90a713a7d9cf8a747a2826e5c;7;1632358808257;;0;0;0;TJPE;G1;;2021/TJPE/09/G1/TJPE23569202109231632358808250;False;2021-09-22 22:00:08.257;Erro no arquivo
17;650418851;TJPE72152202109231632358806016;72fb6943a2d9c276e9b06dca66dc2fe466406732642c233ac59f742a7c668efb;7;1632358806026;;0;0;0;TJPE;G1;;2021/TJPE/09/G1/TJPE72152202109231632358806016;False;2021-09-22 22:00:06.026;Erro no arquivo
18;650418846;TJPE16575202109231632358803159;7721285f1d5f26c6355d39fa68bb823db5f9b6c02908318e1ea1cdb88cfe03eb;7;1632358803170;;0;0;0;TJPE;G1;;2021/TJPE/09/G1/TJPE16575202109231632358803159;False;2021-09-22 22:00:03.170;Erro no arquivo
19;650418836;TJPE31617202109231632358800657;05f689af13f8b7acf8ca1de9892805c63c861ca83bc33ff795f9216889d28696;7;1632358800666;;0;0;0;TJPE;G1;;2021/TJPE/09/G1/TJPE31617202109231632358800657;False;2021-09-22 22:00:00.666;Erro no arquivo
20;650418827;TJPE10317202109231632358798104;6cd0fd9baf7a19190b85927c9dfb8a37b02bf9d65067ceb0c9c649b89d789cb9;7;1632358798127;;0;0;0;TJPE;G1;;2021/TJPE/09/G1/TJPE10317202109231632358798104;False;2021-09-22 21:59:58.127;Erro no arquivo
21;650418821;TJPE20066202109231632358795239;dbf9edd80f151fb1f2b537918c14b6337e6b8793720be1e8190f7d1e8f4fef36;7;1632358795252;;0;0;0;TJPE;G1;;2021/TJPE/09/G1/TJPE20066202109231632358795239;False;2021-09-22 21:59:55.252;Erro no arquivo
22;650418820;TJPE65732202109231632358792568;e01efa40831569834b6892702ebab21dc9d94cc201ea833fcd5ed892acaf9ff5;3;1632358792578;;100;100;0;TJPE;JE;1268092.0;2021/TJPE/09/JE/TJPE65732202109231632358792568;False;2021-09-22 21:59:52.578;Processado com sucesso
23;650418815;TJPE44337202109231632358789496;631497959b223cfe807860af1837f86f46c414e38f7f7f339137d8b6fbeab7ac;7;1632358789508;;0;0;0;TJPE;G1;;2021/TJPE/09/G1/TJPE44337202109231632358789496;False;2021-09-22 21:59:49.508;Erro no arquivo
24;650418812;TJPE16154202109231632358786347;0597444ecf345105e1cc2d9fcc9665005d397759cb81055dde2781d622a5c40a;7;1632358786353;;0;0;0;TJPE;G1;;2021/TJPE/09/G1/TJPE16154202109231632358786347;False;2021-09-22 21:59:46.353;Erro no arquivo
25;650418808;TJPE97862202109231632358783521;cde1708ca4355c759b77cbc3b52f8fb11da5912236847184916c44eae9f2cca1;7;1632358783528;;0;0;0;TJPE;G1;;2021/TJPE/09/G1/TJPE97862202109231632358783521;False;2021-09-22 21:59:43.528;Erro no arquivo
26;650418806;TJPE72759202109231632358780821;7faefd5b479ce2ca886dec42f96e2400184d4a93b78c49fa5590ba0a47c42d1a;7;1632358780830;;0;0;0;TJPE;G1;;2021/TJPE/09/G1/TJPE72759202109231632358780821;False;2021-09-22 21:59:40.830;Erro no arquivo
27;650418802;TJPE32095202109231632358778650;a2617496b974d34b03523afeed4367c9d2f3bb1ee2b31861c46ba21ef2cc7c4a;7;1632358778658;;0;0;0;TJPE;G1;;2021/TJPE/09/G1/TJPE32095202109231632358778650;False;2021-09-22 21:59:38.658;Erro no arquivo
28;650418800;TJPE35963202109231632358776507;173c056b77c4e39b2e5acfd65343b23f8ee58bd20272dd82ec973001246d47a0;7;1632358776517;;0;0;0;TJPE;G1;;2021/TJPE/09/G1/TJPE35963202109231632358776507;False;2021-09-22 21:59:36.517;Erro no arquivo
29;650418797;TJPE74626202109231632358774527;5a459f25e41c38157e9814350c2861eaed5606eba7aa48b37212d98ee946a200;7;1632358774534;;0;0;0;TJPE;G1;;2021/TJPE/09/G1/TJPE74626202109231632358774527;False;2021-09-22 21:59:34.534;Erro no arquivo
30;650418793;TJPE56575202109231632358772435;a8f8c0508a1820aaede800f16996eecb25ad4f8bdcb6e0f058f020945083ab56;3;1632358772454;;100;100;0;TJPE;G1;1717729.0;2021/TJPE/09/G1/TJPE56575202109231632358772435;False;2021-09-22 21:59:32.454;Processado com sucesso
31;650418783;TJPE38793202109231632358769152;20f39fd7bcbe61abea963f404f4e7b50f778ccf168387aad451aebb49a1a4d0c;7;1632358769164;;0;0;0;TJPE;G1;;2021/TJPE/09/G1/TJPE38793202109231632358769152;False;2021-09-22 21:59:29.164;Erro no arquivo
32;650418776;TJPE78814202109231632358766725;ce6fbc99a34fdc3fda6e9e5911bc0446a7f7d30c849cd66bf16dff683f3153f6;7;1632358766743;;0;0;0;TJPE;G1;;2021/TJPE/09/G1/TJPE78814202109231632358766725;False;2021-09-22 21:59:26.743;Erro no arquivo
33;650418774;TJPE29290202109231632358764695;e522c852b058808a2614295930b9504054ee4ffd95689b32ce7ef8d14ea30653;7;1632358764712;;0;0;0;TJPE;G1;;2021/TJPE/09/G1/TJPE29290202109231632358764695;False;2021-09-22 21:59:24.712;Erro no arquivo
34;650418771;TJPE74582202109231632358762215;9a534d74deb9b710dc06b1800403da56dbcf38ed7b11b6b4e422388d2a3f440f;7;1632358762225;;0;0;0;TJPE;G1;;2021/TJPE/09/G1/TJPE74582202109231632358762215;False;2021-09-22 21:59:22.225;Erro no arquivo
35;650418768;TJPE45792202109231632358759932;d04bd0e667b0824d3c6e29212d9003cd7655df200a1564e532b6459488cffd5e;3;1632358759944;;100;100;0;TJPE;G1;1610467.0;2021/TJPE/09/G1/TJPE45792202109231632358759932;False;2021-09-22 21:59:19.944;Processado com sucesso
36;650418765;TJPE76867202109231632358757298;1b647f75416b35482aee55551ee6f458987dc013b62f36a1e523905b61651e37;7;1632358757308;;0;0;0;TJPE;G1;;2021/TJPE/09/G1/TJPE76867202109231632358757298;False;2021-09-22 21:59:17.308;Erro no arquivo
37;650418760;TJPE93118202109231632358755256;bd5f7d560c433fa42fc1fbc5ceee101022bbe23b230bf62addfec80fc3470974;7;1632358755265;;0;0;0;TJPE;G1;;2021/TJPE/09/G1/TJPE93118202109231632358755256;False;2021-09-22 21:59:15.265;Erro no arquivo
38;650418757;TJPE41492202109231632358753109;1a4bb80204a439e417eb1c28c0e407e49142ac0153130c57c868d0acd149e641;7;1632358753118;;0;0;0;TJPE;G1;;2021/TJPE/09/G1/TJPE41492202109231632358753109;False;2021-09-22 21:59:13.118;Erro no arquivo
39;650418753;TJPE97166202109231632358750894;9c9ec7bab29636e7059c75ec37e289e59dbeffdf6c8002e184a44710fba59807;7;1632358750903;;0;0;0;TJPE;G1;;2021/TJPE/09/G1/TJPE97166202109231632358750894;False;2021-09-22 21:59:10.903;Erro no arquivo
0;650418751;TJPE33335202109231632358748476;1ef4c2b44d2e30bcc54875ae1192295ae1f44bc96f4b56886ceb3d89870218ac;7;1632358748481;;0;0;0;TJPE;G1;;2021/TJPE/09/G1/TJPE33335202109231632358748476;False;2021-09-22 21:59:08.481;Erro no arquivo
1;650418750;TJPE11416202109231632358746729;aa43fd025409864630579ccfb4a7976d7172e41c5e7352eb8b41ffc81dab5ffc;7;1632358746739;;0;0;0;TJPE;G1;;2021/TJPE/09/G1/TJPE11416202109231632358746729;False;2021-09-22 21:59:06.739;Erro no arquivo
2;650418747;TJPE21607202109231632358743938;c0a5da16b2bc504310ffaa2eca26d5828ab1590dc76355c132b49c7b7f672c40;3;1632358743952;;100;100;0;TJPE;G1;1227055.0;2021/TJPE/09/G1/TJPE21607202109231632358743938;False;2021-09-22 21:59:03.952;Processado com sucesso
3;650418742;TJPE34233202109231632358741624;bdf54947f3c863c8630914195924151c9e8ed57e92e2830c810a15c239649c94;7;1632358741630;;0;0;0;TJPE;G1;;2021/TJPE/09/G1/TJPE34233202109231632358741624;False;2021-09-22 21:59:01.630;Erro no arquivo
4;650418741;TJPE74525202109231632358740027;b52308edfa870f7e1804fe3f76aea222b074b5719a114e1ff9e498c023f4fa73;7;1632358740039;;0;0;0;TJPE;G1;;2021/TJPE/09/G1/TJPE74525202109231632358740027;False;2021-09-22 21:59:00.039;Erro no arquivo
5;650418738;TJPE15177202109231632358737839;9f4f26657078226a164100feb981470ece62ad5c235847278ad8429b4b58264c;7;1632358737861;;0;0;0;TJPE;G1;;2021/TJPE/09/G1/TJPE15177202109231632358737839;False;2021-09-22 21:58:57.861;Erro no arquivo
6;650418732;TJPE93924202109231632358735391;24c2dd01845307b5273e993461869793b37ad7b4eb54dc6bba2f8a0fc50bc122;7;1632358735413;;0;0;0;TJPE;G1;;2021/TJPE/09/G1/TJPE93924202109231632358735391;False;2021-09-22 21:58:55.413;Erro no arquivo
7;650418727;TJPE40736202109231632358732439;61011ce9732aa0167aa3ff925529f360300873a0f554989400728a0be2807355;7;1632358732449;;0;0;0;TJPE;G1;;2021/TJPE/09/G1/TJPE40736202109231632358732439;False;2021-09-22 21:58:52.449;Erro no arquivo
8;650418723;TJPE54595202109231632358730413;a73cccff8dacb8ac651a8c971882e6ff246c7b4f2659f1ab216317167823f9f0;7;1632358730423;;0;0;0;TJPE;G1;;2021/TJPE/09/G1/TJPE54595202109231632358730413;False;2021-09-22 21:58:50.423;Erro no arquivo
9;650418720;TJPE37625202109231632358727658;a7be048755ed8817478b2a06b966423502c8f7f512f67683b95b5ebdf5365033;7;1632358727667;;0;0;0;TJPE;G1;;2021/TJPE/09/G1/TJPE37625202109231632358727658;False;2021-09-22 21:58:47.667;Erro no arquivo
10;650418709;TJPE58189202109231632358722644;a96de33c2c0d9b83d46d2b167731b7ced269c2b5c13a5f7b49d280200ddbe1f1;7;1632358722656;;0;0;0;TJPE;G1;;2021/TJPE/09/G1/TJPE58189202109231632358722644;False;2021-09-22 21:58:42.656;Erro no arquivo
11;650418694;TJPE86358202109231632358714027;0cdeb544c3d54977cee6cb7b147a7a38d9982e42e8d7b0c160d72032d7a7ef47;7;1632358714035;;0;0;0;TJPE;G1;;2021/TJPE/09/G1/TJPE86358202109231632358714027;False;2021-09-22 21:58:34.035;Erro no arquivo
12;650418688;TJPE51221202109231632358708613;58ce7454835101d30101983d0d5838f92644725375ca849e2990a076c4516264;7;1632358708622;;0;0;0;TJPE;G1;;2021/TJPE/09/G1/TJPE51221202109231632358708613;False;2021-09-22 21:58:28.622;Erro no arquivo
13;650418675;TJPE65301202109231632358702704;a60180b186e32d590c28dfc597e503f85b4ba727224627909d973ca5e704042c;7;1632358702713;;0;0;0;TJPE;G1;;2021/TJPE/09/G1/TJPE65301202109231632358702704;False;2021-09-22 21:58:22.713;Erro no arquivo
14;650418668;TJPE65739202109231632358695873;3b507f83adf7a3c5ba0f4e756c8c7ae20dd8d79d4fef0b4cd5c9776b2ff1491c;7;1632358695882;;0;0;0;TJPE;G1;;2021/TJPE/09/G1/TJPE65739202109231632358695873;False;2021-09-22 21:58:15.882;Erro no arquivo
15;650418652;TJPE63379202109231632358689576;63161602bc68aada5290948b1e1bb17b8d5e8faf947ce62b11a737bcce64ca90;7;1632358689590;;0;0;0;TJPE;G1;;2021/TJPE/09/G1/TJPE63379202109231632358689576;False;2021-09-22 21:58:09.590;Erro no arquivo
16;650418647;TJPE17893202109231632358681417;4dff721a269ca433ccbe79e8122ee78767be76df3f83052fd825305e11b975bd;7;1632358681425;;0;0;0;TJPE;G1;;2021/TJPE/09/G1/TJPE17893202109231632358681417;False;2021-09-22 21:58:01.425;Erro no arquivo
17;650418642;TJPE73093202109231632358677653;ff912ac4e0c7aa4acde134b7411f5c4ab82d18e3d189680dd307e7832e0dfe1c;7;1632358677662;;0;0;0;TJPE;G1;;2021/TJPE/09/G1/TJPE73093202109231632358677653;False;2021-09-22 21:57:57.662;Erro no arquivo
18;650418637;TJPE81704202109231632358670311;ba5e00f8cb006dbf0708f4ca97b8c42a6f6c9d39095e1b39c9433272f4726ee9;3;1632358670321;;100;100;0;TJPE;JE;1347581.0;2021/TJPE/09/JE/TJPE81704202109231632358670311;False;2021-09-22 21:57:50.321;Processado com sucesso
19;650418633;TJPE57147202109231632358665134;1029be755f6e26120f0e75d54189e35399f795a8300ce1e246a3f7476707c7ba;7;1632358665141;;0;0;0;TJPE;G1;;2021/TJPE/09/G1/TJPE57147202109231632358665134;False;2021-09-22 21:57:45.141;Erro no arquivo
20;650418628;TJPE45140202109231632358659817;59b108f2d81069bc86401d225298d90a81ec752df34de4065bd95fcede45b3ed;7;1632358659824;;0;0;0;TJPE;G1;;2021/TJPE/09/G1/TJPE45140202109231632358659817;False;2021-09-22 21:57:39.824;Erro no arquivo
21;650418624;TJPE85957202109231632358653429;4a642f72f5bfa35dfe04fa00f3e63a2975eeb0edef5b9d09fb40e1837a8fb5a6;7;1632358653438;;0;0;0;TJPE;G1;;2021/TJPE/09/G1/TJPE85957202109231632358653429;False;2021-09-22 21:57:33.438;Erro no arquivo
22;650418618;TJPE94076202109231632358647430;6415e211a20ab984d226c6acbaa80fd077bc9f5411629c5e258a17e75e030a8a;7;1632358647437;;0;0;0;TJPE;G1;;2021/TJPE/09/G1/TJPE94076202109231632358647430;False;2021-09-22 21:57:27.437;Erro no arquivo
23;650418611;TJPE18062202109231632358642262;31d123a6343241b67172e8bc746ae14b87043bb380b0b4dd2820e15beca2d430;7;1632358642271;;0;0;0;TJPE;G1;;2021/TJPE/09/G1/TJPE18062202109231632358642262;False;2021-09-22 21:57:22.271;Erro no arquivo
24;650418609;TJPE54068202109231632358635542;8169b53930a676f1d70a9fa94405a546a80049017ce826366b417578d0a933a6;7;1632358635552;;0;0;0;TJPE;G1;;2021/TJPE/09/G1/TJPE54068202109231632358635542;False;2021-09-22 21:57:15.552;Erro no arquivo
25;650418605;TJPE19931202109231632358628109;a41f4b84b21e2181fd5d708f61bfd10e725f3d0f73453e4098fd1ac984619a44;7;1632358628119;;0;0;0;TJPE;G1;;2021/TJPE/09/G1/TJPE19931202109231632358628109;False;2021-09-22 21:57:08.119;Erro no arquivo
26;650418601;TJPE23138202109231632358624478;a11d4c0092d493059299fe06bd6d227e0932f2e9c460efb57846517fb7bc21f9;7;1632358624488;;0;0;0;TJPE;G1;;2021/TJPE/09/G1/TJPE23138202109231632358624478;False;2021-09-22 21:57:04.488;Erro no arquivo
27;650418589;TJPE16161202109231632358617736;6de0ef6481c41204225967fe909a9876a15ec89b878fd71785ef50ae2b11e836;7;1632358617744;;0;0;0;TJPE;G1;;2021/TJPE/09/G1/TJPE16161202109231632358617736;False;2021-09-22 21:56:57.744;Erro no arquivo
28;650418576;TJPE93475202109231632358608594;5ae3dd638fb076225bb8c92b56ab2ea3752017d54ef3229a74bb373ab154a021;7;1632358608607;;0;0;0;TJPE;G1;;2021/TJPE/09/G1/TJPE93475202109231632358608594;False;2021-09-22 21:56:48.607;Erro no arquivo
29;650418572;TJPE62009202109231632358601533;cfee18e02e6321e360ae7a0cffe9f79af361a29752cb75a43ec7c41b4b377f02;3;1632358601545;;100;100;0;TJPE;JE;1079747.0;2021/TJPE/09/JE/TJPE62009202109231632358601533;False;2021-09-22 21:56:41.545;Processado com sucesso
30;650418570;TJPE47580202109231632358597859;9e45848f3ec2dc7ed5eb6ef12b297271cbacaefa717d1bffe95a4cd61bac1fbf;7;1632358597868;;0;0;0;TJPE;G1;;2021/TJPE/09/G1/TJPE47580202109231632358597859;False;2021-09-22 21:56:37.868;Erro no arquivo
31;650418562;TJPE48782202109231632358588008;59d5d08db05019d694a8fde20c5515db9f7224439fc90190e5baab59f762eaf5;7;1632358588031;;0;0;0;TJPE;G1;;2021/TJPE/09/G1/TJPE48782202109231632358588008;False;2021-09-22 21:56:28.031;Erro no arquivo
32;650418555;TJPE76239202109231632358582303;993ca4022d37818cdfde331ac5d9c0ab10e86d254667748151950a8446391606;7;1632358582319;;0;0;0;TJPE;G1;;2021/TJPE/09/G1/TJPE76239202109231632358582303;False;2021-09-22 21:56:22.319;Erro no arquivo
33;650418543;TJPE24065202109231632358574301;5f087588f46dd689ca380eea11f075656ad6aff4d09cf0c8ac718ecb541a6a87;7;1632358574315;;0;0;0;TJPE;G1;;2021/TJPE/09/G1/TJPE24065202109231632358574301;False;2021-09-22 21:56:14.315;Erro no arquivo
34;650418530;TJPE18479202109231632358566891;51441cc34972c1b3be6608fac13436775444c6a5c4c81df56f6fc4d76bcf054d;7;1632358566908;;0;0;0;TJPE;G1;;2021/TJPE/09/G1/TJPE18479202109231632358566891;False;2021-09-22 21:56:06.908;Erro no arquivo
35;650418516;TJPE23171202109231632358555125;b8fa0dee24c2f7a0ada93b0e3912d2166a82db623b9ee8c35512aaebf1a96753;7;1632358555134;;0;0;0;TJPE;G1;;2021/TJPE/09/G1/TJPE23171202109231632358555125;False;2021-09-22 21:55:55.134;Erro no arquivo
36;650418497;TJPE63422202109231632358538984;1df1645d0d61d660735117bb99647f8d422d2bfe44aa6de9cc27781a6e57f58d;7;1632358538997;;0;0;0;TJPE;G1;;2021/TJPE/09/G1/TJPE63422202109231632358538984;False;2021-09-22 21:55:38.997;Erro no arquivo
37;650418481;TJPE75130202109231632358532309;8af72af3d89ad4ca1b082cb01da320b5d917e489b6b91e29c3b5a4ba1a7ecc1f;3;1632358532319;;100;100;0;TJPE;JE;1218889.0;2021/TJPE/09/JE/TJPE75130202109231632358532309;False;2021-09-22 21:55:32.319;Processado com sucesso
38;650418464;TJPE64691202109231632358522389;720d50bdc91a6e8217dfa055205d0140b43fb55ff078ffab5f2510c2da76d9f3;7;1632358522397;;0;0;0;TJPE;G1;;2021/TJPE/09/G1/TJPE64691202109231632358522389;False;2021-09-22 21:55:22.397;Erro no arquivo
39;650418459;TJPE45181202109231632358516739;faa13185f16b5903ec47132a39d2e0875b112c62a109e390cb4b381dd93647df;7;1632358516752;;0;0;0;TJPE;G1;;2021/TJPE/09/G1/TJPE45181202109231632358516739;False;2021-09-22 21:55:16.752;Erro no arquivo
0;650418452;TJPE29854202109231632358510292;0cb0ba69aa8fa9e494fb4d5dd89a7c61489a69b7fd2b6b60006d6d8aecb4fa9a;7;1632358510301;;0;0;0;TJPE;G1;;2021/TJPE/09/G1/TJPE29854202109231632358510292;False;2021-09-22 21:55:10.301;Erro no arquivo
1;650418448;TJPE84864202109231632358505623;629de006505c0ce10d5ada7e497ac4ba0e4ee82781d64085ee09e5ba113f0a34;7;1632358505689;;0;0;0;TJPE;G1;;2021/TJPE/09/G1/TJPE84864202109231632358505623;False;2021-09-22 21:55:05.689;Erro no arquivo
2;650418445;TJPE25400202109231632358500766;6f7e882a81a02ec9d0e5a324264c6417a3213f09d1610ddcb3cbae9275c7fd6b;7;1632358500773;;0;0;0;TJPE;G1;;2021/TJPE/09/G1/TJPE25400202109231632358500766;False;2021-09-22 21:55:00.773;Erro no arquivo
3;650418398;TJPE27565202109231632358465311;a496237c4f0f567b7fc2455a4d2158abaf805ea5736b973e7e3143297baee1c9;7;1632358465316;;0;0;0;TJPE;G1;;2021/TJPE/09/G1/TJPE27565202109231632358465311;False;2021-09-22 21:54:25.316;Erro no arquivo
4;650418397;TJPE73508202109231632358463517;cc76041c4b308a0d80643bdc04f6c6051bda7eb7bbc0fc5d58cc820127f953ee;3;1632358463525;;100;100;0;TJPE;JE;1034729.0;2021/TJPE/09/JE/TJPE73508202109231632358463517;False;2021-09-22 21:54:23.525;Processado com sucesso
5;650418395;TJPE93836202109231632358461295;ae5767c4d35cb0ec5cd3495b8f88fb75c6a62e4f6010bdd5f9e4e4f15c4feb86;7;1632358461303;;0;0;0;TJPE;G1;;2021/TJPE/09/G1/TJPE93836202109231632358461295;False;2021-09-22 21:54:21.303;Erro no arquivo
6;650418389;TJPE83827202109231632358454405;feb9ecbd37886fd2b3207160061301bfd57d196dcda649423cda0647568667d5;7;1632358454417;;0;0;0;TJPE;G1;;2021/TJPE/09/G1/TJPE83827202109231632358454405;False;2021-09-22 21:54:14.417;Erro no arquivo
7;650418384;TJPE35230202109231632358450158;3c5e6a16037b1e381a5fee17721b94a3a1b026085bf10f0bfc9e1666079bec11;7;1632358450168;;0;0;0;TJPE;G1;;2021/TJPE/09/G1/TJPE35230202109231632358450158;False;2021-09-22 21:54:10.168;Erro no arquivo
8;650418383;TJPE49931202109231632358446650;3d254b315c125d5586efe53b0cbd3c3c4a36f31582831421a16fcabf1c0b4cf8;7;1632358446671;;0;0;0;TJPE;G1;;2021/TJPE/09/G1/TJPE49931202109231632358446650;False;2021-09-22 21:54:06.671;Erro no arquivo
9;650418377;TJPE17342202109231632358440221;5e8a9d0e23d01b8fc3e6374003f3f94058eefeecb6780e2a07341c85e3757161;7;1632358440229;;0;0;0;TJPE;G1;;2021/TJPE/09/G1/TJPE17342202109231632358440221;False;2021-09-22 21:54:00.229;Erro no arquivo
10;650418367;TJPE48889202109231632358436214;b2f9062e316cbddfb9442c5070f5ed057b9b6996fda5c7ffc3f42dcbfd5b8a32;7;1632358436234;;0;0;0;TJPE;G1;;2021/TJPE/09/G1/TJPE48889202109231632358436214;False;2021-09-22 21:53:56.234;Erro no arquivo
11;650418354;TJPE41945202109231632358430438;78cb4ead5fd405ac1b52662bd01811fa44e2b87c017f7f5083a26398b6e01493;7;1632358430448;;0;0;0;TJPE;G1;;2021/TJPE/09/G1/TJPE41945202109231632358430438;False;2021-09-22 21:53:50.448;Erro no arquivo
12;650418349;TJPE70127202109231632358424489;8b8003958a4b0923ab32eb55ce8aa61e5e552a4986012be7fe0bef257907c9c3;7;1632358424509;;0;0;0;TJPE;G1;;2021/TJPE/09/G1/TJPE70127202109231632358424489;False;2021-09-22 21:53:44.509;Erro no arquivo
13;650418343;TJPE86332202109231632358419622;8190fcc04e9cccbeca0d89c633bfb344434ab38bb5f989c23b306cbf77b97b28;7;1632358419633;;0;0;0;TJPE;G1;;2021/TJPE/09/G1/TJPE86332202109231632358419622;False;2021-09-22 21:53:39.633;Erro no arquivo
14;650418329;TJPE30832202109231632358410428;e1a9a66967d883760592ea8c567c0605b73ff8daac97bd869c314706f304f180;7;1632358410436;;0;0;0;TJPE;G1;;2021/TJPE/09/G1/TJPE30832202109231632358410428;False;2021-09-22 21:53:30.436;Erro no arquivo
15;650418326;TJPE41344202109231632358406793;e68eaa51056d4d71f2214af533b2a8dd4c90c7c5f846c95b2472198924f0d356;7;1632358406801;;0;0;0;TJPE;G1;;2021/TJPE/09/G1/TJPE41344202109231632358406793;False;2021-09-22 21:53:26.801;Erro no arquivo
16;650418322;TJPE92215202109231632358403921;1521615ce34bbeccf35c8ad2b7da835931152d4dccf0c1ae85ca4ff7e55bb3c5;7;1632358403935;;0;0;0;TJPE;G1;;2021/TJPE/09/G1/TJPE92215202109231632358403921;False;2021-09-22 21:53:23.935;Erro no arquivo
17;650418316;TJPE52844202109231632358397070;61fb35642f1f620c2aae292026c1727e01e6b3130027249429fc20e83888e4aa;3;1632358397078;;100;100;0;TJPE;JE;1032601.0;2021/TJPE/09/JE/TJPE52844202109231632358397070;False;2021-09-22 21:53:17.078;Processado com sucesso
18;650418310;TJPE74202202109231632358392548;d7ed2d2899ef62ecd78991d0e11312ca65b3ad16279b56b5227dd75fa9c6441e;7;1632358392560;;0;0;0;TJPE;G1;;2021/TJPE/09/G1/TJPE74202202109231632358392548;False;2021-09-22 21:53:12.560;Erro no arquivo
19;650418305;TJPE82571202109231632358381325;42142d3a6cdf0c01b65b2f0b0fd1d47c2f94c8eb778e4ba170b37ae14487b7d2;7;1632358381346;;0;0;0;TJPE;G1;;2021/TJPE/09/G1/TJPE82571202109231632358381325;False;2021-09-22 21:53:01.346;Erro no arquivo
20;650418298;TJPE95416202109231632358376549;3fe3a11cf4b1b11753b9ac227b693f323cc6c8dc6d818410be879a13698f05c2;7;1632358376568;;0;0;0;TJPE;G1;;2021/TJPE/09/G1/TJPE95416202109231632358376549;False;2021-09-22 21:52:56.568;Erro no arquivo
21;650418295;TJPE29058202109231632358371014;5d2814d80b6d77280e1e9b7e0cec5cafceb7b6d5bd8476c064fe667cada1dd5f;7;1632358371020;;0;0;0;TJPE;G1;;2021/TJPE/09/G1/TJPE29058202109231632358371014;False;2021-09-22 21:52:51.020;Erro no arquivo
22;650418283;TJPE70931202109231632358363603;4ba34e20c10dbb1ee6645edcb2c9a7600a7c2063ab0e009b6e41e7e4eb075e72;7;1632358363611;;0;0;0;TJPE;G1;;2021/TJPE/09/G1/TJPE70931202109231632358363603;False;2021-09-22 21:52:43.611;Erro no arquivo
23;650418275;TJPE30920202109231632358357300;4ba87dab7eb270ed87e434ec6119c0080b553b2c629952f37db78d6883a6836b;7;1632358357307;;0;0;0;TJPE;G1;;2021/TJPE/09/G1/TJPE30920202109231632358357300;False;2021-09-22 21:52:37.307;Erro no arquivo
24;650418268;TJPE62640202109231632358351920;63c6555eacb0923c8bf31021ff73905dc3f7bfee2479d771f49e2a71264ee2a9;7;1632358351934;;0;0;0;TJPE;G1;;2021/TJPE/09/G1/TJPE62640202109231632358351920;False;2021-09-22 21:52:31.934;Erro no arquivo
25;650418262;TJPE77933202109231632358344750;75b5ee28d00ed8405c0812904a252d975ad090207404327b25fb5fac3d8f8c6c;7;1632358344764;;0;0;0;TJPE;G1;;2021/TJPE/09/G1/TJPE77933202109231632358344750;False;2021-09-22 21:52:24.764;Erro no arquivo
26;650418254;TJPE97299202109231632358339130;9e35f43478105cb887a9a7ac7b213d38b3ec79606d93abbbd55603b604e82bb4;7;1632358339142;;0;0;0;TJPE;G1;;2021/TJPE/09/G1/TJPE97299202109231632358339130;False;2021-09-22 21:52:19.142;Erro no arquivo
27;650418249;TJPE55045202109231632358333065;1eb4d2cb01df9fd3a2f61c798c33ea518c370e96216bc53a1cebb3a23366f3a3;7;1632358333074;;0;0;0;TJPE;G1;;2021/TJPE/09/G1/TJPE55045202109231632358333065;False;2021-09-22 21:52:13.074;Erro no arquivo
28;650418247;TJPE74045202109231632358327419;30618f5af1ad37738c5fcddf0bfc2eb1fd32a816a5561280ff0712c96f4088ca;3;1632358327440;;100;100;0;TJPE;G1;1790930.0;2021/TJPE/09/G1/TJPE74045202109231632358327419;False;2021-09-22 21:52:07.440;Processado com sucesso
29;650418236;TJPE64115202109231632358319744;61c21ea6733ffea41825da8bfa28269e808719af6665dd056e314373da8951d4;7;1632358319755;;0;0;0;TJPE;G1;;2021/TJPE/09/G1/TJPE64115202109231632358319744;False;2021-09-22 21:51:59.755;Erro no arquivo
30;650418232;TJPE44701202109231632358313788;e804a3f711363a2326595165bc1d8bc6dae10d8c03bcff7107707bd33dca9e86;7;1632358313801;;0;0;0;TJPE;G1;;2021/TJPE/09/G1/TJPE44701202109231632358313788;False;2021-09-22 21:51:53.801;Erro no arquivo
31;650418228;TJPE40607202109231632358307282;da85dc5bac9322ed2c6a53a19fd851549fe79deec8b090d6353b24650228786b;7;1632358307292;;0;0;0;TJPE;G1;;2021/TJPE/09/G1/TJPE40607202109231632358307282;False;2021-09-22 21:51:47.292;Erro no arquivo
32;650418223;TJPE19972202109231632358299709;b08a8e89f89a76daea2bf5a1c0c1bc22d6f20b73b560a8b769c822e33ed59b53;3;1632358299717;;100;100;0;TJPE;JE;1007693.0;2021/TJPE/09/JE/TJPE19972202109231632358299709;False;2021-09-22 21:51:39.717;Processado com sucesso
33;650418217;TJPE26168202109231632358292890;6b463fdb9d15124c9393059e0d82d21ff5f8867d7ca5d6b68bc7077e08fcb342;7;1632358292899;;0;0;0;TJPE;G1;;2021/TJPE/09/G1/TJPE26168202109231632358292890;False;2021-09-22 21:51:32.899;Erro no arquivo
34;650418207;TJPE57369202109231632358284546;e1cb4343c0133f24711f032979ffa90f9b2ac019aa7f0005312edfff08b33645;7;1632358284555;;0;0;0;TJPE;G1;;2021/TJPE/09/G1/TJPE57369202109231632358284546;False;2021-09-22 21:51:24.555;Erro no arquivo
35;650418203;TJPE85952202109231632358276964;65b9d6e4103cea95b612af7ab46d382fb1c32979acc4491d66b672cd87397d85;7;1632358276987;;0;0;0;TJPE;G1;;2021/TJPE/09/G1/TJPE85952202109231632358276964;False;2021-09-22 21:51:16.987;Erro no arquivo
36;650418200;TJPE43160202109231632358269865;f626c4b1d16b7e7e682aa6118357d75786d26ceb558f653c727b7425396b7858;7;1632358269878;;0;0;0;TJPE;G1;;2021/TJPE/09/G1/TJPE43160202109231632358269865;False;2021-09-22 21:51:09.878;Erro no arquivo
37;650418196;TJPE51356202109231632358263184;2696daa837b1b3eba39c97a0dde04cc4eb516338072bf9b6b89c456da0a3d4bc;7;1632358263197;;0;0;0;TJPE;G1;;2021/TJPE/09/G1/TJPE51356202109231632358263184;False;2021-09-22 21:51:03.197;Erro no arquivo
38;650418190;TJPE63118202109231632358255682;f5eac4a92153a3574103898e5129f7e0deb444bcc2966b293ed70a273cee3653;7;1632358255693;;0;0;0;TJPE;G1;;2021/TJPE/09/G1/TJPE63118202109231632358255682;False;2021-09-22 21:50:55.693;Erro no arquivo
39;650418188;TJPE78869202109231632358253455;a75f361e465b260f24067b1acbcfe7befa009edc0579ed13d7bdbf1413e0beb9;7;1632358253468;;0;0;0;TJPE;G1;;2021/TJPE/09/G1/TJPE78869202109231632358253455;False;2021-09-22 21:50:53.468;Erro no arquivo
0;650418182;TJPE87610202109231632358250623;aac23241df7229437b5855541fe14057602b52ddec2176dde4eae07d1a042968;7;1632358250632;;0;0;0;TJPE;G1;;2021/TJPE/09/G1/TJPE87610202109231632358250623;False;2021-09-22 21:50:50.632;Erro no arquivo
1;650418178;TJPE81282202109231632358248214;465e69226279b89f5380f9536cb27c1cc4b5a632077b157b64df659fcbafaed0;7;1632358248224;;0;0;0;TJPE;G1;;2021/TJPE/09/G1/TJPE81282202109231632358248214;False;2021-09-22 21:50:48.224;Erro no arquivo
2;650418177;TJPE72471202109231632358245797;65288510e920dd8fb9817920606978bee785a1e554e9114d2a9f4d30d63f8a0a;7;1632358245804;;0;0;0;TJPE;G1;;2021/TJPE/09/G1/TJPE72471202109231632358245797;False;2021-09-22 21:50:45.804;Erro no arquivo
3;650418175;TJPE34155202109231632358243687;7c2ff8444f18fd7db847a2089fc2460e41f555d76e8f4b8e539037b88ca249ef;3;1632358243708;;95;95;0;TJPE;G1;1062833.0;2021/TJPE/09/G1/TJPE34155202109231632358243687;False;2021-09-22 21:50:43.708;Processado com sucesso
4;650418172;TJPE73795202109231632358241129;adf7ba579c246d956ec15d60d0dad31dd6f7d9e0be6ba6da036a94a52fd9fad8;7;1632358241146;;0;0;0;TJPE;G1;;2021/TJPE/09/G1/TJPE73795202109231632358241129;False;2021-09-22 21:50:41.146;Erro no arquivo
5;650418167;TJPE69506202109231632358238384;8fe8ee4e55d7fbad7d2b47fc1142b055dc11b99074c694b5583eaa243da69c88;7;1632358238393;;0;0;0;TJPE;G1;;2021/TJPE/09/G1/TJPE69506202109231632358238384;False;2021-09-22 21:50:38.393;Erro no arquivo
6;650418163;TJPE40422202109231632358235366;1a62462426c8f3c38e0ff574bd674ff0a1119f37354472b7ce8afd88265e02ec;7;1632358235374;;0;0;0;TJPE;G1;;2021/TJPE/09/G1/TJPE40422202109231632358235366;False;2021-09-22 21:50:35.374;Erro no arquivo
7;650418159;TJPE50935202109231632358233233;0b66da9332836bf069bf0a16f5dfc36109950db49ca5e3092be28fea953fe2eb;7;1632358233246;;0;0;0;TJPE;G1;;2021/TJPE/09/G1/TJPE50935202109231632358233233;False;2021-09-22 21:50:33.246;Erro no arquivo
8;650418154;TJPE42264202109231632358230396;66b061f24924c3b6f28316e2192130ba51f44a3a488f78e40b1bed1dafab6b0b;7;1632358230414;;0;0;0;TJPE;G1;;2021/TJPE/09/G1/TJPE42264202109231632358230396;False;2021-09-22 21:50:30.414;Erro no arquivo
9;650418153;TJPE42400202109231632358228373;987e248990087e6e2b9adba19e828e78cc9847eaeffcdb40fdc8ce0556e4c9f0;3;1632358228381;;100;100;0;TJPE;G1;735054.0;2021/TJPE/09/G1/TJPE42400202109231632358228373;False;2021-09-22 21:50:28.381;Processado com sucesso
10;650418150;TJPE96475202109231632358226469;2aa67c66ede3d84156f67677fbd91103aaf86677b505859775fb738107654db3;3;1632358226480;;100;100;0;TJPE;JE;1378639.0;2021/TJPE/09/JE/TJPE96475202109231632358226469;False;2021-09-22 21:50:26.480;Processado com sucesso
11;650418149;TJPE86302202109231632358223932;ccefeacfc5b9ed590a10201909f926addf0370bbbd10d34c163a70dbd94c8ab7;7;1632358223941;;0;0;0;TJPE;JE;;2021/TJPE/09/JE/TJPE86302202109231632358223932;False;2021-09-22 21:50:23.941;Erro no arquivo
12;650418145;TJPE35127202109231632358216175;682976cbbe728dce568e2498d3df1d978c8dd13166c74f2af9b8a60107fa4ee3;7;1632358216200;;0;0;0;TJPE;G1;;2021/TJPE/09/G1/TJPE35127202109231632358216175;False;2021-09-22 21:50:16.200;Erro no arquivo
13;650418141;TJPE69863202109231632358209862;f35b4772da426cfe5f3a029b8cab0736d5248e686c1446ffaa059fadf8caaf4f;7;1632358209871;;0;0;0;TJPE;G1;;2021/TJPE/09/G1/TJPE69863202109231632358209862;False;2021-09-22 21:50:09.871;Erro no arquivo
14;650418132;TJPE25386202109231632358203633;ebdc182e59e4a64b88f15207e3d2559d335d9ba6423c2b009b496ab6440770b6;7;1632358203660;;0;0;0;TJPE;JE;;2021/TJPE/09/JE/TJPE25386202109231632358203633;False;2021-09-22 21:50:03.660;Erro no arquivo
15;650418119;TJPE12331202109231632358198010;e18fa83d415b6b9776995498d015af35f6233f51e89d29a17b8d09a5907dbacb;7;1632358198021;;0;0;0;TJPE;G1;;2021/TJPE/09/G1/TJPE12331202109231632358198010;False;2021-09-22 21:49:58.021;Erro no arquivo
16;650418116;TJPE95303202109231632358193799;37dd0db4d570e42b0d6970ec2f3f543888a6e06903a9102d83e43886cacc0204;7;1632358193812;;0;0;0;TJPE;G1;;2021/TJPE/09/G1/TJPE95303202109231632358193799;False;2021-09-22 21:49:53.812;Erro no arquivo
17;650418110;TJPE40722202109231632358187362;e027ba751c85130305cbe990a6a8c4308edf4c1f2630b7a3f66a2d0ee1408058;7;1632358187370;;0;0;0;TJPE;G1;;2021/TJPE/09/G1/TJPE40722202109231632358187362;False;2021-09-22 21:49:47.370;Erro no arquivo
18;650418108;TJPE11312202109231632358182438;21b1b3745773dbdf5d1fafaad4395c871d7f05981b6d9a5448ec77ac6857c4fd;7;1632358182449;;0;0;0;TJPE;G1;;2021/TJPE/09/G1/TJPE11312202109231632358182438;False;2021-09-22 21:49:42.449;Erro no arquivo
19;650418099;TJPE32931202109231632358176176;f8bccdc8569e0e3c33849d2e24268b59a468292c8ee92842d9139f9cd04aa572;7;1632358176184;;0;0;0;TJPE;G1;;2021/TJPE/09/G1/TJPE32931202109231632358176176;False;2021-09-22 21:49:36.184;Erro no arquivo
20;650418093;TJPE46321202109231632358170244;7599f1c593506086fe747db74c361991e99489c507b7c63074363ec7671b5691;7;1632358170253;;0;0;0;TJPE;G1;;2021/TJPE/09/G1/TJPE46321202109231632358170244;False;2021-09-22 21:49:30.253;Erro no arquivo
21;650418076;TJPE38753202109231632358163204;98bd1df13ffae8222ddd12793160d6b0aef54ba040b0e9068e5689c4e38af859;7;1632358163212;;0;0;0;TJPE;G1;;2021/TJPE/09/G1/TJPE38753202109231632358163204;False;2021-09-22 21:49:23.212;Erro no arquivo
22;650418070;TJPE85417202109231632358157482;e8c56658a8a13be200e94734928b56eb556e972eb80efd0ce06dd50a6896c11a;7;1632358157500;;0;0;0;TJPE;G1;;2021/TJPE/09/G1/TJPE85417202109231632358157482;False;2021-09-22 21:49:17.500;Erro no arquivo
23;650418067;TJPE39641202109231632358155498;850e1024b05be5e93ea643713f10518bd994954ea25e36c5524db66e56ccab59;7;1632358155510;;0;0;0;TJPE;G1;;2021/TJPE/09/G1/TJPE39641202109231632358155498;False;2021-09-22 21:49:15.510;Erro no arquivo
24;650418062;TJPE17167202109231632358153331;79738dd7ce88eb8fab2633da7ec0f07f5c66e8815c25da90b28716e5ad6be53e;7;1632358153345;;0;0;0;TJPE;G1;;2021/TJPE/09/G1/TJPE17167202109231632358153331;False;2021-09-22 21:49:13.345;Erro no arquivo
25;650418060;TJPE32695202109231632358151018;abb0ed66bf7059b4a1260a721620b0ccef6fe679a68f3832a5b9e0e737d36817;7;1632358151040;;0;0;0;TJPE;G1;;2021/TJPE/09/G1/TJPE32695202109231632358151018;False;2021-09-22 21:49:11.040;Erro no arquivo
26;650418057;TJPE95999202109231632358148860;855998a054257f85e9ec3928523584572a89ba02bfc5c7ecbd26e2c9a4ea090c;3;1632358148870;;100;100;0;TJPE;JE;1320604.0;2021/TJPE/09/JE/TJPE95999202109231632358148860;False;2021-09-22 21:49:08.870;Processado com sucesso
27;650418053;TJPE86403202109231632358146406;e60e7abec5e589141f013e1609731153d6acb147ecf4407752140cb283e6b322;7;1632358146428;;0;0;0;TJPE;G1;;2021/TJPE/09/G1/TJPE86403202109231632358146406;False;2021-09-22 21:49:06.428;Erro no arquivo
28;650418052;TJPE84673202109231632358143868;8619657cc3555a0b501df7f1fdd5bc702bbede8f7b07dde1b494eed3edf39dbb;7;1632358143878;;0;0;0;TJPE;G1;;2021/TJPE/09/G1/TJPE84673202109231632358143868;False;2021-09-22 21:49:03.878;Erro no arquivo
29;650418048;TJPE94069202109231632358141342;47978a026e204c7ae5584238c05d7c132e35f334a0b527fcf9524886eac06f51;7;1632358141356;;0;0;0;TJPE;G1;;2021/TJPE/09/G1/TJPE94069202109231632358141342;False;2021-09-22 21:49:01.356;Erro no arquivo
30;650418043;TJPE75902202109231632358138865;ca80272521160350534d58e13a7022f922f768a3a9a6464c1c41b398a8bafa12;7;1632358138874;;0;0;0;TJPE;G1;;2021/TJPE/09/G1/TJPE75902202109231632358138865;False;2021-09-22 21:48:58.874;Erro no arquivo
31;650418042;TJPE48875202109231632358136628;dfc60573ded5858de47e9a310ef70ea8e19fc8cf8def177a9cb76b24e168a0c8;7;1632358136636;;0;0;0;TJPE;G1;;2021/TJPE/09/G1/TJPE48875202109231632358136628;False;2021-09-22 21:48:56.636;Erro no arquivo
32;650418040;TJPE71221202109231632358134614;15fb536f6f874470ddb1136e4d71a0f978b603fda29a186733f53faa42eb7d24;7;1632358134636;;0;0;0;TJPE;G1;;2021/TJPE/09/G1/TJPE71221202109231632358134614;False;2021-09-22 21:48:54.636;Erro no arquivo
33;650418037;TJPE35599202109231632358132314;bdaa135687db09aedeab8078a1d28e62fc03557b18e02d300ea8d123daff9689;7;1632358132328;;0;0;0;TJPE;G1;;2021/TJPE/09/G1/TJPE35599202109231632358132314;False;2021-09-22 21:48:52.328;Erro no arquivo
34;650418032;TJPE12064202109231632358129667;b438a2f8cf9677b184beb289efd86dc9867665c16489efdcd685bb81e56a95dd;3;1632358129676;;89;89;0;TJPE;G1;1175584.0;2021/TJPE/09/G1/TJPE12064202109231632358129667;False;2021-09-22 21:48:49.676;Processado com sucesso
35;650418027;TJPE74185202109231632358127369;359691961a323ba8e911d06daf5f61a01fb221e24c4613875afb31c9dfe064ed;7;1632358127384;;0;0;0;TJPE;G1;;2021/TJPE/09/G1/TJPE74185202109231632358127369;False;2021-09-22 21:48:47.384;Erro no arquivo
36;650418020;TJPE36647202109231632358122917;b2c8ad41413805c128bfc8a084695050bf57cc2ec938cf3507bc38ab1054b9c8;7;1632358122932;;0;0;0;TJPE;G1;;2021/TJPE/09/G1/TJPE36647202109231632358122917;False;2021-09-22 21:48:42.932;Erro no arquivo
37;650418016;TJPE61591202109231632358118625;ced34ca4bd9ebdfa8faa6cdabc1e979f7289901887f23f5407953200235b55a3;3;1632358118633;;100;100;0;TJPE;JE;1101623.0;2021/TJPE/09/JE/TJPE61591202109231632358118625;False;2021-09-22 21:48:38.633;Processado com sucesso
38;650418003;TJPE58513202109231632358110964;4a429b5acc9ce86fb5212dd2fdd1414d3b50d14be590ae7d92ffca5cb4ec950a;7;1632358110978;;0;0;0;TJPE;G1;;2021/TJPE/09/G1/TJPE58513202109231632358110964;False;2021-09-22 21:48:30.978;Erro no arquivo
39;650418001;TJPE31084202109231632358106703;d6fa0ad2b9821d6b1789fb6cd4e5ef9d6cd5c1abbb2f268ac8acb3598df3cc2d;7;1632358106711;;0;0;0;TJPE;G1;;2021/TJPE/09/G1/TJPE31084202109231632358106703;False;2021-09-22 21:48:26.711;Erro no arquivo
0;650417997;TJPE49505202109231632358101205;b3dd1eecd6df855abc3dffbd3888f78320e9c1f6e78029019c11f2bdb39d9a7f;7;1632358101219;;0;0;0;TJPE;G1;;2021/TJPE/09/G1/TJPE49505202109231632358101205;False;2021-09-22 21:48:21.219;Erro no arquivo
1;650417992;TJPE67776202109231632358097030;e74239b67761b3ea5fce632f48a56e6bea31d065d5715871f2de8d047eb05a05;7;1632358097038;;0;0;0;TJPE;G1;;2021/TJPE/09/G1/TJPE67776202109231632358097030;False;2021-09-22 21:48:17.038;Erro no arquivo
2;650417989;TJPE92266202109231632358094935;8248ee9ce27bea669b779ff4ecc33806a5caa17a1aef7253abaade2f21f56729;7;1632358094943;;0;0;0;TJPE;G1;;2021/TJPE/09/G1/TJPE92266202109231632358094935;False;2021-09-22 21:48:14.943;Erro no arquivo
3;650417988;TJPE43149202109231632358092360;d3cb80b2973b54bac230b23db8bb1902b8b2007018d6c46a147030f21c725d36;3;1632358092382;;100;100;0;TJPE;JE;1130601.0;2021/TJPE/09/JE/TJPE43149202109231632358092360;False;2021-09-22 21:48:12.382;Processado com sucesso
4;650417985;TJPE78763202109231632358089769;7ab1e3e0cd4c49a021c23ed263503789e04b97c466ff741f0f64187e8f77b08d;7;1632358089777;;0;0;0;TJPE;G1;;2021/TJPE/09/G1/TJPE78763202109231632358089769;False;2021-09-22 21:48:09.777;Erro no arquivo
5;650417981;TJPE70061202109231632358087699;8c232d20bb5cd7934c02b2ea2d37a43ccd684494cfb3a5d3d27b4534420c8acd;7;1632358087703;;0;0;0;TJPE;G1;;2021/TJPE/09/G1/TJPE70061202109231632358087699;False;2021-09-22 21:48:07.703;Erro no arquivo
6;650417978;TJPE81748202109231632358085973;07ca0a046b9ec1b97e9f352a8fc7862a3557871f863e5791adad76b2f453c928;3;1632358085993;;91;91;0;TJPE;G1;1093613.0;2021/TJPE/09/G1/TJPE81748202109231632358085973;False;2021-09-22 21:48:05.993;Processado com sucesso
7;650417972;TJPE98467202109231632358083680;a9369ac46b1f525b2f2328670d7f1591ef1a8729ff8a08398b1639724ff5882f;7;1632358083690;;0;0;0;TJPE;G1;;2021/TJPE/09/G1/TJPE98467202109231632358083680;False;2021-09-22 21:48:03.690;Erro no arquivo
8;650417969;TJPE31664202109231632358081366;ba25b8ce6c82f433c1756c5f7a9307c21918843f89577f8da9af9a72b99fa34f;7;1632358081376;;0;0;0;TJPE;G1;;2021/TJPE/09/G1/TJPE31664202109231632358081366;False;2021-09-22 21:48:01.376;Erro no arquivo
9;650417967;TJPE86599202109231632358079422;8adfd9a790118fcb0c683359918aa77ef60e2718969e3ca2f9024e970d76eafb;7;1632358079430;;0;0;0;TJPE;G1;;2021/TJPE/09/G1/TJPE86599202109231632358079422;False;2021-09-22 21:47:59.430;Erro no arquivo
10;650417964;TJPE82556202109231632358077175;9f699cb85e929e262c3a13bccb3de43d81354ddbdb84fc617bd86305bf2f187f;7;1632358077184;;0;0;0;TJPE;G1;;2021/TJPE/09/G1/TJPE82556202109231632358077175;False;2021-09-22 21:47:57.184;Erro no arquivo
11;650417956;TJPE93577202109231632358074837;60339c0a889f912c50e816bb81d1443c2c6a1bab71310a44fc4241ee71f7d358;7;1632358074843;;0;0;0;TJPE;G1;;2021/TJPE/09/G1/TJPE93577202109231632358074837;False;2021-09-22 21:47:54.843;Erro no arquivo
12;650417952;TJPE39340202109231632358073039;fe27b27baa4fe6a978630749a0ed14f9f63c70e6f3a37091cda675b1b81d15ff;7;1632358073048;;0;0;0;TJPE;G1;;2021/TJPE/09/G1/TJPE39340202109231632358073039;False;2021-09-22 21:47:53.048;Erro no arquivo
13;650417946;TJPE77252202109231632358070401;7fc929cc2da0d428921417e976db979376bfefc73d5ab13b1854f58556e6099d;7;1632358070415;;0;0;0;TJPE;G1;;2021/TJPE/09/G1/TJPE77252202109231632358070401;False;2021-09-22 21:47:50.415;Erro no arquivo
14;650417944;TJPE75464202109231632358068118;c8c11d445ba03771201d27290cea4d36536c96eb8bb5a0e64f49ea21e10371de;7;1632358068125;;0;0;0;TJPE;JE;;2021/TJPE/09/JE/TJPE75464202109231632358068118;False;2021-09-22 21:47:48.125;Erro no arquivo
15;650417931;TJPE90314202109231632358052515;30851b77d21159c71cac1df66d0e0a75d67528c217dae4ec247ea3d8cd9d061e;7;1632358052530;;0;0;0;TJPE;G1;;2021/TJPE/09/G1/TJPE90314202109231632358052515;False;2021-09-22 21:47:32.530;Erro no arquivo
16;650417925;TJPE24976202109231632358046651;30ca27612f4d67a3531caf621682ccec3c51af3d18b97ba3201a559d94622868;7;1632358046659;;0;0;0;TJPE;G1;;2021/TJPE/09/G1/TJPE24976202109231632358046651;False;2021-09-22 21:47:26.659;Erro no arquivo
17;650417921;TJPE58707202109231632358042235;5dec35567ffc93b7cdb1de8b5b4bdc05c839b221d850195dff5357b803141959;7;1632358042247;;0;0;0;TJPE;G1;;2021/TJPE/09/G1/TJPE58707202109231632358042235;False;2021-09-22 21:47:22.247;Erro no arquivo
18;650417918;TJPE16149202109231632358036575;77a9e08f72d4e33b5d87ec6176ea3d2ad9dba9f93f90423eba81f7f95ea09ccb;7;1632358036596;;0;0;0;TJPE;G1;;2021/TJPE/09/G1/TJPE16149202109231632358036575;False;2021-09-22 21:47:16.596;Erro no arquivo
19;650417912;TJPE58102202109231632358032634;17fc7c0a7865645ef380a75c6a64dcb114ad0073797d4f4ce2202e39cf4773d2;7;1632358032641;;0;0;0;TJPE;G1;;2021/TJPE/09/G1/TJPE58102202109231632358032634;False;2021-09-22 21:47:12.641;Erro no arquivo
20;650417903;TJPE23035202109231632358026749;2429b611f37eb9dcf820a4bda1afbd4d07021edf1bb01271a20b85800801cc7f;7;1632358026762;;0;0;0;TJPE;G1;;2021/TJPE/09/G1/TJPE23035202109231632358026749;False;2021-09-22 21:47:06.762;Erro no arquivo
21;650417898;TJPE75227202109231632358021706;8c62afcf922c7dd8b218724906cd3598031cefb810458a3bb1ec148a3c3a0434;7;1632358021719;;0;0;0;TJPE;G1;;2021/TJPE/09/G1/TJPE75227202109231632358021706;False;2021-09-22 21:47:01.719;Erro no arquivo
22;650417888;TJPE43436202109231632358013366;86b6be67b4d31be25abcbaf2d04bdb00c75509f587d747e7faf8431e12ff5d58;7;1632358013376;;0;0;0;TJPE;G1;;2021/TJPE/09/G1/TJPE43436202109231632358013366;False;2021-09-22 21:46:53.376;Erro no arquivo
23;650417878;TJPE68552202109231632358006827;3f7fc73ca8ca56daef8b81d2e1c350b9a854e26267e49959af07ea9e532cff5e;7;1632358006836;;0;0;0;TJPE;G1;;2021/TJPE/09/G1/TJPE68552202109231632358006827;False;2021-09-22 21:46:46.836;Erro no arquivo
24;650417869;TJPE15076202109231632358001209;4f81ed6852421dc5f4394e8218470f5d08822661dddee1d647e45817a73db63a;7;1632358001223;;0;0;0;TJPE;G1;;2021/TJPE/09/G1/TJPE15076202109231632358001209;False;2021-09-22 21:46:41.223;Erro no arquivo
25;650417864;TJPE22245202109231632357995410;86e0f1fd42b6b4e9922766950982347c04832ae1176e5e25cd5980be455f051f;7;1632357995417;;0;0;0;TJPE;G1;;2021/TJPE/09/G1/TJPE22245202109231632357995410;False;2021-09-22 21:46:35.417;Erro no arquivo
26;650417861;TJPE77646202109231632357993247;c147cb2a83e8c0b23dfb1a3bb3b6765e1dd67895710c7c4439a13e8745b80468;7;1632357993256;;0;0;0;TJPE;G1;;2021/TJPE/09/G1/TJPE77646202109231632357993247;False;2021-09-22 21:46:33.256;Erro no arquivo
27;650417857;TJPE96318202109231632357990859;9f6c692750c65d4fecc42fb00eab7b3dc8a1a132500a397803a9796fe4238a2b;7;1632357990873;;0;0;0;TJPE;G1;;2021/TJPE/09/G1/TJPE96318202109231632357990859;False;2021-09-22 21:46:30.873;Erro no arquivo
28;650417855;TJPE51029202109231632357988379;471de89083718e5822dd32460444d8849b19b8c3cee8454df3f38330df538b74;7;1632357988391;;0;0;0;TJPE;G1;;2021/TJPE/09/G1/TJPE51029202109231632357988379;False;2021-09-22 21:46:28.391;Erro no arquivo
29;650417853;TJPE82613202109231632357986411;b4af8d98e6c3e02c9685255bcf24ea84f3abf4deefbff87c7bf707b1a8336a43;7;1632357986416;;0;0;0;TJPE;G1;;2021/TJPE/09/G1/TJPE82613202109231632357986411;False;2021-09-22 21:46:26.416;Erro no arquivo
30;650417850;TJPE61841202109231632357982323;65858452b2f3198396ae44838748cf29e2e905a91bf1825381e72170d1509acc;7;1632357982331;;0;0;0;TJPE;G1;;2021/TJPE/09/G1/TJPE61841202109231632357982323;False;2021-09-22 21:46:22.331;Erro no arquivo
31;650417846;TJPE64751202109231632357978174;d6b6bd28f214ca9d6509e25e078b67208a0b550f4d926ba4847a68a7696bb6f5;7;1632357978186;;0;0;0;TJPE;G1;;2021/TJPE/09/G1/TJPE64751202109231632357978174;False;2021-09-22 21:46:18.186;Erro no arquivo
32;650417844;TJPE75593202109231632357975651;3235674de700b6be94e9687edf4d6762596a0a6f3d3ffcabb746b44f297ed784;7;1632357975659;;0;0;0;TJPE;JE;;2021/TJPE/09/JE/TJPE75593202109231632357975651;False;2021-09-22 21:46:15.659;Erro no arquivo
33;650417843;TJPE27466202109231632357973422;151cde7245348d186339193f702e75ecd7208bf8a360fb59e69b939daa11f7dd;7;1632357973431;;0;0;0;TJPE;G1;;2021/TJPE/09/G1/TJPE27466202109231632357973422;False;2021-09-22 21:46:13.431;Erro no arquivo
34;650417842;TJPE75678202109231632357970830;d7272d2fc22132711a991ea790f269e9c263d23551c749935a9c542d93599d67;7;1632357970850;;0;0;0;TJPE;G1;;2021/TJPE/09/G1/TJPE75678202109231632357970830;False;2021-09-22 21:46:10.850;Erro no arquivo
35;650417840;TJPE28937202109231632357968439;4224c559ee79d220815825963d1ee7bbe197d8db1bb430f8894a166271de35f4;3;1632357968460;;100;100;0;TJPE;JE;1107509.0;2021/TJPE/09/JE/TJPE28937202109231632357968439;False;2021-09-22 21:46:08.460;Processado com sucesso
36;650417837;TJPE48528202109231632357966235;0a0c6dd7017ca23ed3aeb808335facc4992f96e8be5ab0bf3bf32ec2cbc2c616;7;1632357966243;;0;0;0;TJPE;G1;;2021/TJPE/09/G1/TJPE48528202109231632357966235;False;2021-09-22 21:46:06.243;Erro no arquivo
37;650417834;TJPE39670202109231632357963913;be9927414b532b85695884c9e65ad2849a73e93b072e5218515d9504a82bad50;7;1632357963934;;0;0;0;TJPE;G1;;2021/TJPE/09/G1/TJPE39670202109231632357963913;False;2021-09-22 21:46:03.934;Erro no arquivo
38;650417833;TJPE11690202109231632357961440;6267ae5b8d9c3b20dc1da638bf112dd5bfb87e44dbf45d7ed0e65c4727018303;7;1632357961457;;0;0;0;TJPE;G1;;2021/TJPE/09/G1/TJPE11690202109231632357961440;False;2021-09-22 21:46:01.457;Erro no arquivo
39;650417832;TJPE96044202109231632357959425;8fbb11a67cca2187653d77b9f7a7067050937504b85263b32d38615d74fc7687;7;1632357959432;;0;0;0;TJPE;G1;;2021/TJPE/09/G1/TJPE96044202109231632357959425;False;2021-09-22 21:45:59.432;Erro no arquivo
0;650417831;TJPE43530202109231632357956659;24a6fd53bf2a3b16e5fbf6d6fde752c4fdd0a796e86fcee2de5be21f45ad3bd0;7;1632357956668;;0;0;0;TJPE;G1;;2021/TJPE/09/G1/TJPE43530202109231632357956659;False;2021-09-22 21:45:56.668;Erro no arquivo
1;650417826;TJPE38066202109231632357954507;23bdebacb98a0c4a0890ef48f505f4311568968b2430bbb7090dbec12b3133fc;7;1632357954515;;0;0;0;TJPE;G1;;2021/TJPE/09/G1/TJPE38066202109231632357954507;False;2021-09-22 21:45:54.515;Erro no arquivo
2;650417822;TJPE64858202109231632357952390;55815a623f06e0010f688d3693968fe0b21374cde2860bc460cc12ddcfb0ff13;7;1632357952400;;0;0;0;TJPE;G1;;2021/TJPE/09/G1/TJPE64858202109231632357952390;False;2021-09-22 21:45:52.400;Erro no arquivo
3;650417821;TJPE65629202109231632357950216;69265f598554fcf5b5d8c5a80ad8f91b74f727188430cd58fc02d8d42c742695;3;1632357950225;;100;100;0;TJPE;JE;1061740.0;2021/TJPE/09/JE/TJPE65629202109231632357950216;False;2021-09-22 21:45:50.225;Processado com sucesso
4;650417820;TJPE35636202109231632357948104;ae7730f7c59131ff2612617ee83b49198cbdaa114129ac93f4c7b991247078dd;7;1632357948111;;0;0;0;TJPE;G1;;2021/TJPE/09/G1/TJPE35636202109231632357948104;False;2021-09-22 21:45:48.111;Erro no arquivo
5;650417817;TJPE59114202109231632357945900;f4cd5bb4c1d4951ed66fabba7353e143d54061d608284d515452004db2ab083f;7;1632357945918;;0;0;0;TJPE;G1;;2021/TJPE/09/G1/TJPE59114202109231632357945900;False;2021-09-22 21:45:45.918;Erro no arquivo
6;650417816;TJPE29452202109231632357943208;72cd938c9d74798579f67256ecde5d4eeb5408796de861b6be119eff84879996;7;1632357943219;;0;0;0;TJPE;G1;;2021/TJPE/09/G1/TJPE29452202109231632357943208;False;2021-09-22 21:45:43.219;Erro no arquivo
7;650417813;TJPE43575202109231632357940462;f72d86d89eacf09840c4294b89a7a50fa2d974d2d6d902beafa9a3c88b1c2ef6;7;1632357940474;;0;0;0;TJPE;G1;;2021/TJPE/09/G1/TJPE43575202109231632357940462;False;2021-09-22 21:45:40.474;Erro no arquivo
8;650417808;TJPE49945202109231632357938358;7829374b78f3ddd4f965eafaa976609288e955aa8b01f0c09bd0de9b4598d002;7;1632357938368;;0;0;0;TJPE;G1;;2021/TJPE/09/G1/TJPE49945202109231632357938358;False;2021-09-22 21:45:38.368;Erro no arquivo
9;650417806;TJPE97194202109231632357935845;88dfa5898d3fba157da1dde552f7ae18dd545c6eebf9dc287fc3239397cd96c2;7;1632357935852;;0;0;0;TJPE;G1;;2021/TJPE/09/G1/TJPE97194202109231632357935845;False;2021-09-22 21:45:35.852;Erro no arquivo
10;650417803;TJPE92076202109231632357933818;db2a9966e15eaae200f70b2903d701ebb9d41434ba830a53f117b1418934377e;7;1632357933836;;0;0;0;TJPE;G1;;2021/TJPE/09/G1/TJPE92076202109231632357933818;False;2021-09-22 21:45:33.836;Erro no arquivo
11;650417793;TJPE80711202109231632357926371;8312b2aa798a5f2c90fb3004e31d70ddd898321e7423d940b66f7c281b09a772;7;1632357926383;;0;0;0;TJPE;JE;;2021/TJPE/09/JE/TJPE80711202109231632357926371;False;2021-09-22 21:45:26.383;Erro no arquivo
12;650417791;TJPE20807202109231632357918963;30f4468290c43d593d2a10cc62d8afb5061e2540bf038b409e83da4e1495d384;3;1632357918969;;95;95;0;TJPE;G1;572384.0;2021/TJPE/09/G1/TJPE20807202109231632357918963;False;2021-09-22 21:45:18.969;Processado com sucesso
13;650417787;TJPE90930202109231632357913780;e7cb9d985fcc487c6282c03e61a39acca45fe087ba0cb4fb6d3692b9cfd96a5a;7;1632357913789;;0;0;0;TJPE;G1;;2021/TJPE/09/G1/TJPE90930202109231632357913780;False;2021-09-22 21:45:13.789;Erro no arquivo
14;650417781;TJPE96033202109231632357906865;c65520bcc860e4f80d81bc2b00490df4fed16c65bc26c869d5ae9bed2108ec5c;7;1632357906872;;0;0;0;TJPE;G1;;2021/TJPE/09/G1/TJPE96033202109231632357906865;False;2021-09-22 21:45:06.872;Erro no arquivo
15;650417779;TJPE20642202109231632357902639;bf046eb8eabbade70ab58b4403a3bb241ad2928f1f68f12b0c2697598deb0bde;7;1632357902650;;0;0;0;TJPE;G1;;2021/TJPE/09/G1/TJPE20642202109231632357902639;False;2021-09-22 21:45:02.650;Erro no arquivo
16;650417775;TJPE35576202109231632357897209;b2fe04448ff20d308b137979ef70c1db3b04d0ad75fbf2cebe4045bb93aebc86;7;1632357897218;;0;0;0;TJPE;G1;;2021/TJPE/09/G1/TJPE35576202109231632357897209;False;2021-09-22 21:44:57.218;Erro no arquivo
17;650417772;TJPE53013202109231632357891927;59df45239f0c5ad5c4fc8d3ebe2f5405f0be743a2d7ce1a41b397f86c50c4223;7;1632357891938;;0;0;0;TJPE;G1;;2021/TJPE/09/G1/TJPE53013202109231632357891927;False;2021-09-22 21:44:51.938;Erro no arquivo
18;650417766;TJPE65954202109231632357884274;e78d1ce7bf6eab5d9d3633cf4cf0e33ea488463d1148cb24bcacd02fd75d2059;7;1632357884286;;0;0;0;TJPE;JE;;2021/TJPE/09/JE/TJPE65954202109231632357884274;False;2021-09-22 21:44:44.286;Erro no arquivo
19;650417760;TJPE79719202109231632357879579;f177aff41373a0684c0205889a637309a581c54b6d4fda0e0caf184e868e5400;7;1632357879600;;0;0;0;TJPE;G1;;2021/TJPE/09/G1/TJPE79719202109231632357879579;False;2021-09-22 21:44:39.600;Erro no arquivo
20;650417756;TJPE48074202109231632357873260;bc2aed53d7f02e2c89b076d8012038b4e99f9da7404f3874c81c987071fb3a1b;7;1632357873268;;0;0;0;TJPE;G1;;2021/TJPE/09/G1/TJPE48074202109231632357873260;False;2021-09-22 21:44:33.268;Erro no arquivo
21;650417753;TJPE56926202109231632357869022;2fd4b07eecc181032443377d354a241c4625b387f947bfb5414a7418401f3f92;7;1632357869035;;0;0;0;TJPE;G1;;2021/TJPE/09/G1/TJPE56926202109231632357869022;False;2021-09-22 21:44:29.035;Erro no arquivo
22;650417743;TJPE20136202109231632357863846;bc9b63899171a55c363856bc6e76b9e733a0873e7297cb0ee52c4676d808d1e6;7;1632357863852;;0;0;0;TJPE;G1;;2021/TJPE/09/G1/TJPE20136202109231632357863846;False;2021-09-22 21:44:23.852;Erro no arquivo
23;650417736;TJPE64928202109231632357857294;9c00a81dcc8bde6e56a3af07f70ca35aff44de1410429bf5d5c9281024ef13d7;7;1632357857312;;0;0;0;TJPE;G1;;2021/TJPE/09/G1/TJPE64928202109231632357857294;False;2021-09-22 21:44:17.312;Erro no arquivo
24;650417727;TJPE10478202109231632357848692;5c8bc584cdb6c5d579b173f57f79d6512bb64c4686240de55df5ebe8de763afb;7;1632357848700;;0;0;0;TJPE;G1;;2021/TJPE/09/G1/TJPE10478202109231632357848692;False;2021-09-22 21:44:08.700;Erro no arquivo
25;650417722;TJPE74962202109231632357841604;38cdf64945b573830866f2ed822943707e81943f20eb97cbaf7722c519aa3489;7;1632357841631;;0;0;0;TJPE;G1;;2021/TJPE/09/G1/TJPE74962202109231632357841604;False;2021-09-22 21:44:01.631;Erro no arquivo
26;650417716;TJPE99105202109231632357832713;9c66582fc674c64974fc911544e3328afc21e2d51e342a9c99243feacf8b83a3;7;1632357832721;;0;0;0;TJPE;G1;;2021/TJPE/09/G1/TJPE99105202109231632357832713;False;2021-09-22 21:43:52.721;Erro no arquivo
27;650417709;TJPE36130202109231632357827713;d1d2a32e1e42444a76248f08cc32a624c83b4e189d2a0711614200e3029e36e7;7;1632357827730;;0;0;0;TJPE;G1;;2021/TJPE/09/G1/TJPE36130202109231632357827713;False;2021-09-22 21:43:47.730;Erro no arquivo
28;650417698;TJPE30210202109231632357817900;d1ed2d33c9cd27d7eb2836f4db2ffc9fb0df6a7b5d19d5b468cfca06f63c2c0b;7;1632357817913;;0;0;0;TJPE;G1;;2021/TJPE/09/G1/TJPE30210202109231632357817900;False;2021-09-22 21:43:37.913;Erro no arquivo
29;650417697;TJPE25443202109231632357813396;b3d9a4712ae4cf2812ed5af3cb9f470d697d16c32308dbace9cc9c6dd27f22b8;3;1632357813402;;90;90;0;TJPE;G1;672102.0;2021/TJPE/09/G1/TJPE25443202109231632357813396;False;2021-09-22 21:43:33.402;Processado com sucesso
30;650417689;TJPE98471202109231632357809380;17d3776302b26df3ac1cce26c1972c403862d212d3ccf9415c2f66938eb35732;7;1632357809401;;0;0;0;TJPE;G1;;2021/TJPE/09/G1/TJPE98471202109231632357809380;False;2021-09-22 21:43:29.401;Erro no arquivo
31;650417677;TJPE34371202109231632357803828;e7a5b42289b097bd5e90f6520d2b3ce8283aa9d8231f352072154188f8269847;3;1632357803837;;95;95;0;TJPE;G1;671972.0;2021/TJPE/09/G1/TJPE34371202109231632357803828;False;2021-09-22 21:43:23.837;Processado com sucesso
32;650417673;TJPE99039202109231632357799248;0e1595d49b131b2b3295c176f11485d0f3d5b31c0ea32b9ccd9b1e5f49977ebc;3;1632357799256;;100;100;0;TJPE;JE;1035972.0;2021/TJPE/09/JE/TJPE99039202109231632357799248;False;2021-09-22 21:43:19.256;Processado com sucesso
33;650417663;TJPE88830202109231632357794947;c30d06b115d007c6d0c349b06c49cf1ed755fe3ce58bea4b78e9b24672c40d6c;7;1632357794956;;0;0;0;TJPE;G1;;2021/TJPE/09/G1/TJPE88830202109231632357794947;False;2021-09-22 21:43:14.956;Erro no arquivo
34;650417661;TJPE28409202109231632357790392;3e0f11c6a4f1edb21fad34a8819bb6fdcab52fcd17a0573958f953358751e684;7;1632357790413;;0;0;0;TJPE;G1;;2021/TJPE/09/G1/TJPE28409202109231632357790392;False;2021-09-22 21:43:10.413;Erro no arquivo
35;650417651;TJPE88764202109231632357786037;9f11517f72427f78b9847a4397775116045d6307108ebcbd21caff81719f7e3d;7;1632357786047;;0;0;0;TJPE;G1;;2021/TJPE/09/G1/TJPE88764202109231632357786037;False;2021-09-22 21:43:06.047;Erro no arquivo
36;650417649;TJPE87443202109231632357781901;426b3bca189355607374fea3b84ea6e1d25c45f0eea7f20913954dc69bf3c795;7;1632357781914;;0;0;0;TJPE;G1;;2021/TJPE/09/G1/TJPE87443202109231632357781901;False;2021-09-22 21:43:01.914;Erro no arquivo
37;650417645;TJPE58400202109231632357776239;c4c3c4d6748ecf468e37e4f40d7ce3cc76bb7f564ccc991135b28275b9fc2308;7;1632357776247;;0;0;0;TJPE;G1;;2021/TJPE/09/G1/TJPE58400202109231632357776239;False;2021-09-22 21:42:56.247;Erro no arquivo
38;650417636;TJPE47734202109231632357764014;0a67a3a516b933d29258bff5706d2018054f553ea94c7cd6307460cedfbac178;7;1632357764023;;0;0;0;TJPE;G1;;2021/TJPE/09/G1/TJPE47734202109231632357764014;False;2021-09-22 21:42:44.023;Erro no arquivo
39;650417632;TJPE76656202109231632357759465;7f7ee3ca28af2bbd62e8652ed7c0724402ada72684721d6117e9e2eb11ab56d4;7;1632357759474;;0;0;0;TJPE;G1;;2021/TJPE/09/G1/TJPE76656202109231632357759465;False;2021-09-22 21:42:39.474;Erro no arquivo
0;650417590;TJPE20126202109231632357704464;20c951014413cc68fc372c6510c2237b24060502781fff2b267d166343836b96;7;1632357704473;;0;0;0;TJPE;G1;;2021/TJPE/09/G1/TJPE20126202109231632357704464;False;2021-09-22 21:41:44.473;Erro no arquivo
1;650417586;TJPE25780202109231632357697062;bbd82364e334779b9bbaade79e64c30a6b4b9c50057117beb0031098136db80e;7;1632357697068;;0;0;0;TJPE;G1;;2021/TJPE/09/G1/TJPE25780202109231632357697062;False;2021-09-22 21:41:37.068;Erro no arquivo
2;650417583;TJPE70843202109231632357693862;6d031bbed1fa3afe38af53d8b1fbce00d44db30b3af80641719db3b708f9bb78;7;1632357693871;;0;0;0;TJPE;G1;;2021/TJPE/09/G1/TJPE70843202109231632357693862;False;2021-09-22 21:41:33.871;Erro no arquivo
3;650417579;TJPE32244202109231632357683216;7c84594fab58bf94d36aa947e078e272d9dfcc393b825b32abedf0298adb91ac;7;1632357683225;;0;0;0;TJPE;G1;;2021/TJPE/09/G1/TJPE32244202109231632357683216;False;2021-09-22 21:41:23.225;Erro no arquivo
4;650417575;TJPE53116202109231632357679060;df4cb4c8965ae7982c0efe08049fa5b4c56c3032b7a49cd88f55933dccf02900;7;1632357679068;;0;0;0;TJPE;G1;;2021/TJPE/09/G1/TJPE53116202109231632357679060;False;2021-09-22 21:41:19.068;Erro no arquivo
5;650417562;TJPE49349202109231632357662356;cb7d65141ac862fde3f083636ac1e9f75cd305bdbc1e195b07233ae869973a0c;7;1632357662364;;0;0;0;TJPE;G1;;2021/TJPE/09/G1/TJPE49349202109231632357662356;False;2021-09-22 21:41:02.364;Erro no arquivo
6;650417551;TJPE24622202109231632357655901;4d38157a08810b051a3c7d5813fc3eadd703892650ce43ec67ce824122b07a3b;7;1632357655920;;0;0;0;TJPE;G1;;2021/TJPE/09/G1/TJPE24622202109231632357655901;False;2021-09-22 21:40:55.920;Erro no arquivo
7;650417546;TJPE44499202109231632357651551;d5835be42f67596893a3031e5db3b3b16dc404a6cd0cb23ca4385f7298df0b7a;7;1632357651564;;0;0;0;TJPE;G1;;2021/TJPE/09/G1/TJPE44499202109231632357651551;False;2021-09-22 21:40:51.564;Erro no arquivo
8;650417543;TJPE54166202109231632357644485;af27b1f623434af693d226ff59a01015edcf3826e12754f3cf8d29f904c49dcb;7;1632357644502;;0;0;0;TJPE;G1;;2021/TJPE/09/G1/TJPE54166202109231632357644485;False;2021-09-22 21:40:44.502;Erro no arquivo
9;650417536;TJPE68533202109231632357640957;f50ab1564498b4bbc9b5a24863f5953d92b510e74b8f4484d5e351437fb9b856;7;1632357640967;;0;0;0;TJPE;G1;;2021/TJPE/09/G1/TJPE68533202109231632357640957;False;2021-09-22 21:40:40.967;Erro no arquivo
10;650417530;TJPE63332202109231632357633017;e5041b56042a4b664989cdf9954bdf14a712b30e8ff8a96c97335b7d7f8ac11c;7;1632357633024;;0;0;0;TJPE;G1;;2021/TJPE/09/G1/TJPE63332202109231632357633017;False;2021-09-22 21:40:33.024;Erro no arquivo
11;650417528;TJPE95895202109231632357628905;e8f6075caa8cd2dc85fe54a6d83662ee84bed19c67e3898fc39a1555a4451e2a;7;1632357628914;;0;0;0;TJPE;G1;;2021/TJPE/09/G1/TJPE95895202109231632357628905;False;2021-09-22 21:40:28.914;Erro no arquivo
12;650417524;TJPE99817202109231632357623547;297ecef7816386bfe1d9e9ae6f59c8e2119fae8487088f7c20f286180202d9c8;7;1632357623555;;0;0;0;TJPE;G1;;2021/TJPE/09/G1/TJPE99817202109231632357623547;False;2021-09-22 21:40:23.555;Erro no arquivo
13;650417520;TJPE69495202109231632357618649;f5fd0a1453d90fa75d0db35dce14889235c4fab2ebea292ce7fe124f5e03ec65;7;1632357618659;;0;0;0;TJPE;G1;;2021/TJPE/09/G1/TJPE69495202109231632357618649;False;2021-09-22 21:40:18.659;Erro no arquivo
14;650417514;TJPE78827202109231632357611614;cbdba24c82ee5dbe0855dc9b2bcca84dce34c81661ff1d59a701429bf5c585ca;7;1632357611627;;0;0;0;TJPE;G1;;2021/TJPE/09/G1/TJPE78827202109231632357611614;False;2021-09-22 21:40:11.627;Erro no arquivo
15;650417509;TJPE77893202109231632357605391;fe7cca4fa2d1157600b373c111293027674c6ba1985ac652eca85f1b020c54a3;7;1632357605398;;0;0;0;TJPE;G1;;2021/TJPE/09/G1/TJPE77893202109231632357605391;False;2021-09-22 21:40:05.398;Erro no arquivo
16;650417503;TJPE94765202109231632357600567;078228dd7347f78545eb080e884516596430d5250db74411ff2f34f2b5c09c4f;3;1632357600589;;100;100;0;TJPE;JE;1162510.0;2021/TJPE/09/JE/TJPE94765202109231632357600567;False;2021-09-22 21:40:00.589;Processado com sucesso
17;650417497;TJPE82825202109231632357596801;ab362b19aa18b44992f28e55e21d1ec59701850d10d89c256369cfbc7a446058;3;1632357596808;;100;100;0;TJPE;JE;928177.0;2021/TJPE/09/JE/TJPE82825202109231632357596801;False;2021-09-22 21:39:56.808;Processado com sucesso
18;650417494;TJPE94494202109231632357586063;bac577377f87576ec05104ef33f0fbceb0c2c10fc2d651434ded37d324204918;7;1632357586070;;0;0;0;TJPE;G1;;2021/TJPE/09/G1/TJPE94494202109231632357586063;False;2021-09-22 21:39:46.070;Erro no arquivo
19;650417488;TJPE21974202109231632357578471;55fe9433d67f1070c12dad0980b2767831fef9b08717826190cbfed8c4b0f599;7;1632357578480;;0;0;0;TJPE;G1;;2021/TJPE/09/G1/TJPE21974202109231632357578471;False;2021-09-22 21:39:38.480;Erro no arquivo
20;650417482;TJPE84985202109231632357572896;119b7439f14069568a2fd9fcd7982249305d3f524421bc33c996e3d1d960d9f1;7;1632357572908;;0;0;0;TJPE;G1;;2021/TJPE/09/G1/TJPE84985202109231632357572896;False;2021-09-22 21:39:32.908;Erro no arquivo
21;650417479;TJPE33385202109231632357569700;00c68f1059e71d0446ac44b82642a335ee29e4b7cf02df8d4b811a77a46496bb;7;1632357569706;;0;0;0;TJPE;G1;;2021/TJPE/09/G1/TJPE33385202109231632357569700;False;2021-09-22 21:39:29.706;Erro no arquivo
22;650417475;TJPE84858202109231632357562851;7ac4d53c901f4845b1e311785ab5ae37cb9642bf64e0418d7dc23e94fd2e22d5;7;1632357562870;;0;0;0;TJPE;G1;;2021/TJPE/09/G1/TJPE84858202109231632357562851;False;2021-09-22 21:39:22.870;Erro no arquivo
23;650417472;TJPE47778202109231632357558214;1e2dbe54ee25a2bcc122a343143dfadee63f8d8f7e16048fe31ea28d38a5ffd0;7;1632357558221;;0;0;0;TJPE;G1;;2021/TJPE/09/G1/TJPE47778202109231632357558214;False;2021-09-22 21:39:18.221;Erro no arquivo
24;650417470;TJPE72567202109231632357555448;ca69eae9aef85bb4c13a4e8f1c2cd3b3f4650150bf6c04d6792b200538440893;7;1632357555461;;0;0;0;TJPE;G1;;2021/TJPE/09/G1/TJPE72567202109231632357555448;False;2021-09-22 21:39:15.461;Erro no arquivo
25;650417459;TJPE54503202109231632357550976;0dd7a7ba7ca616588f4ac7df71dadfbc6d224ef537c1d58925e735c097ffdc87;7;1632357550985;;0;0;0;TJPE;G1;;2021/TJPE/09/G1/TJPE54503202109231632357550976;False;2021-09-22 21:39:10.985;Erro no arquivo
26;650417455;TJPE85436202109231632357543982;0875140101e4ddada44c631e39c70eff374e6f2de6dc30a5a0c40284ce2f0a98;7;1632357544002;;0;0;0;TJPE;G1;;2021/TJPE/09/G1/TJPE85436202109231632357543982;False;2021-09-22 21:39:04.002;Erro no arquivo
27;650417448;TJPE50573202109231632357537828;92c3f4c7ed8533cf972171d518d333023c74c5422fd5a4fa0935969c4dd95dd8;7;1632357537837;;0;0;0;TJPE;G1;;2021/TJPE/09/G1/TJPE50573202109231632357537828;False;2021-09-22 21:38:57.837;Erro no arquivo
28;650417442;TJPE89278202109231632357534039;3212a2d374bc66810fd9fc679366bef6653ce4caa50a0d75ad1b8cd8d7265d66;7;1632357534044;;0;0;0;TJPE;G1;;2021/TJPE/09/G1/TJPE89278202109231632357534039;False;2021-09-22 21:38:54.044;Erro no arquivo
29;650417441;TJPE47815202109231632357529850;3ed4765bb16b8e6ff406627e910d37c707feedf3a641449ac9454f6b7f0c819b;7;1632357529858;;0;0;0;TJPE;G1;;2021/TJPE/09/G1/TJPE47815202109231632357529850;False;2021-09-22 21:38:49.858;Erro no arquivo
30;650417437;TJPE61032202109231632357527696;bcf7cf3e13b9ad14670d0b9105a7841293f0e784b82ad14d7a03de43c27b3df7;3;1632357527705;;100;100;0;TJPE;G1;1216258.0;2021/TJPE/09/G1/TJPE61032202109231632357527696;False;2021-09-22 21:38:47.705;Processado com sucesso
31;650417435;TJPE83121202109231632357525294;f2ac6d8e8bb7b4c430ab6cf60f133d5a9332bfad31502d215a057e69263a5dda;7;1632357525311;;0;0;0;TJPE;G1;;2021/TJPE/09/G1/TJPE83121202109231632357525294;False;2021-09-22 21:38:45.311;Erro no arquivo
32;650417432;TJPE11344202109231632357522096;0630a3d70f901cf23c6dde6e061663dac6c18069f133d1b0b97b7ebdd33be5c3;7;1632357522103;;0;0;0;TJPE;G1;;2021/TJPE/09/G1/TJPE11344202109231632357522096;False;2021-09-22 21:38:42.103;Erro no arquivo
33;650417431;TJPE43691202109231632357520193;9a20bb22da09440a804442a692861a7fd46d1512a67c0ae1571d96fd599a4d36;7;1632357520206;;0;0;0;TJPE;G1;;2021/TJPE/09/G1/TJPE43691202109231632357520193;False;2021-09-22 21:38:40.206;Erro no arquivo
34;650417417;TJPE59248202109231632357504903;40d07c47a55d3df904bfd86f1ce1ffbf8bf3211ec7049ccc00609ea8a786507e;7;1632357504912;;0;0;0;TJPE;G1;;2021/TJPE/09/G1/TJPE59248202109231632357504903;False;2021-09-22 21:38:24.912;Erro no arquivo
35;650417415;TJPE70030202109231632357502495;ff3e538d14ff6d2ed5c2c376a3e4f6e20a6dad8f18bcd97a7e2d2e575b1eea0b;7;1632357502509;;0;0;0;TJPE;G1;;2021/TJPE/09/G1/TJPE70030202109231632357502495;False;2021-09-22 21:38:22.509;Erro no arquivo
36;650417411;TJPE78790202109231632357500166;8e17d36e027181cc6795189991406703fc861e95ee7ef15618c6485a4a6766aa;7;1632357500175;;0;0;0;TJPE;G1;;2021/TJPE/09/G1/TJPE78790202109231632357500166;False;2021-09-22 21:38:20.175;Erro no arquivo
37;650417410;TJPE43228202109231632357498202;bdfbb956d410fe8b068cf799d20a142dae64302ae5db37ede71015dda7f76cf5;7;1632357498301;;0;0;0;TJPE;G1;;2021/TJPE/09/G1/TJPE43228202109231632357498202;False;2021-09-22 21:38:18.301;Erro no arquivo
38;650417399;TJPE77711202109231632357493352;2de186508df940821037f87a3249d7b2c8b347bf416be67005b6da2567883a6a;7;1632357493363;;0;0;0;TJPE;G1;;2021/TJPE/09/G1/TJPE77711202109231632357493352;False;2021-09-22 21:38:13.363;Erro no arquivo
39;650417390;TJPE62477202109231632357485160;e27c51b46ff67e298d30ca8f596d38c7935d7340040ab47e42e0fe9eb5e50f49;7;1632357485170;;0;0;0;TJPE;G1;;2021/TJPE/09/G1/TJPE62477202109231632357485160;False;2021-09-22 21:38:05.170;Erro no arquivo
0;650417382;TJPE86413202109231632357478647;4a09e1ef68e09e149f3eb65e2e9c0a87d7f04758fb2e615e184322e1ef7458e7;7;1632357478656;;0;0;0;TJPE;G1;;2021/TJPE/09/G1/TJPE86413202109231632357478647;False;2021-09-22 21:37:58.656;Erro no arquivo
1;650417377;TJPE73299202109231632357473472;51411f292b9eb7194e0f58feefd8102859141ff2dd0669c15be69248c39e6456;7;1632357473494;;0;0;0;TJPE;G1;;2021/TJPE/09/G1/TJPE73299202109231632357473472;False;2021-09-22 21:37:53.494;Erro no arquivo
2;650417371;TJPE95064202109231632357467763;36fb2c13749977f0ce697078fc3f39cfae8baa263cd8ab0b4a04efa7a796d1aa;7;1632357467772;;0;0;0;TJPE;G1;;2021/TJPE/09/G1/TJPE95064202109231632357467763;False;2021-09-22 21:37:47.772;Erro no arquivo
3;650417366;TJPE89812202109231632357464147;6cb8290cefa78694f87c97c2ffe1f66cd21336268c6854a879d36b258c655a34;7;1632357464164;;0;0;0;TJPE;G1;;2021/TJPE/09/G1/TJPE89812202109231632357464147;False;2021-09-22 21:37:44.164;Erro no arquivo
4;650417360;TJPE37376202109231632357456444;448bcd4933815f01898e6eae69b107afa94819103b7451dc5d7ec9bb0ba92091;3;1632357456453;;100;100;0;TJPE;JE;1115981.0;2021/TJPE/09/JE/TJPE37376202109231632357456444;False;2021-09-22 21:37:36.453;Processado com sucesso
5;650417356;TJPE43131202109231632357451225;3c06b747d378a5d29046fe87162b8e4343478ace74e53a45d59c1fb12005e55a;7;1632357451250;;0;0;0;TJPE;G1;;2021/TJPE/09/G1/TJPE43131202109231632357451225;False;2021-09-22 21:37:31.250;Erro no arquivo
6;650417352;TJPE64945202109231632357446257;c087ec63dbbedd1e100829996292e5892786f26c4f922bdda5ed41aa619d5484;7;1632357446264;;0;0;0;TJPE;G1;;2021/TJPE/09/G1/TJPE64945202109231632357446257;False;2021-09-22 21:37:26.264;Erro no arquivo
7;650417347;TJPE66443202109231632357442206;91c23232463a007eb48266eac24e8e229be5ece1c9a9eb426fc91dd949881cb5;7;1632357442227;;0;0;0;TJPE;G1;;2021/TJPE/09/G1/TJPE66443202109231632357442206;False;2021-09-22 21:37:22.227;Erro no arquivo
8;650417343;TJPE51092202109231632357433271;c4646bc02e37207852248f7edaea757c146fe9580f6e838906db43a6e63050b8;7;1632357433280;;0;0;0;TJPE;G1;;2021/TJPE/09/G1/TJPE51092202109231632357433271;False;2021-09-22 21:37:13.280;Erro no arquivo
9;650417341;TJPE14744202109231632357426771;569a0386fc0130c753a65ba7fa80bfbc8ae78b99ff56480a66562d5101b61645;7;1632357426779;;0;0;0;TJPE;G1;;2021/TJPE/09/G1/TJPE14744202109231632357426771;False;2021-09-22 21:37:06.779;Erro no arquivo
10;650417337;TJPE12821202109231632357421357;87794174d5a471a48edeae1e8f31b7b9e0c6b1bb19d3dd80e05e5f4f066d82c2;7;1632357421366;;0;0;0;TJPE;G1;;2021/TJPE/09/G1/TJPE12821202109231632357421357;False;2021-09-22 21:37:01.366;Erro no arquivo
11;650417336;TJPE86401202109231632357414397;c5dc63c303693210162534a541acdfc988ee9d7ff9643aa0fad5c6c0f2040a85;7;1632357414406;;0;0;0;TJPE;G1;;2021/TJPE/09/G1/TJPE86401202109231632357414397;False;2021-09-22 21:36:54.406;Erro no arquivo
12;650417332;TJPE19962202109231632357409753;dde979bf79ea2e76725f40b9e2c7022f7c8e75ef438ea9e8d1f20ccc267c221d;7;1632357409763;;0;0;0;TJPE;G1;;2021/TJPE/09/G1/TJPE19962202109231632357409753;False;2021-09-22 21:36:49.763;Erro no arquivo
13;650417326;TJPE16552202109231632357402372;77f25d80313e2e145cc89819c621f15c2b705641df090f66376a2d696b0ff523;7;1632357402382;;0;0;0;TJPE;G1;;2021/TJPE/09/G1/TJPE16552202109231632357402372;False;2021-09-22 21:36:42.382;Erro no arquivo
14;650417316;TJPE50405202109231632357394255;15105e90bd344d06da8d5db5d793af7155a47cb5d29627652c685e4947632654;7;1632357394264;;0;0;0;TJPE;G1;;2021/TJPE/09/G1/TJPE50405202109231632357394255;False;2021-09-22 21:36:34.264;Erro no arquivo
15;650417311;TJPE75226202109231632357389625;69e1927af73362538df5f93210e0fcacd0b80850ef3ea51b5e8e10f93e2391ec;7;1632357389632;;0;0;0;TJPE;G1;;2021/TJPE/09/G1/TJPE75226202109231632357389625;False;2021-09-22 21:36:29.632;Erro no arquivo
16;650417302;TJPE35344202109231632357383810;3e1d7633095526a0e2b9550fb352bf73353fa153cfe8c4ab82b9128a3c523fe6;7;1632357383819;;0;0;0;TJPE;G1;;2021/TJPE/09/G1/TJPE35344202109231632357383810;False;2021-09-22 21:36:23.819;Erro no arquivo
17;650417298;TJPE17426202109231632357375678;c2c8a0a1a8566fb1f8de82252097eed5b5806f1c7579810f6b3543dee4ed73c7;7;1632357375691;;0;0;0;TJPE;G1;;2021/TJPE/09/G1/TJPE17426202109231632357375678;False;2021-09-22 21:36:15.691;Erro no arquivo
18;650417290;TJPE58004202109231632357370918;06d2f5f079aaad7bfd9b90312316f552aa4d26e6f2b93ac1ead458d430335c68;7;1632357370926;;0;0;0;TJPE;G1;;2021/TJPE/09/G1/TJPE58004202109231632357370918;False;2021-09-22 21:36:10.926;Erro no arquivo
19;650417285;TJPE99133202109231632357364856;54b71b92482fdcaa46de0687516d04e7e7e3b350f10f7ee1f8dc22f6a958d68d;3;1632357364865;;100;100;0;TJPE;JE;1139948.0;2021/TJPE/09/JE/TJPE99133202109231632357364856;False;2021-09-22 21:36:04.865;Processado com sucesso
20;650417279;TJPE56457202109231632357360508;b59b3b5ccb8d17a9078146f38b2e748b76599f596520046f6db1ef2ee1f7e86e;7;1632357360530;;0;0;0;TJPE;G1;;2021/TJPE/09/G1/TJPE56457202109231632357360508;False;2021-09-22 21:36:00.530;Erro no arquivo
21;650417273;TJPE18977202109231632357352198;726cc12124787f3b86fd802e956bfe7be4553a9f5a9979e701026a567753f9bf;7;1632357352206;;0;0;0;TJPE;G1;;2021/TJPE/09/G1/TJPE18977202109231632357352198;False;2021-09-22 21:35:52.206;Erro no arquivo
22;650417272;TJPE34894202109231632357350185;2d863e2e26010eaa5ecccbb1ea27fb980de419e0a48bd28d1c96d4bbcd06c724;7;1632357350193;;0;0;0;TJPE;G1;;2021/TJPE/09/G1/TJPE34894202109231632357350185;False;2021-09-22 21:35:50.193;Erro no arquivo
23;650417271;TJPE71272202109231632357348188;19edb22134fef3d826040a1104460dc4f17590430f873e0f9eff28f9b5045014;7;1632357348197;;0;0;0;TJPE;G1;;2021/TJPE/09/G1/TJPE71272202109231632357348188;False;2021-09-22 21:35:48.197;Erro no arquivo
24;650417267;TJPE76200202109231632357346054;8eabc90d9351e0e811db66ed9c67907077f32e805a5a68efac48e278e1d8a8d1;7;1632357346063;;0;0;0;TJPE;G1;;2021/TJPE/09/G1/TJPE76200202109231632357346054;False;2021-09-22 21:35:46.063;Erro no arquivo
25;650417266;TJPE42489202109231632357343984;de95d83f2e276044b1eef7cc6ddc5a9fb9b62addfaea67ff31a3c17cf9918a18;7;1632357343990;;0;0;0;TJPE;G1;;2021/TJPE/09/G1/TJPE42489202109231632357343984;False;2021-09-22 21:35:43.990;Erro no arquivo
26;650417265;TJPE53588202109231632357342115;548680e872e898e86910e1c5d0e42ffddb5d6b41a6651e43077d5302b902966c;7;1632357342123;;0;0;0;TJPE;G1;;2021/TJPE/09/G1/TJPE53588202109231632357342115;False;2021-09-22 21:35:42.123;Erro no arquivo
27;650417263;TJPE84903202109231632357340294;39edde9cf1b9d35cd13b5b3c62700c83a028ce2ea23a06a3b6893d093a662f41;7;1632357340301;;0;0;0;TJPE;G1;;2021/TJPE/09/G1/TJPE84903202109231632357340294;False;2021-09-22 21:35:40.301;Erro no arquivo
28;650417261;TJPE56878202109231632357338308;dc6b247f5127f382f91b2c920f54cca531e57a52127f5ee3f0261295037d0a2f;7;1632357338316;;0;0;0;TJPE;G1;;2021/TJPE/09/G1/TJPE56878202109231632357338308;False;2021-09-22 21:35:38.316;Erro no arquivo
29;650417258;TJPE45530202109231632357336254;e904e3bd1a4c45a2582c7f6ea5be4d2f840a8b52ade123c8853221623f2f7699;7;1632357336269;;0;0;0;TJPE;G1;;2021/TJPE/09/G1/TJPE45530202109231632357336254;False;2021-09-22 21:35:36.269;Erro no arquivo
30;650417255;TJPE65473202109231632357333798;dfa960976355e9752e4d9de264a709fb374c5353e51208e690d887a5cbd5f064;7;1632357333805;;0;0;0;TJPE;G1;;2021/TJPE/09/G1/TJPE65473202109231632357333798;False;2021-09-22 21:35:33.805;Erro no arquivo
31;650417254;TJPE10119202109231632357331691;97cbf284ed2677bd78828eb6dd290cf18726ef860b84efd02b6ca205357b8267;7;1632357331775;;0;0;0;TJPE;G1;;2021/TJPE/09/G1/TJPE10119202109231632357331691;False;2021-09-22 21:35:31.775;Erro no arquivo
32;650417249;TJPE73821202109231632357327285;0f5f5c8413614b5f9ad75ed1abd3c558ebad8f5fc23be30e4316418cb777b32c;7;1632357327293;;0;0;0;TJPE;G1;;2021/TJPE/09/G1/TJPE73821202109231632357327285;False;2021-09-22 21:35:27.293;Erro no arquivo
33;650417241;TJPE30469202109231632357325056;0d7642366d96a85ebb311d4e1377c07f8e6798332ab053ac2078771aaa9fac36;3;1632357325086;;100;100;0;TJPE;JE;1337077.0;2021/TJPE/09/JE/TJPE30469202109231632357325056;False;2021-09-22 21:35:25.086;Processado com sucesso
34;650417240;TJPE49149202109231632357322703;0ec2bd6ccc81b9853e4bf7673021e71659cbd770ae9e928b3a60bfe97114971f;7;1632357322711;;0;0;0;TJPE;G1;;2021/TJPE/09/G1/TJPE49149202109231632357322703;False;2021-09-22 21:35:22.711;Erro no arquivo
35;650417237;TJPE56694202109231632357319818;87ded861a6f122390cfdade40aec44a3b00efdae4a0b284fc25ba5b5f59861d9;7;1632357319835;;0;0;0;TJPE;G1;;2021/TJPE/09/G1/TJPE56694202109231632357319818;False;2021-09-22 21:35:19.835;Erro no arquivo
36;650417234;TJPE66900202109231632357317678;8898e9c042fbfc9dcced7f3220b46c553d33530645bc3f01f98b42464c06ddb3;7;1632357317702;;0;0;0;TJPE;G1;;2021/TJPE/09/G1/TJPE66900202109231632357317678;False;2021-09-22 21:35:17.702;Erro no arquivo
37;650417230;TJPE50532202109231632357315270;5d466013f744012796c2818038de84759c0ebf8abcfc9484441106f840fd1e81;7;1632357315281;;0;0;0;TJPE;G1;;2021/TJPE/09/G1/TJPE50532202109231632357315270;False;2021-09-22 21:35:15.281;Erro no arquivo
38;650417226;TJPE93273202109231632357313268;cf657dde58f94a918367cf8c860db5c241228e708aa93a3f2b1e0b8cf8a114c8;7;1632357313274;;0;0;0;TJPE;G1;;2021/TJPE/09/G1/TJPE93273202109231632357313268;False;2021-09-22 21:35:13.274;Erro no arquivo
39;650417225;TJPE44569202109231632357311362;1e5fc5ff565be88bfad30afec6a8095223c64666d073bc6778f7fb3a570a4a0b;7;1632357311371;;0;0;0;TJPE;G1;;2021/TJPE/09/G1/TJPE44569202109231632357311362;False;2021-09-22 21:35:11.371;Erro no arquivo
0;650417222;TJPE54866202109231632357308831;bc6176dcc537b3554e669da6024d85a35829ad4771780cbf25d04b0b09b36d2d;7;1632357308843;;0;0;0;TJPE;G1;;2021/TJPE/09/G1/TJPE54866202109231632357308831;False;2021-09-22 21:35:08.843;Erro no arquivo
1;650417217;TJPE23331202109231632357305767;f5ab37adf09335ceb54f44f61e7996a9d048e2fc3847aecfa0e8ded6ad0ae261;7;1632357305779;;0;0;0;TJPE;G1;;2021/TJPE/09/G1/TJPE23331202109231632357305767;False;2021-09-22 21:35:05.779;Erro no arquivo
2;650417210;TJPE52911202109231632357303642;f605ae9a05a4cbf9a16c75fbfee52f61a440ef63faa0a9682a981ea6b02236c4;7;1632357303662;;0;0;0;TJPE;G1;;2021/TJPE/09/G1/TJPE52911202109231632357303642;False;2021-09-22 21:35:03.662;Erro no arquivo
3;650417206;TJPE80512202109231632357301456;a06a6faf91694167c2a96d92eba8c7d8e9be3b77ee7f8864a4b7f28008899403;7;1632357301477;;0;0;0;TJPE;G1;;2021/TJPE/09/G1/TJPE80512202109231632357301456;False;2021-09-22 21:35:01.477;Erro no arquivo
4;650417204;TJPE78389202109231632357299173;785ce4bbe3597564fee191ded1dae1ad034045e72e7216027349299b6233a91a;7;1632357299180;;0;0;0;TJPE;G1;;2021/TJPE/09/G1/TJPE78389202109231632357299173;False;2021-09-22 21:34:59.180;Erro no arquivo
5;650417199;TJPE90488202109231632357297312;71f622865ece5d0ed9025d1beed299d8ef6b41c8b4d3f0078c1dd5983fd9e07c;3;1632357297320;;100;100;0;TJPE;JE;1035744.0;2021/TJPE/09/JE/TJPE90488202109231632357297312;False;2021-09-22 21:34:57.320;Processado com sucesso
6;650417195;TJPE90984202109231632357295195;a75cacc77ea5d0f9412730f974b3b44bf0469c7ec1c0a9661e9fe72cf4919fbe;7;1632357295203;;0;0;0;TJPE;G1;;2021/TJPE/09/G1/TJPE90984202109231632357295195;False;2021-09-22 21:34:55.203;Erro no arquivo
7;650417191;TJPE21887202109231632357293537;ce9b5d149054a2044802ef20f4b1512c33cb4c6e6bf333ec7a72f97ba3095065;7;1632357293545;;0;0;0;TJPE;G1;;2021/TJPE/09/G1/TJPE21887202109231632357293537;False;2021-09-22 21:34:53.545;Erro no arquivo
8;650417189;TJPE52510202109231632357291308;1af793f85dcf7b29430a6e474be2ada720b72f5d78f2863103af0c7e77f083d3;7;1632357291331;;0;0;0;TJPE;G1;;2021/TJPE/09/G1/TJPE52510202109231632357291308;False;2021-09-22 21:34:51.331;Erro no arquivo
9;650417188;TJPE66336202109231632357288975;540a151028dade58c285ce8fd64d27f2e328fc612c548cdd5cedea6e2e9cdaa8;7;1632357288984;;0;0;0;TJPE;G1;;2021/TJPE/09/G1/TJPE66336202109231632357288975;False;2021-09-22 21:34:48.984;Erro no arquivo
10;650417186;TJPE33692202109231632357286723;70a93dcee97c25c7c4e533b9fec7fea19a6453ec7864884555412dcc0a7d5f93;7;1632357286727;;0;0;0;TJPE;G1;;2021/TJPE/09/G1/TJPE33692202109231632357286723;False;2021-09-22 21:34:46.727;Erro no arquivo
11;650417183;TJPE44779202109231632357285329;1b4a77b8c97edc9ef58546936ae1c265223415a3bc14ebfda1015e0b2428ce5f;7;1632357285339;;0;0;0;TJPE;G1;;2021/TJPE/09/G1/TJPE44779202109231632357285329;False;2021-09-22 21:34:45.339;Erro no arquivo
12;650417180;TJPE51685202109231632357283064;b0059bcb8249e359cf7616e47c0587e242d17f3b2f2361f238f839c1a7e39b37;7;1632357283072;;0;0;0;TJPE;G1;;2021/TJPE/09/G1/TJPE51685202109231632357283064;False;2021-09-22 21:34:43.072;Erro no arquivo
13;650417179;TJPE40464202109231632357280956;7bec3f82e1187977777d602c2c44412889d5a43e949b9a4d600a716436cf1a76;7;1632357280973;;0;0;0;TJPE;G1;;2021/TJPE/09/G1/TJPE40464202109231632357280956;False;2021-09-22 21:34:40.973;Erro no arquivo
14;650417176;TJPE29809202109231632357278336;356c6887f6c6b354d0795e2150c2e4d17f51a18aae085f887d25b765e2923294;7;1632357278345;;0;0;0;TJPE;G1;;2021/TJPE/09/G1/TJPE29809202109231632357278336;False;2021-09-22 21:34:38.345;Erro no arquivo
15;650417174;TJPE78059202109231632357275791;bb8fb0668aa1af6a311d04de82001b0fbe7b8aefd0ca4349594b03186b38c61f;7;1632357275801;;0;0;0;TJPE;G1;;2021/TJPE/09/G1/TJPE78059202109231632357275791;False;2021-09-22 21:34:35.801;Erro no arquivo
16;650417170;TJPE28981202109231632357273483;2e6b75799789b01c9bd838dfcf2c70b7f3de8df160c0e3f7b4b2aef301b36a8f;7;1632357273501;;0;0;0;TJPE;G1;;2021/TJPE/09/G1/TJPE28981202109231632357273483;False;2021-09-22 21:34:33.501;Erro no arquivo
17;650417168;TJPE38219202109231632357271438;ce1c6b96ce2dd6b54c5dbed3500f48f7cf4a116c4762e139f931b04f8b68f896;7;1632357271445;;0;0;0;TJPE;G1;;2021/TJPE/09/G1/TJPE38219202109231632357271438;False;2021-09-22 21:34:31.445;Erro no arquivo
18;650417165;TJPE69557202109231632357269499;cae88585754fd66caa457d24f79434b8767a5ff199873be38d19c787fd883f65;7;1632357269507;;0;0;0;TJPE;G1;;2021/TJPE/09/G1/TJPE69557202109231632357269499;False;2021-09-22 21:34:29.507;Erro no arquivo
19;650417163;TJPE74341202109231632357267222;e61eedc42c5fb2ed49295d3e43fce6b8174be5d7c0193fdd4fdcfdcdcb1ad964;7;1632357267234;;0;0;0;TJPE;G1;;2021/TJPE/09/G1/TJPE74341202109231632357267222;False;2021-09-22 21:34:27.234;Erro no arquivo
20;650417161;TJPE24933202109231632357262530;70d6464cd9d593af188bc9d689db15434b9add6fcedacb11bc26f8825463c1ed;7;1632357262553;;0;0;0;TJPE;G1;;2021/TJPE/09/G1/TJPE24933202109231632357262530;False;2021-09-22 21:34:22.553;Erro no arquivo
21;650417157;TJPE82617202109231632357257698;998eb4c8c5b065a3e72530a37edebe13aa5e2131cc795363c5245313b79d699e;7;1632357257712;;0;0;0;TJPE;G1;;2021/TJPE/09/G1/TJPE82617202109231632357257698;False;2021-09-22 21:34:17.712;Erro no arquivo
22;650417147;TJPE69936202109231632357251334;8bef81fe5bc76fac0bb92152f6c8dffafc1872968157d055c39ef94a40f11bc1;7;1632357251341;;0;0;0;TJPE;G1;;2021/TJPE/09/G1/TJPE69936202109231632357251334;False;2021-09-22 21:34:11.341;Erro no arquivo
23;650417140;TJPE12450202109231632357241546;a10e3ab7a2c254663059c09850553747eb03f6b4bd84337bcf330298b810ff24;7;1632357241554;;0;0;0;TJPE;G1;;2021/TJPE/09/G1/TJPE12450202109231632357241546;False;2021-09-22 21:34:01.554;Erro no arquivo
24;650417133;TJPE11489202109231632357237528;c48414d549f610046b91f568b4f7960bf964122308f51e1270d238e2ff779cfa;7;1632357237538;;0;0;0;TJPE;G1;;2021/TJPE/09/G1/TJPE11489202109231632357237528;False;2021-09-22 21:33:57.538;Erro no arquivo
25;650417132;TJPE43738202109231632357234032;cebab91ed15d3a17f3ec58a2c101023cc288aa4103242325f09064e0b0431afa;7;1632357234048;;0;0;0;TJPE;G1;;2021/TJPE/09/G1/TJPE43738202109231632357234032;False;2021-09-22 21:33:54.048;Erro no arquivo
26;650417126;TJPE91614202109231632357224574;f9a342c92139a291dcd17eafcdacffb2a68fe9c377845d1e66806bab99097538;7;1632357224599;;0;0;0;TJPE;G1;;2021/TJPE/09/G1/TJPE91614202109231632357224574;False;2021-09-22 21:33:44.599;Erro no arquivo
27;650417116;TJPE95293202109231632357217772;5d8c42c4866e1fedeca610368c19fac2e11cec0e94f07f812ba4a4b85160e438;7;1632357217794;;0;0;0;TJPE;G1;;2021/TJPE/09/G1/TJPE95293202109231632357217772;False;2021-09-22 21:33:37.794;Erro no arquivo
28;650417114;TJPE73284202109231632357214256;d74e011c44af222c49803fea26235f2ff49d94228dcf8049440765facf889cbd;7;1632357214263;;0;0;0;TJPE;G1;;2021/TJPE/09/G1/TJPE73284202109231632357214256;False;2021-09-22 21:33:34.263;Erro no arquivo
29;650417109;TJPE92507202109231632357209019;41098fdca8b18b72fb3f4e7a00b040e1b0f7135a29d96bb2fbda5c6f63b9835f;7;1632357209028;;0;0;0;TJPE;G1;;2021/TJPE/09/G1/TJPE92507202109231632357209019;False;2021-09-22 21:33:29.028;Erro no arquivo
30;650417106;TJPE18840202109231632357202194;9ae1687f27828f0886874aaa1306303cc446618675acd3fd6f656ea95ea8915d;7;1632357202203;;0;0;0;TJPE;G1;;2021/TJPE/09/G1/TJPE18840202109231632357202194;False;2021-09-22 21:33:22.203;Erro no arquivo
31;650417103;TJPE61013202109231632357196306;afde20cff04e73642321540221579cad79852223f501d92e22ea7c76518d57e6;7;1632357196319;;0;0;0;TJPE;G1;;2021/TJPE/09/G1/TJPE61013202109231632357196306;False;2021-09-22 21:33:16.319;Erro no arquivo
32;650417100;TJPE88829202109231632357191258;11cc35ee3a1174d67635571808e5c6c9a06b9c64c2d18accac61e89e34c8f9c1;7;1632357191266;;0;0;0;TJPE;G1;;2021/TJPE/09/G1/TJPE88829202109231632357191258;False;2021-09-22 21:33:11.266;Erro no arquivo
33;650417096;TJPE89421202109231632357186896;0f53721eb7d182121b7e10c95c0f7bcc95ab3d53088a5bbce7d11be8853d3fe9;7;1632357186919;;0;0;0;TJPE;G1;;2021/TJPE/09/G1/TJPE89421202109231632357186896;False;2021-09-22 21:33:06.919;Erro no arquivo
34;650417084;TJPE71452202109231632357182529;042007021cd04e0c58568b5593bd455ad935f4113af22d603b94778d1178c10c;7;1632357182539;;0;0;0;TJPE;G1;;2021/TJPE/09/G1/TJPE71452202109231632357182529;False;2021-09-22 21:33:02.539;Erro no arquivo
35;650417081;TJPE52733202109231632357176162;ad5567c63f9429174c1209876df724c09f18b1e3fedd681f5c9e779f407093ab;7;1632357176171;;0;0;0;TJPE;G1;;2021/TJPE/09/G1/TJPE52733202109231632357176162;False;2021-09-22 21:32:56.171;Erro no arquivo
36;650417077;TJPE34462202109231632357167979;4689a2be088b103b6da2bbb9e3ecccc0e972664fff1736d878cbb7c4343b074e;7;1632357167990;;0;0;0;TJPE;G1;;2021/TJPE/09/G1/TJPE34462202109231632357167979;False;2021-09-22 21:32:47.990;Erro no arquivo
37;650417076;TJPE68763202109231632357162712;98ae60bbff80b7baef6bdcfe1af7f50c595f53c85d5cb84665328fe4d2f1dfa2;7;1632357162733;;0;0;0;TJPE;G1;;2021/TJPE/09/G1/TJPE68763202109231632357162712;False;2021-09-22 21:32:42.733;Erro no arquivo
38;650417072;TJPE29861202109231632357158347;b90f9ad9707d52f48e8a600cb0d38e5041e626f107ce083ecaedc8451d3378f4;7;1632357158359;;0;0;0;TJPE;G1;;2021/TJPE/09/G1/TJPE29861202109231632357158347;False;2021-09-22 21:32:38.359;Erro no arquivo
39;650417067;TJPE24052202109231632357151192;9d4c14bd8b6ee10251b13f994a56a510ffafa455cf16c070b248c78117e2d06a;7;1632357151217;;0;0;0;TJPE;G1;;2021/TJPE/09/G1/TJPE24052202109231632357151192;False;2021-09-22 21:32:31.217;Erro no arquivo
0;650417061;TJPE14190202109231632357146000;aca180765cba167252f7af25c77cbbd88d5cc6976a0ddb139196b13a8cabf0c6;7;1632357146009;;0;0;0;TJPE;G1;;2021/TJPE/09/G1/TJPE14190202109231632357146000;False;2021-09-22 21:32:26.009;Erro no arquivo
1;650417058;TJPE19621202109231632357138760;ca96c62288ea17fe5fd27907e123e7b45d5a5e538effd78a0bb30ae4bc75445b;7;1632357138774;;0;0;0;TJPE;G1;;2021/TJPE/09/G1/TJPE19621202109231632357138760;False;2021-09-22 21:32:18.774;Erro no arquivo
2;650417055;TJPE96735202109231632357134545;b3f966a30c1f56025cb0e0296dd09539b3d2b83f4bbfd31725a15c15ce476fb0;3;1632357134558;;92;92;0;TJPE;G1;1068293.0;2021/TJPE/09/G1/TJPE96735202109231632357134545;False;2021-09-22 21:32:14.558;Processado com sucesso
3;650417053;TJPE84126202109231632357129908;9b224ce382e7100c2b1b077e0fbeedd6d908d67cb10b2273c3e5e742f18d6d52;7;1632357129919;;0;0;0;TJPE;G1;;2021/TJPE/09/G1/TJPE84126202109231632357129908;False;2021-09-22 21:32:09.919;Erro no arquivo
4;650417049;TJPE71473202109231632357124044;cb20f418c0d988f9e0ee3781e36d45f217d3024cc82e5b92385ff823328e099f;7;1632357124050;;0;0;0;TJPE;G1;;2021/TJPE/09/G1/TJPE71473202109231632357124044;False;2021-09-22 21:32:04.050;Erro no arquivo
5;650417042;TJPE77930202109231632357117548;cba141e6392f01ddd55c9cfb8b4fa5869a4fb76237442b421ee048776b704c85;7;1632357117555;;0;0;0;TJPE;G1;;2021/TJPE/09/G1/TJPE77930202109231632357117548;False;2021-09-22 21:31:57.555;Erro no arquivo
6;650417039;TJPE90882202109231632357113832;2e8b4e98d39d19afe07353908d04a50360702a20a9b491b5c4e3e0f3b10c8a39;7;1632357113841;;0;0;0;TJPE;G1;;2021/TJPE/09/G1/TJPE90882202109231632357113832;False;2021-09-22 21:31:53.841;Erro no arquivo
7;650417029;TJPE92159202109231632357102501;1d47b74519503d51ea7577ff30eca1d2d2738f5cbfcaad1d93e09e18e69e1fc0;7;1632357102509;;0;0;0;TJPE;G1;;2021/TJPE/09/G1/TJPE92159202109231632357102501;False;2021-09-22 21:31:42.509;Erro no arquivo
8;650417022;TJPE60307202109231632357097016;e2bb4afaf59f069bfabb0140491df61bdc99d7a38e388bfd2022b6e022d70fa3;7;1632357097030;;0;0;0;TJPE;G1;;2021/TJPE/09/G1/TJPE60307202109231632357097016;False;2021-09-22 21:31:37.030;Erro no arquivo
9;650417014;TJPE47460202109231632357088428;40da27ac905a3df80444b2aebaa84c814faca9221bfd0b06ced2afba06b3b4eb;7;1632357088436;;0;0;0;TJPE;G1;;2021/TJPE/09/G1/TJPE47460202109231632357088428;False;2021-09-22 21:31:28.436;Erro no arquivo
10;650417007;TJPE46639202109231632357079097;56cef6cbd01497b7c1a8b0ed0899a72844c28117bac567300c51e269a598d19d;7;1632357079113;;0;0;0;TJPE;G1;;2021/TJPE/09/G1/TJPE46639202109231632357079097;False;2021-09-22 21:31:19.113;Erro no arquivo
11;650417002;TJPE69078202109231632357070491;2ddc041263eee6b628d7e12174b03b51f08bf1bd202e6f47293bba50553929a3;7;1632357070499;;0;0;0;TJPE;G1;;2021/TJPE/09/G1/TJPE69078202109231632357070491;False;2021-09-22 21:31:10.499;Erro no arquivo
12;650416999;TJPE35432202109231632357065253;0d7c31cc4066b8380f85a0e4a7c651553d48acaf3fa5002f5e78e691498ab3fc;3;1632357065267;;97;97;0;TJPE;G1;1065688.0;2021/TJPE/09/G1/TJPE35432202109231632357065253;False;2021-09-22 21:31:05.267;Processado com sucesso
13;650416994;TJPE57305202109231632357057060;447de9c3e384ad3a3825edd31e114077d17a2e27a55a28522bb5b0d1e4872c10;7;1632357057066;;0;0;0;TJPE;G1;;2021/TJPE/09/G1/TJPE57305202109231632357057060;False;2021-09-22 21:30:57.066;Erro no arquivo
14;650416973;TJPE50325202109231632357035654;64142d3102deb63f509684821ebe26f4060f7becb8f7d916aefd1d2184bff2b9;7;1632357035664;;0;0;0;TJPE;G1;;2021/TJPE/09/G1/TJPE50325202109231632357035654;False;2021-09-22 21:30:35.664;Erro no arquivo
15;650416971;TJPE54211202109231632357029217;99c2bb4d01dfdf2a07881c18d28c020ef506f1817952c7276530ddfd83eef235;7;1632357029228;;0;0;0;TJPE;G1;;2021/TJPE/09/G1/TJPE54211202109231632357029217;False;2021-09-22 21:30:29.228;Erro no arquivo
16;650416969;TJPE75953202109231632357027176;c820ee97afcc58ddaa98f1841334ac269147c2e10da6b3472be3921bd747bcb3;7;1632357027186;;0;0;0;TJPE;G1;;2021/TJPE/09/G1/TJPE75953202109231632357027176;False;2021-09-22 21:30:27.186;Erro no arquivo
17;650416967;TJPE76394202109231632357024599;59f149cc093cd916ec56b808d73d440239d96240f9582e1ffc001de56a16c959;7;1632357024607;;0;0;0;TJPE;G1;;2021/TJPE/09/G1/TJPE76394202109231632357024599;False;2021-09-22 21:30:24.607;Erro no arquivo
18;650416964;TJPE29518202109231632357022465;53d7e9a41f546d3af2e59991a493acd90d395c1ae6d2ec6ac37ec1844df34df4;3;1632357022476;;100;100;0;TJPE;JE;1017221.0;2021/TJPE/09/JE/TJPE29518202109231632357022465;False;2021-09-22 21:30:22.476;Processado com sucesso
19;650416960;TJPE15715202109231632357018507;63ebe3038cd9731ee76e143bb832357387d0c20cac3f4af76b2e0b04db1c2df6;7;1632357018515;;0;0;0;TJPE;G1;;2021/TJPE/09/G1/TJPE15715202109231632357018507;False;2021-09-22 21:30:18.515;Erro no arquivo
20;650416959;TJPE57919202109231632357016006;61b41014be9bede3638c497ed583e878755a50e29e4cdbdbbec12f04899112aa;7;1632357016015;;0;0;0;TJPE;G1;;2021/TJPE/09/G1/TJPE57919202109231632357016006;False;2021-09-22 21:30:16.015;Erro no arquivo
21;650416956;TJPE68391202109231632357013650;d4116d63e5f410093a16035c2f525961974f0ae339fbffdc52f2af79b2040aa2;3;1632357013660;;94;94;0;TJPE;G1;1141656.0;2021/TJPE/09/G1/TJPE68391202109231632357013650;False;2021-09-22 21:30:13.660;Processado com sucesso
22;650416951;TJPE64158202109231632357011395;e7d157688e3b972ad606120416875d54679c7cdb40d58183ac14658658b13ef3;7;1632357011405;;0;0;0;TJPE;G1;;2021/TJPE/09/G1/TJPE64158202109231632357011395;False;2021-09-22 21:30:11.405;Erro no arquivo
23;650416947;TJPE52965202109231632357008620;dad40f49814570149da451e63b4a203f84eb6dac2609dc39e7cd3cf7f8667483;7;1632357008629;;0;0;0;TJPE;G1;;2021/TJPE/09/G1/TJPE52965202109231632357008620;False;2021-09-22 21:30:08.629;Erro no arquivo
24;650416945;TJPE67361202109231632357005450;cbb8dd5c95993aa7d5b809cdf3fd04734a8a0d2d604158437524b87c03a6c742;3;1632357005462;;100;100;0;TJPE;JE;1117386.0;2021/TJPE/09/JE/TJPE67361202109231632357005450;False;2021-09-22 21:30:05.462;Processado com sucesso
25;650416940;TJPE63617202109231632357003260;60440aaf5628b88c91178e033c64c80f1425e58caea9f94ad8a4d54e285af81e;7;1632357003269;;0;0;0;TJPE;G1;;2021/TJPE/09/G1/TJPE63617202109231632357003260;False;2021-09-22 21:30:03.269;Erro no arquivo
26;650416936;TJPE56576202109231632357000642;5cd8b527b0fc14c21aa358dff589c5c16d93c7ef7a22b9fa004176e0995238bb;7;1632357000654;;0;0;0;TJPE;G1;;2021/TJPE/09/G1/TJPE56576202109231632357000642;False;2021-09-22 21:30:00.654;Erro no arquivo
27;650416932;TJPE54584202109231632356998234;2cec623ec1c7b38ef8e0260dcdd1d53d843a0a4108c8a72c8ce9cffebedc178d;7;1632356998244;;0;0;0;TJPE;G1;;2021/TJPE/09/G1/TJPE54584202109231632356998234;False;2021-09-22 21:29:58.244;Erro no arquivo
28;650416914;TJPE10790202109231632356986148;b3b84a37936184fe81f616e3931a79825907960d6a6aa812618444d1f45b6d97;7;1632356986157;;0;0;0;TJPE;G1;;2021/TJPE/09/G1/TJPE10790202109231632356986148;False;2021-09-22 21:29:46.157;Erro no arquivo
29;650416900;TJPE41464202109231632356979124;6da07a047137a37451d65146bda2ddb94612d050e5f67142847e7c6b91d4ae3f;7;1632356979132;;0;0;0;TJPE;G1;;2021/TJPE/09/G1/TJPE41464202109231632356979124;False;2021-09-22 21:29:39.132;Erro no arquivo
30;650416896;TJPE12265202109231632356974440;5a383a4ea56a1492ce2e4ae8290db4b33aeb7100a45bd940b4187aa3da6d7429;7;1632356974446;;0;0;0;TJPE;G1;;2021/TJPE/09/G1/TJPE12265202109231632356974440;False;2021-09-22 21:29:34.446;Erro no arquivo
31;650416888;TJPE20361202109231632356969555;43bec57bccbcc1394790a6d2b60b169f8cbcddfdff94220e5f8ec5146006acff;7;1632356969575;;0;0;0;TJPE;G1;;2021/TJPE/09/G1/TJPE20361202109231632356969555;False;2021-09-22 21:29:29.575;Erro no arquivo
32;650416883;TJPE22111202109231632356965277;c01d3d5529b0e7d488d7fc70e0120a374b990c9f135231a5f5b2b7a845eac07c;7;1632356965289;;0;0;0;TJPE;G1;;2021/TJPE/09/G1/TJPE22111202109231632356965277;False;2021-09-22 21:29:25.289;Erro no arquivo
33;650416880;TJPE37524202109231632356961447;609f01768353fc702d5caad13dd45e824ec3f86cfdb7036fdc43be02fe9cb7ba;3;1632356961456;;100;100;0;TJPE;JE;1147399.0;2021/TJPE/09/JE/TJPE37524202109231632356961447;False;2021-09-22 21:29:21.456;Processado com sucesso
34;650416868;TJPE84207202109231632356951960;6729b981a48adc502f9bfe5b1ab2f47e390eb5d8db4e53994a583c2d32d23a4d;7;1632356951972;;0;0;0;TJPE;G1;;2021/TJPE/09/G1/TJPE84207202109231632356951960;False;2021-09-22 21:29:11.972;Erro no arquivo
35;650416866;TJPE37871202109231632356947901;d36b2470292cef0ff856b19456bef0c67281c89b1a971d04d820c7d3beb33fc1;7;1632356947941;;0;0;0;TJPE;G1;;2021/TJPE/09/G1/TJPE37871202109231632356947901;False;2021-09-22 21:29:07.941;Erro no arquivo
36;650416856;TJPE53308202109231632356938203;3d4ece878f97328451ec3b6251e962f04164a71b2ea6e8df544a3517c64d9700;3;1632356938211;;100;100;0;TJPE;JE;1107422.0;2021/TJPE/09/JE/TJPE53308202109231632356938203;False;2021-09-22 21:28:58.211;Processado com sucesso
37;650416852;TJPE35418202109231632356932459;0c17babc20958a3802033b7d32b704f7eb7c43cd6f00906dec5e295e756e8870;7;1632356932466;;0;0;0;TJPE;G1;;2021/TJPE/09/G1/TJPE35418202109231632356932459;False;2021-09-22 21:28:52.466;Erro no arquivo
38;650416849;TJPE86250202109231632356927172;19833b88a226bbbfd5b65d4be42df7a258d2a532484c9530cb16b030b4120052;7;1632356927181;;0;0;0;TJPE;G1;;2021/TJPE/09/G1/TJPE86250202109231632356927172;False;2021-09-22 21:28:47.181;Erro no arquivo
39;650416845;TJPE97821202109231632356923745;bb273b71b49c9fa476739f5bbac578ed900330f899661211f337562274e5debe;7;1632356923753;;0;0;0;TJPE;G1;;2021/TJPE/09/G1/TJPE97821202109231632356923745;False;2021-09-22 21:28:43.753;Erro no arquivo
0;650416838;TJPE68569202109231632356916009;32bc82a589eddddf9ea265abdde699f6e459e828b78823ff7d09b9be310f4133;7;1632356916026;;0;0;0;TJPE;G1;;2021/TJPE/09/G1/TJPE68569202109231632356916009;False;2021-09-22 21:28:36.026;Erro no arquivo
1;650416828;TJPE80257202109231632356911247;6191dbbf96ea8bdfec90729e6c20d254c95ef2c8f8e00861be7e2c014a02a67d;7;1632356911272;;0;0;0;TJPE;G1;;2021/TJPE/09/G1/TJPE80257202109231632356911247;False;2021-09-22 21:28:31.272;Erro no arquivo
2;650416815;TJPE13103202109231632356903345;b5007b33dbf72be0ea7029da1e34d96c4d19b5e89665c404ea0e7587eae8d521;7;1632356903365;;0;0;0;TJPE;G1;;2021/TJPE/09/G1/TJPE13103202109231632356903345;False;2021-09-22 21:28:23.365;Erro no arquivo
3;650416809;TJPE47754202109231632356899561;8ccd17a5338004a92949dfc057a62267e385476588ea2289d176fec7d65e8c8e;7;1632356899570;;0;0;0;TJPE;JE;;2021/TJPE/09/JE/TJPE47754202109231632356899561;False;2021-09-22 21:28:19.570;Erro no arquivo
4;650416800;TJPE20428202109231632356894707;ad80c3a8fa7a6f995f83a690fa2ff62f21f8cf73e0ba0fd72e8718a32bc2ede0;7;1632356894720;;0;0;0;TJPE;G1;;2021/TJPE/09/G1/TJPE20428202109231632356894707;False;2021-09-22 21:28:14.720;Erro no arquivo
5;650416787;TJPE33585202109231632356887920;0daedbfb12eb21d283f8efeb45e8840bbde87fca3efe797e87f39afb933cc826;3;1632356887937;;100;100;0;TJPE;G1;2100615.0;2021/TJPE/09/G1/TJPE33585202109231632356887920;False;2021-09-22 21:28:07.937;Processado com sucesso
6;650416765;TJPE68169202109231632356877368;f1c22f59f833e50f2b0d38bb074ce0fdfbd0674043c8b39ba15926f725d463cb;3;1632356877376;;100;100;0;TJPE;JE;1086692.0;2021/TJPE/09/JE/TJPE68169202109231632356877368;False;2021-09-22 21:27:57.376;Processado com sucesso
7;650416755;TJPE80659202109231632356871823;ad0d67b72e320039f833607fe7e88dc0cffd4f7f3d6c79c88dbea923ff812ad9;7;1632356871846;;0;0;0;TJPE;G1;;2021/TJPE/09/G1/TJPE80659202109231632356871823;False;2021-09-22 21:27:51.846;Erro no arquivo
8;650416732;TJPE66498202109231632356863821;114abc752d95b4a6bbd30fcf111531c32235d6530a1b47c62fff24ee5ef1d725;3;1632356863830;;100;100;0;TJPE;JE;1184184.0;2021/TJPE/09/JE/TJPE66498202109231632356863821;False;2021-09-22 21:27:43.830;Processado com sucesso
9;650416721;TJPE85461202109231632356857949;01086bbcb908df2ce61513554c7ffbabb59ac84479502de13191a3cefc9ee61c;7;1632356857958;;0;0;0;TJPE;G1;;2021/TJPE/09/G1/TJPE85461202109231632356857949;False;2021-09-22 21:27:37.958;Erro no arquivo
10;650416705;TJPE47569202109231632356851435;60880b5d6dacf1ed9a38869520bcbb336711ffbe3d586502e970987c5460a01e;7;1632356851443;;0;0;0;TJPE;G1;;2021/TJPE/09/G1/TJPE47569202109231632356851435;False;2021-09-22 21:27:31.443;Erro no arquivo
11;650416693;TJPE71299202109231632356844546;87db0dc840eb7c37aaf3c16cd7ccf74ccf4768a3279ecd9be37f7cefcfd520f1;7;1632356844571;;0;0;0;TJPE;G1;;2021/TJPE/09/G1/TJPE71299202109231632356844546;False;2021-09-22 21:27:24.571;Erro no arquivo
12;650416683;TJPE62677202109231632356838472;09211cff40dcc81931a6911f69fceebeaa38ddd49c24691e858f16321225a365;7;1632356838483;;0;0;0;TJPE;G1;;2021/TJPE/09/G1/TJPE62677202109231632356838472;False;2021-09-22 21:27:18.483;Erro no arquivo
13;650416672;TJPE44342202109231632356832352;2017dc942f79c8653f7c4f986eb70f6fcae660978ee674941b77533b66080f64;7;1632356832362;;0;0;0;TJPE;G1;;2021/TJPE/09/G1/TJPE44342202109231632356832352;False;2021-09-22 21:27:12.362;Erro no arquivo
14;650416653;TJPE57320202109231632356824062;12e317316c339e73be5be2ff98ce2d97591d5b9905d514400a50dd6d5e03e4ed;7;1632356824073;;0;0;0;TJPE;G1;;2021/TJPE/09/G1/TJPE57320202109231632356824062;False;2021-09-22 21:27:04.073;Erro no arquivo
15;650416639;TJPE49256202109231632356818694;4ea6bb9b516fac070e6a8e91db2854e9347390e349d9c1fc2c5fd7c72afea8ab;7;1632356818701;;0;0;0;TJPE;G1;;2021/TJPE/09/G1/TJPE49256202109231632356818694;False;2021-09-22 21:26:58.701;Erro no arquivo
16;650416598;TJPE75156202109231632356802413;d11f60c2750a2e273e3c68a8b13773e9f5fda8b119a68c6cdf9c1f7d7012fd0b;7;1632356802422;;0;0;0;TJPE;G1;;2021/TJPE/09/G1/TJPE75156202109231632356802413;False;2021-09-22 21:26:42.422;Erro no arquivo
17;650416588;TJPE76397202109231632356798358;5df64534c847e7878c8528424b0e20e63ca6e8bd56464186d3b480a387eeb16e;7;1632356798368;;0;0;0;TJPE;G1;;2021/TJPE/09/G1/TJPE76397202109231632356798358;False;2021-09-22 21:26:38.368;Erro no arquivo
18;650416581;TJPE91938202109231632356794788;6d7aa812503e75ccfb9e9eef76e4433e3dbc041c190f3b705883a6cb4a223479;7;1632356794794;;0;0;0;TJPE;G1;;2021/TJPE/09/G1/TJPE91938202109231632356794788;False;2021-09-22 21:26:34.794;Erro no arquivo
19;650416568;TJPE24234202109231632356790469;ae4b928693fe792628a9e7b321b8c9fca45737cd2e2a6df7590c5b95badbdda5;7;1632356790478;;0;0;0;TJPE;G1;;2021/TJPE/09/G1/TJPE24234202109231632356790469;False;2021-09-22 21:26:30.478;Erro no arquivo
20;650416556;TJPE30984202109231632356783470;4e59b40f1e89222ca80ed6fc885c651d0185f96aa9395a2941d2096c08ffe99a;7;1632356783479;;0;0;0;TJPE;G1;;2021/TJPE/09/G1/TJPE30984202109231632356783470;False;2021-09-22 21:26:23.479;Erro no arquivo
21;650416539;TJPE85434202109231632356776332;85109ee52a39cd81be74634ff390d2a72f33dd5fb124316dafd6cadf3a1ad84b;7;1632356776341;;0;0;0;TJPE;G1;;2021/TJPE/09/G1/TJPE85434202109231632356776332;False;2021-09-22 21:26:16.341;Erro no arquivo
22;650416528;TJPE37734202109231632356770375;de53303a04d5eda11acd64728321d0d618377a01710a04cbd2142612d21c4a2f;7;1632356770384;;0;0;0;TJPE;G1;;2021/TJPE/09/G1/TJPE37734202109231632356770375;False;2021-09-22 21:26:10.384;Erro no arquivo
23;650416514;TJPE41241202109231632356766178;25160799c99d93f1a240399d544b322049a50a0395c40cd7e60b4d99fb56c921;7;1632356766200;;0;0;0;TJPE;G1;;2021/TJPE/09/G1/TJPE41241202109231632356766178;False;2021-09-22 21:26:06.200;Erro no arquivo
24;650416505;TJPE45014202109231632356761235;3419f06e3957cc6085e876748405b0eadfcdfcc361c0744abe1687357c2eec43;7;1632356761247;;0;0;0;TJPE;G1;;2021/TJPE/09/G1/TJPE45014202109231632356761235;False;2021-09-22 21:26:01.247;Erro no arquivo
25;650416499;TJPE73223202109231632356759019;a8c8aef6cc285ee57a630724a2e8a2262cf866a832b59385d4ff1214f73d0e97;7;1632356759032;;0;0;0;TJPE;G1;;2021/TJPE/09/G1/TJPE73223202109231632356759019;False;2021-09-22 21:25:59.032;Erro no arquivo
26;650416494;TJPE11958202109231632356756255;0b248775df96bf7fbea6f045279e50a46b04e07e127a938c6a621bd7065291a6;7;1632356756260;;0;0;0;TJPE;G1;;2021/TJPE/09/G1/TJPE11958202109231632356756255;False;2021-09-22 21:25:56.260;Erro no arquivo
27;650416490;TJPE46962202109231632356754404;ecff6e3663b3a67da539735e8666d8ad7be61991ba1e6f9edade33a13abba761;7;1632356754413;;0;0;0;TJPE;G1;;2021/TJPE/09/G1/TJPE46962202109231632356754404;False;2021-09-22 21:25:54.413;Erro no arquivo
28;650416483;TJPE34677202109231632356752107;88203cb10ad124cc9ea9abc4903d4ea50f2075ea737a65746e5b7b8b4019003e;3;1632356752132;;94;94;0;TJPE;G1;1092445.0;2021/TJPE/09/G1/TJPE34677202109231632356752107;False;2021-09-22 21:25:52.132;Processado com sucesso
29;650416479;TJPE39512202109231632356748771;af4c272908a80e00feaadc0f29dafcb108727a1f8ce68d10ab91a7245d721648;3;1632356748782;;100;100;0;TJPE;JE;1028259.0;2021/TJPE/09/JE/TJPE39512202109231632356748771;False;2021-09-22 21:25:48.782;Processado com sucesso
30;650416472;TJPE42335202109231632356746445;36f05ff9bbcea6028dc600c0b40a155014addd45d9d0e127f3c04992e728b3db;7;1632356746455;;0;0;0;TJPE;G1;;2021/TJPE/09/G1/TJPE42335202109231632356746445;False;2021-09-22 21:25:46.455;Erro no arquivo
31;650416467;TJPE16799202109231632356744045;84b6f033409126a30a4938ee59d90629ab6e4ef6f77f61ab0222be73dd1e2a9f;7;1632356744051;;0;0;0;TJPE;G1;;2021/TJPE/09/G1/TJPE16799202109231632356744045;False;2021-09-22 21:25:44.051;Erro no arquivo
32;650416463;TJPE12161202109231632356742126;f6d6cd6ec01b6f52e29dbcb81145ec7e76f1620bfbf86a89678f9413c45af4e7;7;1632356742134;;0;0;0;TJPE;G1;;2021/TJPE/09/G1/TJPE12161202109231632356742126;False;2021-09-22 21:25:42.134;Erro no arquivo
33;650416454;TJPE53973202109231632356739976;b25484301bd26f5619cd53d286b5537a850c0c0c9c46ff95ec1bf8ee83e1dc01;7;1632356739988;;0;0;0;TJPE;G1;;2021/TJPE/09/G1/TJPE53973202109231632356739976;False;2021-09-22 21:25:39.988;Erro no arquivo
34;650416450;TJPE51660202109231632356737535;5686da0fd8fc4739a315df8b242e227f448fd3cda1f1e2c854a66622cf88ca89;3;1632356737555;;100;100;0;TJPE;G1;1725240.0;2021/TJPE/09/G1/TJPE51660202109231632356737535;False;2021-09-22 21:25:37.555;Processado com sucesso
35;650416444;TJPE37290202109231632356734752;00194823d40be880c5cb6a0fc834de46c9c643048780690148a75d45eebabc48;7;1632356734775;;0;0;0;TJPE;G1;;2021/TJPE/09/G1/TJPE37290202109231632356734752;False;2021-09-22 21:25:34.775;Erro no arquivo
36;650416439;TJPE56309202109231632356732280;b62049998c18dbbfad7418786bc556a9ae919f9af514bde454ee9dd2bd858189;7;1632356732292;;0;0;0;TJPE;G1;;2021/TJPE/09/G1/TJPE56309202109231632356732280;False;2021-09-22 21:25:32.292;Erro no arquivo
37;650416435;TJPE97447202109231632356730101;7f1b3867e6f2d01b8fb5b35e64c77d48fe5b4b47eb5b020928445c12ac3cd989;7;1632356730117;;0;0;0;TJPE;G1;;2021/TJPE/09/G1/TJPE97447202109231632356730101;False;2021-09-22 21:25:30.117;Erro no arquivo
38;650416431;TJPE81151202109231632356727407;ee6c566098eba0a17e9827dcab2255a734062d3f5b005729a139cb226dbbf7e9;7;1632356727416;;0;0;0;TJPE;G1;;2021/TJPE/09/G1/TJPE81151202109231632356727407;False;2021-09-22 21:25:27.416;Erro no arquivo
39;650416427;TJPE68987202109231632356725024;f6ef620a196c3f9dde4d1ca5c9b88234a5047730cace1c646f57bda10af143f1;7;1632356725031;;0;0;0;TJPE;G1;;2021/TJPE/09/G1/TJPE68987202109231632356725024;False;2021-09-22 21:25:25.031;Erro no arquivo
0;650416420;TJPE21904202109231632356723082;781503473fc38e32257d0f7ecc047ca61c2d1f65a7d5c09e1de6a55302484b86;7;1632356723087;;0;0;0;TJPE;G1;;2021/TJPE/09/G1/TJPE21904202109231632356723082;False;2021-09-22 21:25:23.087;Erro no arquivo
1;650416415;TJPE45640202109231632356721174;47981104afcdfcb7dd13dddae5cab5d6ca064d162feaee49ecdc50cabd587af0;7;1632356721198;;0;0;0;TJPE;G1;;2021/TJPE/09/G1/TJPE45640202109231632356721174;False;2021-09-22 21:25:21.198;Erro no arquivo
2;650416407;TJPE57638202109231632356717949;4e9e686e9026f93478400eb574ef9b1d7a67ec74a4952c3fa09e112dad879228;7;1632356717957;;0;0;0;TJPE;G1;;2021/TJPE/09/G1/TJPE57638202109231632356717949;False;2021-09-22 21:25:17.957;Erro no arquivo
3;650416402;TJPE17422202109231632356715627;1a06173e38188d7101fe5bacdcd834b0129a6181f898f9b78d157ed1de041557;7;1632356715634;;0;0;0;TJPE;G1;;2021/TJPE/09/G1/TJPE17422202109231632356715627;False;2021-09-22 21:25:15.634;Erro no arquivo
4;650416396;TJPE21834202109231632356713599;f1ca960e8c56e999bf59339d7e09eef8f0d358bea310c7ada451fcdbccb741ca;7;1632356713606;;0;0;0;TJPE;JE;;2021/TJPE/09/JE/TJPE21834202109231632356713599;False;2021-09-22 21:25:13.606;Erro no arquivo
5;650416391;TJPE20936202109231632356711409;0df7d33b4fa2ad659455922f3290cd83ae1c31242f64beeb34a08f50afc19ac2;7;1632356711416;;0;0;0;TJPE;G1;;2021/TJPE/09/G1/TJPE20936202109231632356711409;False;2021-09-22 21:25:11.416;Erro no arquivo
6;650416382;TJPE63252202109231632356709264;7291862b7c9a95e8cddbc0d47a9e81e38f5dcacdeb97fafbf5de14bf17699e6d;7;1632356709269;;0;0;0;TJPE;G1;;2021/TJPE/09/G1/TJPE63252202109231632356709264;False;2021-09-22 21:25:09.269;Erro no arquivo
7;650416377;TJPE74894202109231632356707333;997893fc7d97bd75ca74353cc127e31caea8da71017704371f858101541c1d91;7;1632356707341;;0;0;0;TJPE;G1;;2021/TJPE/09/G1/TJPE74894202109231632356707333;False;2021-09-22 21:25:07.341;Erro no arquivo
8;650416369;TJPE68765202109231632356705053;ef7f10ce6744c02cdd523d8d72e87d54bdbb8ae1f012ba78a55a07302e0977f4;7;1632356705137;;0;0;0;TJPE;G1;;2021/TJPE/09/G1/TJPE68765202109231632356705053;False;2021-09-22 21:25:05.137;Erro no arquivo
9;650416362;TJPE64566202109231632356702893;083e993f0e02a7d3d1bb7c424648ef11c152be0ed4bfcd6ddc56965a85af2dec;7;1632356702904;;0;0;0;TJPE;G1;;2021/TJPE/09/G1/TJPE64566202109231632356702893;False;2021-09-22 21:25:02.904;Erro no arquivo
10;650416354;TJPE42826202109231632356700196;c1f3d967ca3cf44065d093a61344f9c753a42641b9e628d1965a226c44395d22;7;1632356700205;;0;0;0;TJPE;G1;;2021/TJPE/09/G1/TJPE42826202109231632356700196;False;2021-09-22 21:25:00.205;Erro no arquivo
11;650416348;TJPE12776202109231632356698477;d817ba3582d189e47b78de1dbf405f0c5fce098b3b3c51f9301e2bc6592620ac;7;1632356698488;;0;0;0;TJPE;G1;;2021/TJPE/09/G1/TJPE12776202109231632356698477;False;2021-09-22 21:24:58.488;Erro no arquivo
12;650416336;TJPE91824202109231632356692348;70dd71036fa44abc73fff507b1a587397e23f9bcd585bee1cb8640138f264515;7;1632356692358;;0;0;0;TJPE;G1;;2021/TJPE/09/G1/TJPE91824202109231632356692348;False;2021-09-22 21:24:52.358;Erro no arquivo
13;650416325;TJPE67269202109231632356687988;6846da7136b08d8eadb1516ed0c2facebfddffeee79ed54dd2120f78aec7ae04;7;1632356687996;;0;0;0;TJPE;G1;;2021/TJPE/09/G1/TJPE67269202109231632356687988;False;2021-09-22 21:24:47.996;Erro no arquivo
14;650416310;TJPE95213202109231632356683215;1380b8ea03496bf2c7bbc0b3020e07b6d75e619bf4680d36e8f488829a8710c0;7;1632356683236;;0;0;0;TJPE;G1;;2021/TJPE/09/G1/TJPE95213202109231632356683215;False;2021-09-22 21:24:43.236;Erro no arquivo
15;650416281;TJPE15567202109231632356674686;76270d9cd9ed089dcf58974d0ac3df381f46faabb38205e2a41345f74c49a018;7;1632356674693;;0;0;0;TJPE;G1;;2021/TJPE/09/G1/TJPE15567202109231632356674686;False;2021-09-22 21:24:34.693;Erro no arquivo
16;650416268;TJPE60093202109231632356670909;dcc0525043d4a1604bdae24f4203c06ab37cf429c507e56773fe93c5aa538751;7;1632356670916;;0;0;0;TJPE;G1;;2021/TJPE/09/G1/TJPE60093202109231632356670909;False;2021-09-22 21:24:30.916;Erro no arquivo
17;650416253;TJPE56188202109231632356666551;4af64defae0950b37bf7b72aa3f2bee102a984d650d056720ae81391a3c3d8fb;7;1632356666559;;0;0;0;TJPE;G1;;2021/TJPE/09/G1/TJPE56188202109231632356666551;False;2021-09-22 21:24:26.559;Erro no arquivo
18;650416243;TJPE26108202109231632356662632;764a7c68ccc38fa3479ba580c227bcc61d8d08060d0c64cdcd1e5ab5c12187a5;3;1632356662640;;100;100;0;TJPE;JE;1079443.0;2021/TJPE/09/JE/TJPE26108202109231632356662632;False;2021-09-22 21:24:22.640;Processado com sucesso
19;650416232;TJPE91552202109231632356658224;e11038c43fd6525387cd01af75a60e80b860806a9071bf7e28299f0ed56d0aa9;7;1632356658233;;0;0;0;TJPE;G1;;2021/TJPE/09/G1/TJPE91552202109231632356658224;False;2021-09-22 21:24:18.233;Erro no arquivo
20;650416221;TJPE96053202109231632356653970;eb842d6bcc664e0c2eb0aec3ae90888590c4e47497c0e6d9b1ca8ab97dd3ea88;7;1632356653981;;0;0;0;TJPE;G1;;2021/TJPE/09/G1/TJPE96053202109231632356653970;False;2021-09-22 21:24:13.981;Erro no arquivo
21;650416206;TJPE22202202109231632356649911;c45565f9d8cbc3a814b07cba82484fcace469a801fb620ed3632e7c393910ed0;7;1632356649920;;0;0;0;TJPE;G1;;2021/TJPE/09/G1/TJPE22202202109231632356649911;False;2021-09-22 21:24:09.920;Erro no arquivo
22;650416183;TJPE77477202109231632356643445;b4cf1e7ce9a6532484b776c2e1dc5a0b03d5ee94eb6a41f2cfb5364fcb0daf16;7;1632356643454;;0;0;0;TJPE;G1;;2021/TJPE/09/G1/TJPE77477202109231632356643445;False;2021-09-22 21:24:03.454;Erro no arquivo
23;650416160;TJPE27886202109231632356638316;c49e43ca761496bf5e58f61e62cb51d083907bead4df5642138679beb338a4c5;7;1632356638327;;0;0;0;TJPE;G1;;2021/TJPE/09/G1/TJPE27886202109231632356638316;False;2021-09-22 21:23:58.327;Erro no arquivo
24;650416140;TJPE53464202109231632356633303;f33bd51ac8575ec1f2371c36701755bf1d8d524e22c8cc5709918f78709c0eb7;7;1632356633325;;0;0;0;TJPE;G1;;2021/TJPE/09/G1/TJPE53464202109231632356633303;False;2021-09-22 21:23:53.325;Erro no arquivo
25;650416109;TJPE52030202109231632356622499;41fa737b6c98d0335cb4939f799384b642b952805275ffce0cdc503a6557bbef;7;1632356622506;;0;0;0;TJPE;G1;;2021/TJPE/09/G1/TJPE52030202109231632356622499;False;2021-09-22 21:23:42.506;Erro no arquivo
26;650416083;TJPE99251202109231632356616450;ecbb1d92d73321b3550a03f2f29c468fda6031acbc9981bb7d3ce3bf0794215f;7;1632356616457;;0;0;0;TJPE;G1;;2021/TJPE/09/G1/TJPE99251202109231632356616450;False;2021-09-22 21:23:36.457;Erro no arquivo
27;650416071;TJPE80918202109231632356612033;588ff9b54e8a4514faaaee9ad36e291622ea647fac289ec0860d0186cc866d2d;7;1632356612052;;0;0;0;TJPE;G1;;2021/TJPE/09/G1/TJPE80918202109231632356612033;False;2021-09-22 21:23:32.052;Erro no arquivo
28;650416055;TJPE98162202109231632356605474;c13e05dc6cf1a2be14e17fcae7d7203c14e2671b8bc8e21618cb63445dbdb915;7;1632356605556;;0;0;0;TJPE;G1;;2021/TJPE/09/G1/TJPE98162202109231632356605474;False;2021-09-22 21:23:25.556;Erro no arquivo
29;650416035;TJPE40417202109231632356599397;58e247076f33f1d2f2e1f1bfb1b6b73bed78ee2f5b4f8bb754989ecd39b064ae;7;1632356599405;;0;0;0;TJPE;G1;;2021/TJPE/09/G1/TJPE40417202109231632356599397;False;2021-09-22 21:23:19.405;Erro no arquivo
30;650416008;TJPE38792202109231632356591582;09729f857536c78e78793ff82b9f2fc64424bdc47e78a5de11b4d44fa49729db;7;1632356591596;;0;0;0;TJPE;G1;;2021/TJPE/09/G1/TJPE38792202109231632356591582;False;2021-09-22 21:23:11.596;Erro no arquivo
31;650415997;TJPE67571202109231632356586211;c54e69b6189d3a5693b0e86a8f4efe50120cf79348716dc77158a2e538003815;7;1632356586225;;0;0;0;TJPE;G1;;2021/TJPE/09/G1/TJPE67571202109231632356586211;False;2021-09-22 21:23:06.225;Erro no arquivo
32;650415959;TJPE26955202109231632356578671;609bb57256a2f05ba249243ce70b28aeb9983ce455111481e0e1326cebc8fd89;7;1632356578680;;0;0;0;TJPE;G1;;2021/TJPE/09/G1/TJPE26955202109231632356578671;False;2021-09-22 21:22:58.680;Erro no arquivo
33;650415938;TJPE32775202109231632356570879;a7f80ac7c2eb8ed9616e17d05753135cf0297bd0007c63f44956189cb7181b2c;7;1632356570889;;0;0;0;TJPE;G1;;2021/TJPE/09/G1/TJPE32775202109231632356570879;False;2021-09-22 21:22:50.889;Erro no arquivo
34;650415875;TJPE94504202109231632356552141;e0fdbf9771380790b26fae49cff04ae745df5a0d148b31beba30cc6b53bafcba;7;1632356552156;;0;0;0;TJPE;G1;;2021/TJPE/09/G1/TJPE94504202109231632356552141;False;2021-09-22 21:22:32.156;Erro no arquivo
35;650415872;TJPE83514202109231632356549656;09a744ed96d9363dd3505e497f1c16cd61e623a87decfd91808a506efe8740aa;7;1632356549665;;0;0;0;TJPE;G1;;2021/TJPE/09/G1/TJPE83514202109231632356549656;False;2021-09-22 21:22:29.665;Erro no arquivo
36;650415862;TJPE47331202109231632356547339;ab42f7b390ef67e44db991c3189978728e961a3572bd6c587a69548e7ed32e38;7;1632356547349;;0;0;0;TJPE;G1;;2021/TJPE/09/G1/TJPE47331202109231632356547339;False;2021-09-22 21:22:27.349;Erro no arquivo
37;650415849;TJPE84324202109231632356544804;2ee58192ca5f94b3bdc98f7ddaa05b881d64138c5d2a5df1ecf832b6a1053e68;7;1632356544814;;0;0;0;TJPE;G1;;2021/TJPE/09/G1/TJPE84324202109231632356544804;False;2021-09-22 21:22:24.814;Erro no arquivo
38;650415838;TJPE57782202109231632356542290;31938754b4e66a15fb87a21fd72295f714213a9afaa560a99dcf43de6c8e9175;7;1632356542303;;0;0;0;TJPE;G1;;2021/TJPE/09/G1/TJPE57782202109231632356542290;False;2021-09-22 21:22:22.303;Erro no arquivo
39;650415834;TJPE95076202109231632356539913;fc5524728aefd0ba9203ac90ee6a486dec59bc5d79e8fc21d481c3a31aeeb00a;7;1632356539922;;0;0;0;TJPE;G1;;2021/TJPE/09/G1/TJPE95076202109231632356539913;False;2021-09-22 21:22:19.922;Erro no arquivo
0;650415827;TJPE33707202109231632356537415;7949c993878290fbc6040b30ccd77a2323dbff499f64b09b4228402e0adf8e21;7;1632356537423;;0;0;0;TJPE;G1;;2021/TJPE/09/G1/TJPE33707202109231632356537415;False;2021-09-22 21:22:17.423;Erro no arquivo
1;650415822;TJPE64183202109231632356535080;a58cb089579ad8072fd2a716adf7b2eb12af9a9c6c7c320de6e87f36d7aeb857;7;1632356535090;;0;0;0;TJPE;G1;;2021/TJPE/09/G1/TJPE64183202109231632356535080;False;2021-09-22 21:22:15.090;Erro no arquivo
2;650415806;TJPE93766202109231632356532921;40780ad7e9307814d5f472d7bfe6decd8742aeccedadc7dc152c08ec170e8218;7;1632356532933;;0;0;0;TJPE;G1;;2021/TJPE/09/G1/TJPE93766202109231632356532921;False;2021-09-22 21:22:12.933;Erro no arquivo
3;650415791;TJPE62082202109231632356530002;7a4f15b6b0f09ec8a49b119544531b320f867786aa052f10d952731731d47c57;3;1632356530012;;100;100;0;TJPE;JE;1206357.0;2021/TJPE/09/JE/TJPE62082202109231632356530002;False;2021-09-22 21:22:10.012;Processado com sucesso
4;650415786;TJPE12012202109231632356527399;1dff8682b4ba49ee7af0d812374366ea76d69f9955a2983f5c50273b2785ee41;7;1632356527406;;0;0;0;TJPE;G1;;2021/TJPE/09/G1/TJPE12012202109231632356527399;False;2021-09-22 21:22:07.406;Erro no arquivo
5;650415781;TJPE90008202109231632356525095;5d0a32ad2fb5095d855dbd44ae19c718bcabc2780837c9e375530d1fddd4da90;7;1632356525111;;0;0;0;TJPE;G1;;2021/TJPE/09/G1/TJPE90008202109231632356525095;False;2021-09-22 21:22:05.111;Erro no arquivo
6;650415759;TJPE79774202109231632356518608;96e0c4594667fc86f1b970dbe88202766545d4c7e85831d62c392a2ea724e498;7;1632356518617;;0;0;0;TJPE;G1;;2021/TJPE/09/G1/TJPE79774202109231632356518608;False;2021-09-22 21:21:58.617;Erro no arquivo
7;650415748;TJPE73993202109231632356513203;c1bd555da73f0e93fc39050e9c7ab1c4fc664ca79917ab08c4ad9e6ebce7a760;7;1632356513210;;0;0;0;TJPE;G1;;2021/TJPE/09/G1/TJPE73993202109231632356513203;False;2021-09-22 21:21:53.210;Erro no arquivo
8;650415730;TJPE90572202109231632356507294;80841db079f8e64c755f40a85a8f5e568b17e36b519a3575a0770f8cd369f02c;7;1632356507304;;0;0;0;TJPE;G1;;2021/TJPE/09/G1/TJPE90572202109231632356507294;False;2021-09-22 21:21:47.304;Erro no arquivo
9;650415720;TJPE30455202109231632356503360;3ae2084cd1048d56478513400ede124395900611cd820a62ef22fef09b97a6cb;7;1632356503369;;0;0;0;TJPE;G1;;2021/TJPE/09/G1/TJPE30455202109231632356503360;False;2021-09-22 21:21:43.369;Erro no arquivo
10;650415705;TJPE75011202109231632356498042;e7afdee9b6d44db12c09e63a742d9bb8ec103bf00ed5f6841c99f822e7c7d92b;7;1632356498053;;0;0;0;TJPE;G1;;2021/TJPE/09/G1/TJPE75011202109231632356498042;False;2021-09-22 21:21:38.053;Erro no arquivo
11;650415687;TJPE11534202109231632356492179;49cd97f4b3db12171c7b0aa4b544ed132f7218ed2cac7b143e9986aa389e5d57;3;1632356492187;;100;100;0;TJPE;JE;1107302.0;2021/TJPE/09/JE/TJPE11534202109231632356492179;False;2021-09-22 21:21:32.187;Processado com sucesso
12;650415662;TJPE50853202109231632356486305;7d84ddec8a9e388dc12be4b6093f936f3a0f7c37552e1e7173a77e2c5efe1acf;7;1632356486318;;0;0;0;TJPE;G1;;2021/TJPE/09/G1/TJPE50853202109231632356486305;False;2021-09-22 21:21:26.318;Erro no arquivo
13;650415654;TJPE62931202109231632356482144;4d03cb143d5504e103ba6555fa2a22d189438768b20877fc995e2c6c82748fdf;7;1632356482158;;0;0;0;TJPE;G1;;2021/TJPE/09/G1/TJPE62931202109231632356482144;False;2021-09-22 21:21:22.158;Erro no arquivo
14;650415627;TJPE56933202109231632356474157;4ea67c09b4d80b5a73877489945608fe1f617c74e1e8da010bc41ec134e1f563;7;1632356474166;;0;0;0;TJPE;G1;;2021/TJPE/09/G1/TJPE56933202109231632356474157;False;2021-09-22 21:21:14.166;Erro no arquivo
15;650415578;TJPE52746202109231632356458212;3ba6bee54779ae85fa82c506cc159305e2268d3ec4198f26830457d32ce60be5;7;1632356458219;;0;0;0;TJPE;G1;;2021/TJPE/09/G1/TJPE52746202109231632356458212;False;2021-09-22 21:20:58.219;Erro no arquivo
16;650415570;TJPE36302202109231632356454998;45ac4f6aedaf2e97a3007fec8607fce073a674dc7f2116061ae531c23baa9b18;3;1632356455010;;100;100;0;TJPE;JE;1039968.0;2021/TJPE/09/JE/TJPE36302202109231632356454998;False;2021-09-22 21:20:55.010;Processado com sucesso
17;650415527;TJPE73343202109231632356438730;2de8dec18360ac540b3d7a962022113f03c0a3b0ed6a9ac0090f31d781ddd17c;7;1632356438740;;0;0;0;TJPE;G1;;2021/TJPE/09/G1/TJPE73343202109231632356438730;False;2021-09-22 21:20:38.740;Erro no arquivo
18;650415518;TJPE97706202109231632356433823;463fe30763abca15350f50f6925ed4a4d2c80af52bed7c3566aae9166b4160a3;7;1632356433844;;0;0;0;TJPE;G1;;2021/TJPE/09/G1/TJPE97706202109231632356433823;False;2021-09-22 21:20:33.844;Erro no arquivo
19;650415494;TJPE15947202109231632356426946;825eb3d43c53ec9ab16079cba72d3f73c04269c6b06c05553bd2e8ec2d635a45;7;1632356426957;;0;0;0;TJPE;G1;;2021/TJPE/09/G1/TJPE15947202109231632356426946;False;2021-09-22 21:20:26.957;Erro no arquivo
20;650415480;TJPE26562202109231632356421026;92ca4db6a9640a68952648070114f69e08915f369caa929c347bd66cae8c8bfd;7;1632356421040;;0;0;0;TJPE;G1;;2021/TJPE/09/G1/TJPE26562202109231632356421026;False;2021-09-22 21:20:21.040;Erro no arquivo
21;650415468;TJPE73674202109231632356416335;0b39bc66810f9883345229c0ad4f90f620def06b35498092a4137087798de085;3;1632356416345;;100;100;0;TJPE;JE;1224766.0;2021/TJPE/09/JE/TJPE73674202109231632356416335;False;2021-09-22 21:20:16.345;Processado com sucesso
22;650415446;TJPE52512202109231632356409513;58af0178bca7c070a0fe131a7802254d16724217efaa5cd3212c68e5456ad793;7;1632356409520;;0;0;0;TJPE;G1;;2021/TJPE/09/G1/TJPE52512202109231632356409513;False;2021-09-22 21:20:09.520;Erro no arquivo
23;650415433;TJPE11847202109231632356404017;922c4fce86ca77d0fe48c2fcc837c32adf37f761fb73459b6ceb33bc4c625b54;7;1632356404031;;0;0;0;TJPE;G1;;2021/TJPE/09/G1/TJPE11847202109231632356404017;False;2021-09-22 21:20:04.031;Erro no arquivo
24;650415417;TJPE97321202109231632356397664;bcaaca993e67036331e2da9524ac18b20a62fbc8f8ff5a1a2d4c53e2e982b3c2;7;1632356397673;;0;0;0;TJPE;G1;;2021/TJPE/09/G1/TJPE97321202109231632356397664;False;2021-09-22 21:19:57.673;Erro no arquivo
25;650415402;TJPE13062202109231632356391522;cdd82dd62e98a357915d5587c189069270e724ba2917ee965810e9c8522c98f7;7;1632356391544;;0;0;0;TJPE;G1;;2021/TJPE/09/G1/TJPE13062202109231632356391522;False;2021-09-22 21:19:51.544;Erro no arquivo
26;650415394;TJPE44039202109231632356388836;79f092a0b5f6a3a1280ef4a8cbae897f51c955783a7343736403ab7d9af3aaa3;7;1632356388845;;0;0;0;TJPE;G1;;2021/TJPE/09/G1/TJPE44039202109231632356388836;False;2021-09-22 21:19:48.845;Erro no arquivo
27;650415388;TJPE14564202109231632356386484;210e72e376298564cd663242bde3a7ded3441088b78cc2ae30e56dc9ed3e2331;7;1632356386493;;0;0;0;TJPE;G1;;2021/TJPE/09/G1/TJPE14564202109231632356386484;False;2021-09-22 21:19:46.493;Erro no arquivo
28;650415374;TJPE54594202109231632356382348;447b55bf2987a37017d220f622c1343f3abe2d5ee7dfa466272444c5b97f057b;7;1632356382356;;0;0;0;TJPE;G1;;2021/TJPE/09/G1/TJPE54594202109231632356382348;False;2021-09-22 21:19:42.356;Erro no arquivo
29;650415364;TJPE28909202109231632356379997;fd3ae0cf5f941e3e248d21c5a3c590a691bd1b0cef9a5e1517ba31c9d8b83adf;7;1632356380010;;0;0;0;TJPE;G1;;2021/TJPE/09/G1/TJPE28909202109231632356379997;False;2021-09-22 21:19:40.010;Erro no arquivo
30;650415356;TJPE97630202109231632356376284;58b3fb1a5871ca3bafe406a2d3f1abdafa70f19ba2284a0d14e0fb7751cc35d9;7;1632356376296;;0;0;0;TJPE;G1;;2021/TJPE/09/G1/TJPE97630202109231632356376284;False;2021-09-22 21:19:36.296;Erro no arquivo
31;650415350;TJPE75910202109231632356373752;24eb80e71b2999a042ab683bcd455e6685ab8f359768a9f7e3e84e062641757b;7;1632356373759;;0;0;0;TJPE;G1;;2021/TJPE/09/G1/TJPE75910202109231632356373752;False;2021-09-22 21:19:33.759;Erro no arquivo
32;650415340;TJPE31355202109231632356371177;fc73f4fddc04c137680ed8017570d7aedfd6cda57601a336024182b55e76aabb;7;1632356371189;;0;0;0;TJPE;G1;;2021/TJPE/09/G1/TJPE31355202109231632356371177;False;2021-09-22 21:19:31.189;Erro no arquivo
33;650415333;TJPE38109202109231632356368648;f11950ba16450265294a5ae68ea1df86c109a3f758028d7584db887048cf2350;7;1632356368656;;0;0;0;TJPE;G1;;2021/TJPE/09/G1/TJPE38109202109231632356368648;False;2021-09-22 21:19:28.656;Erro no arquivo
34;650415327;TJPE12056202109231632356366298;f3f1d548e83f91d41007a89fb0c3603c173f8e0dd62a377456d20462d6ef6e7a;7;1632356366307;;0;0;0;TJPE;G1;;2021/TJPE/09/G1/TJPE12056202109231632356366298;False;2021-09-22 21:19:26.307;Erro no arquivo
35;650415322;TJPE12962202109231632356364096;660a3f1f279c2ce9bc086f7fcc9ac06f63047b78e367b66f8aca6847293361ae;7;1632356364107;;0;0;0;TJPE;G1;;2021/TJPE/09/G1/TJPE12962202109231632356364096;False;2021-09-22 21:19:24.107;Erro no arquivo
36;650415315;TJPE38025202109231632356361592;371a1d62b0b2a910504dfbdca05e3fa751ef3569e4690c3d46c8c75a728468e4;7;1632356361601;;0;0;0;TJPE;G1;;2021/TJPE/09/G1/TJPE38025202109231632356361592;False;2021-09-22 21:19:21.601;Erro no arquivo
37;650415310;TJPE61733202109231632356359199;624473a2465e481bf910eb37c1b4a5915b08f3ebd3e989d71ac89dfe9e0a5859;7;1632356359208;;0;0;0;TJPE;G1;;2021/TJPE/09/G1/TJPE61733202109231632356359199;False;2021-09-22 21:19:19.208;Erro no arquivo
38;650415300;TJPE41034202109231632356357060;692f59218723097ec908246bf4b1855c63014de6aeb0823af91abd2d841047c0;7;1632356357076;;0;0;0;TJPE;G1;;2021/TJPE/09/G1/TJPE41034202109231632356357060;False;2021-09-22 21:19:17.076;Erro no arquivo
39;650415290;TJPE37700202109231632356355109;da4583b8f89406f78afbf60a09708f8c8a56a2ae2aa4e749b2fc09ac7e10931b;7;1632356355130;;0;0;0;TJPE;G1;;2021/TJPE/09/G1/TJPE37700202109231632356355109;False;2021-09-22 21:19:15.130;Erro no arquivo
0;650415286;TJPE76884202109231632356352791;f5376ece6dce6ddd98f961dd1045254311b6e8751d5ab1a0aae0acfc93ca6965;7;1632356352799;;0;0;0;TJPE;G1;;2021/TJPE/09/G1/TJPE76884202109231632356352791;False;2021-09-22 21:19:12.799;Erro no arquivo
1;650415282;TJPE14448202109231632356350498;2a49287a77cadcb41f6212d65aea862543e41a7b76b75ad0c586c392a59ce3fd;7;1632356350506;;0;0;0;TJPE;G1;;2021/TJPE/09/G1/TJPE14448202109231632356350498;False;2021-09-22 21:19:10.506;Erro no arquivo
2;650415275;TJPE20109202109231632356348159;6a1dce9a104c831b9ce7d45983de3895685314582b57e053eecb885541bf181d;7;1632356348168;;0;0;0;TJPE;G1;;2021/TJPE/09/G1/TJPE20109202109231632356348159;False;2021-09-22 21:19:08.168;Erro no arquivo
3;650415269;TJPE75254202109231632356346047;4a0fa0fd42a1b5e1fb433e48cf3de1e334619e77302068daa83c55d2fd5b8c4c;7;1632356346063;;0;0;0;TJPE;G1;;2021/TJPE/09/G1/TJPE75254202109231632356346047;False;2021-09-22 21:19:06.063;Erro no arquivo
4;650415264;TJPE24149202109231632356343512;790530b6847b3e9a718d17d7be7e19deb279e8aec0f3178ba32d82b580b926e0;7;1632356343524;;0;0;0;TJPE;G1;;2021/TJPE/09/G1/TJPE24149202109231632356343512;False;2021-09-22 21:19:03.524;Erro no arquivo
5;650415254;TJPE77841202109231632356341279;c0cbca1cd9c0631e6795b66eec413cffa3d3446c7d8d19cc63741f188f82de13;3;1632356341289;;100;100;0;TJPE;JE;1262942.0;2021/TJPE/09/JE/TJPE77841202109231632356341279;False;2021-09-22 21:19:01.289;Processado com sucesso
6;650415250;TJPE74753202109231632356338655;17a620a1af0151f1b843202833383ca33eab20d7871ac6efbcd0e1ddd0cede7a;7;1632356338666;;0;0;0;TJPE;G1;;2021/TJPE/09/G1/TJPE74753202109231632356338655;False;2021-09-22 21:18:58.666;Erro no arquivo
7;650415244;TJPE95636202109231632356335732;5b3fbfca8793a8853f48532ef0f7badc25c5feb14d57e6ea44fb0d5071c542cb;7;1632356335741;;0;0;0;TJPE;G1;;2021/TJPE/09/G1/TJPE95636202109231632356335732;False;2021-09-22 21:18:55.741;Erro no arquivo
8;650415236;TJPE84666202109231632356333099;d82d8dff7fd3c3fe07e50e08965c4126aafc7f92e7991f9a1a0db55bbccebba7;7;1632356333116;;0;0;0;TJPE;G1;;2021/TJPE/09/G1/TJPE84666202109231632356333099;False;2021-09-22 21:18:53.116;Erro no arquivo
9;650415219;TJPE84704202109231632356329960;fce41a6d87d3b2e2713991c07661b3088122cb6938ddaf46d77fc3e23ebbe733;7;1632356329969;;0;0;0;TJPE;G1;;2021/TJPE/09/G1/TJPE84704202109231632356329960;False;2021-09-22 21:18:49.969;Erro no arquivo
10;650415214;TJPE23136202109231632356327493;639876844bf1442fa1e4df639e494f1d0c07d39f388ff2b47738fc65cc758110;3;1632356327500;;92;92;0;TJPE;G1;978575.0;2021/TJPE/09/G1/TJPE23136202109231632356327493;False;2021-09-22 21:18:47.500;Processado com sucesso
11;650415197;TJPE45410202109231632356319663;d195e2bb8d2def8fda8a73f1e500abddb707c13794320920ce706ddb67e2e7bc;3;1632356319672;;100;100;0;TJPE;JE;1109669.0;2021/TJPE/09/JE/TJPE45410202109231632356319663;False;2021-09-22 21:18:39.672;Processado com sucesso
12;650415185;TJPE24996202109231632356314862;a013e65cf8bc02be0368685daf7cc936f23b4bb180b449d2de2a08175565993b;7;1632356314876;;0;0;0;TJPE;G1;;2021/TJPE/09/G1/TJPE24996202109231632356314862;False;2021-09-22 21:18:34.876;Erro no arquivo
13;650415159;TJPE17652202109231632356305981;b561c31bdefffe43b08b6a7457e8b663dae59b1035724831f910848a8778cfec;7;1632356305995;;0;0;0;TJPE;G1;;2021/TJPE/09/G1/TJPE17652202109231632356305981;False;2021-09-22 21:18:25.995;Erro no arquivo
14;650415139;TJPE18970202109231632356300318;5a7b2f0384dae0b0b7d5008aa587690ca885c32dd9cd96bce647f998c28b147f;7;1632356300327;;0;0;0;TJPE;G1;;2021/TJPE/09/G1/TJPE18970202109231632356300318;False;2021-09-22 21:18:20.327;Erro no arquivo
15;650415129;TJPE23695202109231632356296656;acbd76a4e7c247f4bd76f1bea5f760ec2b5fc2a0de79de02e56e6227d9aec0df;7;1632356296664;;0;0;0;TJPE;G1;;2021/TJPE/09/G1/TJPE23695202109231632356296656;False;2021-09-22 21:18:16.664;Erro no arquivo
16;650415119;TJPE91737202109231632356291312;faae6079e377805eb5139de1a95d75e878fe8689837013e292f997b64c713bd7;7;1632356291325;;0;0;0;TJPE;G1;;2021/TJPE/09/G1/TJPE91737202109231632356291312;False;2021-09-22 21:18:11.325;Erro no arquivo
17;650415091;TJPE69064202109231632356283326;a40aa9f82ac8f0f22e2c713d98a879f12d071395e220341e0fc98372f20bdf42;3;1632356283340;;92;92;0;TJPE;G1;1113104.0;2021/TJPE/09/G1/TJPE69064202109231632356283326;False;2021-09-22 21:18:03.340;Processado com sucesso
18;650415083;TJPE46596202109231632356279957;848c801dca8e3204060ab9ecafcb41a95b081e5a41f1a1d690c9f40236634ee1;7;1632356279969;;0;0;0;TJPE;G1;;2021/TJPE/09/G1/TJPE46596202109231632356279957;False;2021-09-22 21:17:59.969;Erro no arquivo
19;650415045;TJPE52984202109231632356271266;9da3c1081235e6e7b2c2be77f79a09686de5dcbf7b4546ab120e02101588ab72;7;1632356271275;;0;0;0;TJPE;G1;;2021/TJPE/09/G1/TJPE52984202109231632356271266;False;2021-09-22 21:17:51.275;Erro no arquivo
20;650415024;TJPE44918202109231632356262712;71cc76c9932111a3837c0cfa257ce4badefcb42765d207ddecb3561a89edc677;3;1632356262721;;94;94;0;TJPE;G1;1153755.0;2021/TJPE/09/G1/TJPE44918202109231632356262712;False;2021-09-22 21:17:42.721;Processado com sucesso
21;650415009;TJPE74927202109231632356256330;91ed45bcd48a02bd52de73ca8845f03a9659b738511d375d2e38743e148c7d44;7;1632356256341;;0;0;0;TJPE;G1;;2021/TJPE/09/G1/TJPE74927202109231632356256330;False;2021-09-22 21:17:36.341;Erro no arquivo
22;650414993;TJPE32199202109231632356249340;e52253b4bd292120702682ac38f9085a0fdc0dc257df3898e0beca3e4ee2ca8e;7;1632356249365;;0;0;0;TJPE;G1;;2021/TJPE/09/G1/TJPE32199202109231632356249340;False;2021-09-22 21:17:29.365;Erro no arquivo
23;650414982;TJPE92752202109231632356245427;0658abc16fa5f33edf3d8d8e877333983e28a620d8a95b8333a620924396a45e;7;1632356245431;;0;0;0;TJPE;G1;;2021/TJPE/09/G1/TJPE92752202109231632356245427;False;2021-09-22 21:17:25.431;Erro no arquivo
24;650414971;TJPE43627202109231632356241185;64d094537e3e4b8c2ba29ecba4c382d60e7d73b0f93ce5043d264ddce9043b16;7;1632356241199;;0;0;0;TJPE;G1;;2021/TJPE/09/G1/TJPE43627202109231632356241185;False;2021-09-22 21:17:21.199;Erro no arquivo
25;650414956;TJPE32778202109231632356236059;89ef7148b0f940f5ca43bd0f7dcb2583df09ae4f4a7dcf652e210cec7aad58c4;3;1632356236067;;100;100;0;TJPE;JE;1148203.0;2021/TJPE/09/JE/TJPE32778202109231632356236059;False;2021-09-22 21:17:16.067;Processado com sucesso
26;650414947;TJPE41685202109231632356231056;c3a13c3cb1ee8de25634df4903f1c6a1726070b18dcf5b27f2f14bed0c9a9917;7;1632356231065;;0;0;0;TJPE;G1;;2021/TJPE/09/G1/TJPE41685202109231632356231056;False;2021-09-22 21:17:11.065;Erro no arquivo
27;650414934;TJPE22699202109231632356224890;f5f20fbb8e3383391f1da2df8a1d81f42963c30a25e4b47ca2353935268ff029;7;1632356224901;;0;0;0;TJPE;G1;;2021/TJPE/09/G1/TJPE22699202109231632356224890;False;2021-09-22 21:17:04.901;Erro no arquivo
28;650414924;TJPE52310202109231632356220526;9962a4995fd0e5ca2afe9c92a593687d42b3c6858a8f77f3619af9713f146fa2;7;1632356220533;;0;0;0;TJPE;G1;;2021/TJPE/09/G1/TJPE52310202109231632356220526;False;2021-09-22 21:17:00.533;Erro no arquivo
29;650414911;TJPE64682202109231632356215757;acc8b661dd6388c5ec0db382d8a465570b1c07ed8e2a55f3acccaa20872e4657;7;1632356215771;;0;0;0;TJPE;G1;;2021/TJPE/09/G1/TJPE64682202109231632356215757;False;2021-09-22 21:16:55.771;Erro no arquivo
30;650414882;TJPE58419202109231632356208066;6b84710b05332ca415108e4b8e83a7cc4baab931d6d7ab019a4e08ecf3d0ea7b;7;1632356208077;;0;0;0;TJPE;G1;;2021/TJPE/09/G1/TJPE58419202109231632356208066;False;2021-09-22 21:16:48.077;Erro no arquivo
31;650414872;TJPE31081202109231632356204664;8c7ec21a20c957c0caedf79b72cb870157aa6e1e321ef947986a242993308600;3;1632356204674;;100;100;0;TJPE;JE;1271805.0;2021/TJPE/09/JE/TJPE31081202109231632356204664;False;2021-09-22 21:16:44.674;Processado com sucesso
32;650414852;TJPE94338202109231632356197465;6c664c8df35035e834948ecdedae44312c6f40ff3fcd8b0e1dfd8ef7e38e6c1c;7;1632356197472;;0;0;0;TJPE;G1;;2021/TJPE/09/G1/TJPE94338202109231632356197465;False;2021-09-22 21:16:37.472;Erro no arquivo
33;650414847;TJPE44525202109231632356195276;a8ab1aa354a982c95299c92e2e772636e1cd7273685b4a575d74e536cabb082c;7;1632356195284;;0;0;0;TJPE;G1;;2021/TJPE/09/G1/TJPE44525202109231632356195276;False;2021-09-22 21:16:35.284;Erro no arquivo
34;650414841;TJPE99053202109231632356192903;74d3e38dac47eb6eb3c5692e3b10ba5e7305dcc136e54880e70d03d96457238f;7;1632356192923;;0;0;0;TJPE;G1;;2021/TJPE/09/G1/TJPE99053202109231632356192903;False;2021-09-22 21:16:32.923;Erro no arquivo
35;650414833;TJPE66517202109231632356190622;24f99fc72164ceb0fb1e39184cb5c73e2ac4669851a12188379fe0021bf58452;7;1632356190632;;0;0;0;TJPE;G1;;2021/TJPE/09/G1/TJPE66517202109231632356190622;False;2021-09-22 21:16:30.632;Erro no arquivo
36;650414826;TJPE26086202109231632356188099;3264de766cf968882bd9231e3ccad300e63c14610fa33a737f89db9706bd50f7;7;1632356188108;;0;0;0;TJPE;G1;;2021/TJPE/09/G1/TJPE26086202109231632356188099;False;2021-09-22 21:16:28.108;Erro no arquivo
37;650414820;TJPE10951202109231632356185528;a49c2c73ef1342d8eadec037d785fb59efa7965d4aba9c8bced70c2d2b0397a6;7;1632356185553;;0;0;0;TJPE;G1;;2021/TJPE/09/G1/TJPE10951202109231632356185528;False;2021-09-22 21:16:25.553;Erro no arquivo
38;650414813;TJPE53852202109231632356183099;e63e398d8d686f859e7310e509b329fe9dfe784c2da6034bdac8225a7fc37728;3;1632356183114;;100;100;0;TJPE;G1;1873840.0;2021/TJPE/09/G1/TJPE53852202109231632356183099;False;2021-09-22 21:16:23.114;Processado com sucesso
39;650414804;TJPE80081202109231632356179943;0c745443e029022b8a0314aef10214fb150dc64969c5af4c38f9f2e027b48885;7;1632356179955;;0;0;0;TJPE;G1;;2021/TJPE/09/G1/TJPE80081202109231632356179943;False;2021-09-22 21:16:19.955;Erro no arquivo
0;650414798;TJPE79162202109231632356177719;7272766b6c060875785706e13c37461d3a759fe8d4cc3acc65360680664ba9bc;3;1632356177728;;100;100;0;TJPE;JE;1180673.0;2021/TJPE/09/JE/TJPE79162202109231632356177719;False;2021-09-22 21:16:17.728;Processado com sucesso
1;650414785;TJPE72399202109231632356175003;9be115ac70d7f4e54142dee6cd167b38dfcc43486a9ed5920704e4a97e4d19c5;7;1632356175010;;0;0;0;TJPE;G1;;2021/TJPE/09/G1/TJPE72399202109231632356175003;False;2021-09-22 21:16:15.010;Erro no arquivo
2;650414776;TJPE95093202109231632356170895;f04a38b5c2408b65758d83d6685926d392da1f8938d4460455af5422e4f20bea;7;1632356170903;;0;0;0;TJPE;G1;;2021/TJPE/09/G1/TJPE95093202109231632356170895;False;2021-09-22 21:16:10.903;Erro no arquivo
3;650414763;TJPE37264202109231632356168484;3debd77f025472383880c61027344546c632dd3c2d72520dd88445cd36288976;7;1632356168494;;0;0;0;TJPE;G1;;2021/TJPE/09/G1/TJPE37264202109231632356168484;False;2021-09-22 21:16:08.494;Erro no arquivo
4;650414751;TJPE56740202109231632356165496;8075d800c1554e21062a5363b0edd1620b550c34b374da55f6128710b4cf7236;7;1632356165521;;0;0;0;TJPE;G1;;2021/TJPE/09/G1/TJPE56740202109231632356165496;False;2021-09-22 21:16:05.521;Erro no arquivo
5;650414732;TJPE68990202109231632356159433;913f43b5c521a05ec71be54fe2a48f47ef5d0ab5231e9a2044c86c8e84529fd6;7;1632356159441;;0;0;0;TJPE;G1;;2021/TJPE/09/G1/TJPE68990202109231632356159433;False;2021-09-22 21:15:59.441;Erro no arquivo
6;650414716;TJPE70255202109231632356154588;6633b0a7467d604e494040a36e24f6fd82053a4b5972137b43134f1d9fc80884;7;1632356154595;;0;0;0;TJPE;G1;;2021/TJPE/09/G1/TJPE70255202109231632356154588;False;2021-09-22 21:15:54.595;Erro no arquivo
7;650414696;TJPE80046202109231632356148496;bbf297e2a5c57798d9e358a4c16eccb0cac253a87c062ade7c607abbd94256c7;7;1632356148502;;0;0;0;TJPE;G1;;2021/TJPE/09/G1/TJPE80046202109231632356148496;False;2021-09-22 21:15:48.502;Erro no arquivo
8;650414687;TJPE53992202109231632356144373;b50b7cae5817ccbbf3da34912f5c0c8e7bdd44495e8a61d95a39c3e9e1c580f6;7;1632356144382;;0;0;0;TJPE;G1;;2021/TJPE/09/G1/TJPE53992202109231632356144373;False;2021-09-22 21:15:44.382;Erro no arquivo
9;650414674;TJPE50390202109231632356139353;1a85f77ebb3d3b36b7fc98f219845e435a9d165cac657f4b8670443dfa94280d;7;1632356139360;;0;0;0;TJPE;G1;;2021/TJPE/09/G1/TJPE50390202109231632356139353;False;2021-09-22 21:15:39.360;Erro no arquivo
10;650414659;TJPE57886202109231632356134535;658ae7556e0fd996c8e959b562b3427f339bd50b6d59a38e152ef4de238b5e79;7;1632356134544;;0;0;0;TJPE;G1;;2021/TJPE/09/G1/TJPE57886202109231632356134535;False;2021-09-22 21:15:34.544;Erro no arquivo
11;650414650;TJPE10649202109231632356132281;b685f41e5b483c272e96eec702a6163da3c2401f180f4ee1fc647b9cb572267a;7;1632356132295;;0;0;0;TJPE;G1;;2021/TJPE/09/G1/TJPE10649202109231632356132281;False;2021-09-22 21:15:32.295;Erro no arquivo
12;650414644;TJPE87541202109231632356129586;c73135e3206c4f088178af9859736dafcd8f671a90037cb5f847978787b15741;7;1632356129597;;0;0;0;TJPE;G1;;2021/TJPE/09/G1/TJPE87541202109231632356129586;False;2021-09-22 21:15:29.597;Erro no arquivo
13;650414636;TJPE56115202109231632356126382;c79e7c2284d87a7721c08fcc4bc09c0372dfcd25244077313697ac15d6e8f725;7;1632356126390;;0;0;0;TJPE;G1;;2021/TJPE/09/G1/TJPE56115202109231632356126382;False;2021-09-22 21:15:26.390;Erro no arquivo
14;650414575;TJPE88154202109231632356110556;77e6c35e3edef9bb7a91fd8abca8ed904dd625b587dc00273a4ce0c6aa286493;7;1632356110562;;0;0;0;TJPE;G1;;2021/TJPE/09/G1/TJPE88154202109231632356110556;False;2021-09-22 21:15:10.562;Erro no arquivo
15;650414563;TJPE52644202109231632356108459;17551ec7e6f50c5e11a85e0dc4a036c543bd3bed5b35db9103e6829c58fe059a;7;1632356108474;;0;0;0;TJPE;G1;;2021/TJPE/09/G1/TJPE52644202109231632356108459;False;2021-09-22 21:15:08.474;Erro no arquivo
16;650414548;TJPE47978202109231632356105764;7ad05e4630461df6a34d46a15a015b7b3ead88332240ba8b3c57b45f40879515;7;1632356105774;;0;0;0;TJPE;G1;;2021/TJPE/09/G1/TJPE47978202109231632356105764;False;2021-09-22 21:15:05.774;Erro no arquivo
17;650414538;TJPE21736202109231632356103792;3605f009563d340119b3bcc062c313625e128012db5b124f12d63e225da10ea6;7;1632356103802;;0;0;0;TJPE;G1;;2021/TJPE/09/G1/TJPE21736202109231632356103792;False;2021-09-22 21:15:03.802;Erro no arquivo
18;650414508;TJPE71439202109231632356094899;c5f5e15686fbd41b21c1e92e5bd9e23807b3659a349d9bbc61ec4ab078b4e15e;7;1632356094917;;0;0;0;TJPE;G1;;2021/TJPE/09/G1/TJPE71439202109231632356094899;False;2021-09-22 21:14:54.917;Erro no arquivo
19;650414491;TJPE75569202109231632356089930;6de3054c26a24a992bde42cde2450879ebf605c67121c9f9596fbc4816a2e361;7;1632356089940;;0;0;0;TJPE;G1;;2021/TJPE/09/G1/TJPE75569202109231632356089930;False;2021-09-22 21:14:49.940;Erro no arquivo
20;650414473;TJPE71065202109231632356084559;35a670a7d10b3ebd4ab0d56705602c77277d5b7c66e0dfb71ae5dfc72bd8e0a2;7;1632356084568;;0;0;0;TJPE;G1;;2021/TJPE/09/G1/TJPE71065202109231632356084559;False;2021-09-22 21:14:44.568;Erro no arquivo
21;650414458;TJPE48870202109231632356081310;7aebe0c111b58150e2c7adbd7d737071b1b1e4862ee16e8747c46bb2dfe5e5b2;3;1632356081317;;100;100;0;TJPE;JE;977715.0;2021/TJPE/09/JE/TJPE48870202109231632356081310;False;2021-09-22 21:14:41.317;Processado com sucesso
22;650414434;TJPE11604202109231632356076883;c7cd81f9d8d43e16f00f713be7e1f5000f8a3c26463165537b246701cbbaf37d;3;1632356076917;;100;100;0;TJPE;G1;1652813.0;2021/TJPE/09/G1/TJPE11604202109231632356076883;False;2021-09-22 21:14:36.917;Processado com sucesso
23;650414410;TJPE43161202109231632356070772;74af8d600e13774b06b0fc869a09dc3c4b23caac17ad1e5af22d5971fe8efb22;7;1632356070786;;0;0;0;TJPE;G1;;2021/TJPE/09/G1/TJPE43161202109231632356070772;False;2021-09-22 21:14:30.786;Erro no arquivo
24;650414384;TJPE76401202109231632356063006;60a39e4ce16f5f6643ee72526b970ec22d354eb8acfe62b1fb755196ebfb9451;7;1632356063013;;0;0;0;TJPE;G1;;2021/TJPE/09/G1/TJPE76401202109231632356063006;False;2021-09-22 21:14:23.013;Erro no arquivo
25;650414362;TJPE86610202109231632356055010;deceb39e1d4209b3c88408b9d61b62e7644945cd5fab72eac3cc0c2927fa9fce;7;1632356055021;;0;0;0;TJPE;G1;;2021/TJPE/09/G1/TJPE86610202109231632356055010;False;2021-09-22 21:14:15.021;Erro no arquivo
26;650414344;TJPE47148202109231632356048569;52c7d65647be3c7883aacaf06f3ce2629f63f393a19b4c81a1660191e6789e86;7;1632356048584;;0;0;0;TJPE;G1;;2021/TJPE/09/G1/TJPE47148202109231632356048569;False;2021-09-22 21:14:08.584;Erro no arquivo
27;650414332;TJPE45844202109231632356042111;1896a90178db32b2f4f88081e7e9259b73e4a26043a7271ad70227d5ec55702a;7;1632356042119;;0;0;0;TJPE;G1;;2021/TJPE/09/G1/TJPE45844202109231632356042111;False;2021-09-22 21:14:02.119;Erro no arquivo
28;650414317;TJPE41515202109231632356037381;cea74cdda76a8a6d50edc489c50e08a3e369fe1e1d7068acfbb4b1bfe88fa24c;3;1632356037399;;100;100;0;TJPE;G1;1589324.0;2021/TJPE/09/G1/TJPE41515202109231632356037381;False;2021-09-22 21:13:57.399;Processado com sucesso
29;650414300;TJPE36307202109231632356030829;f15bf722bafc7b968354de1df86f32cf788cd02a3a3b8324ba4af715de4c6b66;7;1632356030837;;0;0;0;TJPE;G1;;2021/TJPE/09/G1/TJPE36307202109231632356030829;False;2021-09-22 21:13:50.837;Erro no arquivo
30;650414279;TJPE11724202109231632356023261;2531a26f3e148c198493d670854450ee6d886b9bc3aacb5cf078e3fd511404a5;7;1632356023274;;0;0;0;TJPE;G1;;2021/TJPE/09/G1/TJPE11724202109231632356023261;False;2021-09-22 21:13:43.274;Erro no arquivo
31;650414255;TJPE75783202109231632356015956;db15d5af2595e424604293717386394aef1192036a1cbd4bcecab94fbe801edb;7;1632356015974;;0;0;0;TJPE;G1;;2021/TJPE/09/G1/TJPE75783202109231632356015956;False;2021-09-22 21:13:35.974;Erro no arquivo
32;650414233;TJPE33641202109231632356007464;c1d1eb4347eefd00cb8357748d19e6e1cc7ca7858c67adbe38e24c97ffe28182;7;1632356007472;;0;0;0;TJPE;G1;;2021/TJPE/09/G1/TJPE33641202109231632356007464;False;2021-09-22 21:13:27.472;Erro no arquivo
33;650414219;TJPE59721202109231632356002804;964431752a38f76cf44aedec0c22e1d7dd83151647a9bce328acfb3bbd72f717;3;1632356002817;;100;100;0;TJPE;JE;1109467.0;2021/TJPE/09/JE/TJPE59721202109231632356002804;False;2021-09-22 21:13:22.817;Processado com sucesso
34;650414214;TJPE54932202109231632356000324;2c0b38d0e93ac4fda6204e2f84d897474f4b642654ee8b8557e233b708ab33b3;7;1632356000336;;0;0;0;TJPE;G1;;2021/TJPE/09/G1/TJPE54932202109231632356000324;False;2021-09-22 21:13:20.336;Erro no arquivo
35;650414200;TJPE44012202109231632355997495;093740931c9eafbbd61f1e6a9ee6b1d5056cbbe90593dfd45e194622fe51109b;3;1632355997504;;100;100;0;TJPE;JE;1165543.0;2021/TJPE/09/JE/TJPE44012202109231632355997495;False;2021-09-22 21:13:17.504;Processado com sucesso
36;650414194;TJPE52218202109231632355995183;2ae24a01d1a94c3b7cf8337b5edf80093505ee475791488f6128cf07402d2dc9;7;1632355995203;;0;0;0;TJPE;G1;;2021/TJPE/09/G1/TJPE52218202109231632355995183;False;2021-09-22 21:13:15.203;Erro no arquivo
37;650414186;TJPE49931202109231632355992131;d659c2628cfe7d9b33ab6cdfded124ab6f76c34e6cdf6c5358c3eaa34750726d;7;1632355992146;;0;0;0;TJPE;JE;;2021/TJPE/09/JE/TJPE49931202109231632355992131;False;2021-09-22 21:13:12.146;Erro no arquivo
38;650414175;TJPE61787202109231632355989511;da253a8814f3500d2f27e1c38670d29eaed811ab7e939d884668c58446ea23df;7;1632355989523;;0;0;0;TJPE;G1;;2021/TJPE/09/G1/TJPE61787202109231632355989511;False;2021-09-22 21:13:09.523;Erro no arquivo
39;650414166;TJPE79210202109231632355986869;e407f188664d410bb0c14d0fc029eb89d647a0348f36df78a17c3997261feff3;7;1632355986883;;0;0;0;TJPE;G1;;2021/TJPE/09/G1/TJPE79210202109231632355986869;False;2021-09-22 21:13:06.883;Erro no arquivo
0;650414158;TJPE40673202109231632355984511;89503d941c401487ccf8c1e089ac91e3b81c37607e6257dbc146779f58acf8be;7;1632355984519;;0;0;0;TJPE;G1;;2021/TJPE/09/G1/TJPE40673202109231632355984511;False;2021-09-22 21:13:04.519;Erro no arquivo
1;650414150;TJPE88458202109231632355982422;e948f4bac7b9df3d63b068e8dee21412ca593fef7fdbb35f5b7c8407a621dd1c;7;1632355982431;;0;0;0;TJPE;G1;;2021/TJPE/09/G1/TJPE88458202109231632355982422;False;2021-09-22 21:13:02.431;Erro no arquivo
2;650414141;TJPE34486202109231632355980276;8b385144e59339ef9a55ca704696aa254dcdcf5ef6704259b7c14aa125d64834;3;1632355980286;;100;100;0;TJPE;JE;1202096.0;2021/TJPE/09/JE/TJPE34486202109231632355980276;False;2021-09-22 21:13:00.286;Processado com sucesso
3;650414135;TJPE40042202109231632355977801;799b47480191c4c4c64a6eb449096268fbabfe18eaf2c0f5f7297fdea8fe0c97;7;1632355977805;;0;0;0;TJPE;G1;;2021/TJPE/09/G1/TJPE40042202109231632355977801;False;2021-09-22 21:12:57.805;Erro no arquivo
4;650414131;TJPE47623202109231632355976110;4e0a762ffdb78b247cb93ea260fec9dae99370dade5a409db38ea822a7099010;7;1632355976125;;0;0;0;TJPE;G1;;2021/TJPE/09/G1/TJPE47623202109231632355976110;False;2021-09-22 21:12:56.125;Erro no arquivo
5;650414128;TJPE34609202109231632355974215;71f859cd4eaf0030d5af6037cfafe1f038a0e20ce90d3b876844d7febeed30c9;7;1632355974221;;0;0;0;TJPE;G1;;2021/TJPE/09/G1/TJPE34609202109231632355974215;False;2021-09-22 21:12:54.221;Erro no arquivo
6;650414124;TJPE42530202109231632355971968;4a00cdafa256ec186c5acc49c064f5808d1a57655a0c5116e2075018ebcd00be;7;1632355971980;;0;0;0;TJPE;G1;;2021/TJPE/09/G1/TJPE42530202109231632355971968;False;2021-09-22 21:12:51.980;Erro no arquivo
7;650414101;TJPE69133202109231632355966695;cda1ef30caf3ab4f16a9845a25d0a62ec78f882c32e93632e87ef590af99f147;7;1632355966709;;0;0;0;TJPE;G1;;2021/TJPE/09/G1/TJPE69133202109231632355966695;False;2021-09-22 21:12:46.709;Erro no arquivo
8;650414083;TJPE80267202109231632355959700;5fc4d76a621d2d756778619fe2b54010c0d3e2d70c7384d175f9851b5b2be5dc;7;1632355959712;;0;0;0;TJPE;G1;;2021/TJPE/09/G1/TJPE80267202109231632355959700;False;2021-09-22 21:12:39.712;Erro no arquivo
9;650414067;TJPE89083202109231632355955768;d46075cb16b62f873af99c3c32dc28f513c34b5b332f0eb96d134d18a4acd66a;7;1632355955777;;0;0;0;TJPE;G1;;2021/TJPE/09/G1/TJPE89083202109231632355955768;False;2021-09-22 21:12:35.777;Erro no arquivo
10;650414037;TJPE37033202109231632355948556;cfd2316b7dd6e48e91f0f158ee29919c5b91e80ab713d07bbf9b992eb5b43ce7;3;1632355948569;;100;100;0;TJPE;JE;1055160.0;2021/TJPE/09/JE/TJPE37033202109231632355948556;False;2021-09-22 21:12:28.569;Processado com sucesso
11;650414008;TJPE51088202109231632355940013;a2c9e011a8398e9f11975b4d192197c595d6a6fab4e3bf21f91b2303b8e988d9;7;1632355940021;;0;0;0;TJPE;G1;;2021/TJPE/09/G1/TJPE51088202109231632355940013;False;2021-09-22 21:12:20.021;Erro no arquivo
12;650414002;TJPE65510202109231632355937792;40bdf6c1c19ab138e2b590244edbc01d9a41fa3de420196a7450d645ded052a0;7;1632355937805;;0;0;0;TJPE;G1;;2021/TJPE/09/G1/TJPE65510202109231632355937792;False;2021-09-22 21:12:17.805;Erro no arquivo
13;650413995;TJPE27165202109231632355935207;959fa7f712adca487e207330bab39f3fe8b3e6d6481a2c15a896459999869e6a;7;1632355935215;;0;0;0;TJPE;G1;;2021/TJPE/09/G1/TJPE27165202109231632355935207;False;2021-09-22 21:12:15.215;Erro no arquivo
14;650413987;TJPE70563202109231632355932854;0a2733e86e788a21f0616a31b50f50f924a3336094aadccee4bb0b63577b231a;7;1632355932866;;0;0;0;TJPE;G1;;2021/TJPE/09/G1/TJPE70563202109231632355932854;False;2021-09-22 21:12:12.866;Erro no arquivo
15;650413980;TJPE98445202109231632355930044;6472b9b836699f6f4d14c07bb12bb6f0bb143b96a402d65e1622e152a7570750;7;1632355930053;;0;0;0;TJPE;G1;;2021/TJPE/09/G1/TJPE98445202109231632355930044;False;2021-09-22 21:12:10.053;Erro no arquivo
16;650413971;TJPE19374202109231632355927809;37687f8237b4a35092cb65ec1c4a7be4adf304cd5c19b1ec5d6ee0b18811072f;7;1632355927818;;0;0;0;TJPE;G1;;2021/TJPE/09/G1/TJPE19374202109231632355927809;False;2021-09-22 21:12:07.818;Erro no arquivo
17;650413963;TJPE75091202109231632355925720;15bc12a57e5fdce85139f90d0cf280e5b23478b7949c7712bc45a40e5274534d;7;1632355925729;;0;0;0;TJPE;G1;;2021/TJPE/09/G1/TJPE75091202109231632355925720;False;2021-09-22 21:12:05.729;Erro no arquivo
18;650413954;TJPE51314202109231632355923191;a19931d541f6459ef709570454a007ab92278932a7ee803e11ded9804c4fc457;7;1632355923204;;0;0;0;TJPE;G1;;2021/TJPE/09/G1/TJPE51314202109231632355923191;False;2021-09-22 21:12:03.204;Erro no arquivo
19;650413945;TJPE52167202109231632355920736;814cacc15f8fcb4870c04df4530c03b1320de7daa5781d749544ca8bccd44fe1;7;1632355920750;;0;0;0;TJPE;G1;;2021/TJPE/09/G1/TJPE52167202109231632355920736;False;2021-09-22 21:12:00.750;Erro no arquivo
20;650413939;TJPE26648202109231632355917791;4b3e10947e8d9e0b1bd3af7fad42db4e4ab0040409ab9464283cd80a60d53d70;7;1632355917799;;0;0;0;TJPE;G1;;2021/TJPE/09/G1/TJPE26648202109231632355917791;False;2021-09-22 21:11:57.799;Erro no arquivo
21;650413934;TJPE74232202109231632355915298;7815854ac3a922563ee1d6c58613f122e1e9c29069f3378a9be32e5bd414681d;7;1632355915307;;0;0;0;TJPE;G1;;2021/TJPE/09/G1/TJPE74232202109231632355915298;False;2021-09-22 21:11:55.307;Erro no arquivo
22;650413928;TJPE40678202109231632355912835;8114708ccb402f3ec2dc412ffc7e18bbfd1d42069930275e657f5e08e1413973;3;1632355912844;;100;100;0;TJPE;JE;1170112.0;2021/TJPE/09/JE/TJPE40678202109231632355912835;False;2021-09-22 21:11:52.844;Processado com sucesso
23;650413915;TJPE22471202109231632355910305;7db2230ce6079919419db320c2fc4aebd5175f89ad0049bec82346207003731d;7;1632355910314;;0;0;0;TJPE;G1;;2021/TJPE/09/G1/TJPE22471202109231632355910305;False;2021-09-22 21:11:50.314;Erro no arquivo
24;650413909;TJPE79940202109231632355907871;987e5c5666b849028a2453fb74cf04efcce66633da49cad4432c0237217c422f;7;1632355907879;;0;0;0;TJPE;G1;;2021/TJPE/09/G1/TJPE79940202109231632355907871;False;2021-09-22 21:11:47.879;Erro no arquivo
25;650413885;TJPE58691202109231632355902424;d033f94a9a89db739d65f70a9a7b3b3e274c661f51d13a534e0decb74e673f11;7;1632355902432;;0;0;0;TJPE;G1;;2021/TJPE/09/G1/TJPE58691202109231632355902424;False;2021-09-22 21:11:42.432;Erro no arquivo
26;650413859;TJPE60407202109231632355895465;38e260658c6d69bc53a28646abbd769d8dbdb1cac41ec8f32ff6ee5dcd56add9;3;1632355895481;;100;100;0;TJPE;G1;786953.0;2021/TJPE/09/G1/TJPE60407202109231632355895465;False;2021-09-22 21:11:35.481;Processado com sucesso
27;650413852;TJPE44801202109231632355890853;143d333a41877cfc76077664c707fe0a2bc1bd3b88ac7849ba75f72590909145;7;1632355890873;;0;0;0;TJPE;G1;;2021/TJPE/09/G1/TJPE44801202109231632355890853;False;2021-09-22 21:11:30.873;Erro no arquivo
28;650413830;TJPE95535202109231632355885446;4ade4bdc70d245f27c2d4d62100efbdd1917cbd987fe9d5b7d565a23a1fb7d72;7;1632355885457;;0;0;0;TJPE;G1;;2021/TJPE/09/G1/TJPE95535202109231632355885446;False;2021-09-22 21:11:25.457;Erro no arquivo
29;650413806;TJPE59390202109231632355877305;7f27468a892d5fb9b5cb710d9873dfa5ee0f77368a66450ccfc060ae8275c888;7;1632355877320;;0;0;0;TJPE;JE;;2021/TJPE/09/JE/TJPE59390202109231632355877305;False;2021-09-22 21:11:17.320;Erro no arquivo
30;650413764;TJPE93040202109231632355866785;1689a9bc647dd939e830a6e7f133cc2301b70317a7159f084bedb1db25509899;7;1632355866793;;0;0;0;TJPE;G1;;2021/TJPE/09/G1/TJPE93040202109231632355866785;False;2021-09-22 21:11:06.793;Erro no arquivo
31;650413725;TJPE26761202109231632355857382;aebbd5227e542e6ea7f8b5f640e96568c1d2bb8faa3e1891faf619537b6bb0cc;7;1632355857391;;0;0;0;TJPE;G1;;2021/TJPE/09/G1/TJPE26761202109231632355857382;False;2021-09-22 21:10:57.391;Erro no arquivo
32;650413706;TJPE55754202109231632355850565;f52353bc89784bd14e3882d1e25d18b736fa779780c8507e7dc5c2720b70dc6a;7;1632355850574;;0;0;0;TJPE;G1;;2021/TJPE/09/G1/TJPE55754202109231632355850565;False;2021-09-22 21:10:50.574;Erro no arquivo
33;650413687;TJPE82701202109231632355844120;21fea30b2d47dc3110c4b9e5cd5bf4bc783f753fdf7047e9b06534e2208d544b;7;1632355844128;;0;0;0;TJPE;G1;;2021/TJPE/09/G1/TJPE82701202109231632355844120;False;2021-09-22 21:10:44.128;Erro no arquivo
34;650413663;TJPE63889202109231632355836783;147ef238017d5cfae8092af0f14a0291b5bd38b43d41079f3a612376df8939bc;7;1632355836797;;0;0;0;TJPE;G1;;2021/TJPE/09/G1/TJPE63889202109231632355836783;False;2021-09-22 21:10:36.797;Erro no arquivo
35;650413631;TJPE43252202109231632355826364;971466d06b64408b6f30483574b9e075eb99dc5e31f7b8895d048fa11101845f;7;1632355826372;;0;0;0;TJPE;G1;;2021/TJPE/09/G1/TJPE43252202109231632355826364;False;2021-09-22 21:10:26.372;Erro no arquivo
36;650413614;TJPE55490202109231632355820696;ce898ab7e8e867110f0da9ef9a7456b0893ede384df3fbea474a6bbc5332b5ad;7;1632355820704;;0;0;0;TJPE;G1;;2021/TJPE/09/G1/TJPE55490202109231632355820696;False;2021-09-22 21:10:20.704;Erro no arquivo
37;650413592;TJPE95813202109231632355812270;db926e5caf581019191d8306ef8927cf51e04c5570dcc98f773e531696636164;3;1632355812278;;100;100;0;TJPE;JE;1013897.0;2021/TJPE/09/JE/TJPE95813202109231632355812270;False;2021-09-22 21:10:12.278;Processado com sucesso
38;650413588;TJPE53756202109231632355809667;c84d53955897fb8b1fad69a4eaff12ec420c60b09f9efa7db3fdf41315aee5ca;7;1632355809689;;0;0;0;TJPE;G1;;2021/TJPE/09/G1/TJPE53756202109231632355809667;False;2021-09-22 21:10:09.689;Erro no arquivo
39;650413582;TJPE38534202109231632355807302;27782a89a857f79e4e39fab48366d36c57b13bbf9f7e468d560a7df7276172e2;7;1632355807310;;0;0;0;TJPE;G1;;2021/TJPE/09/G1/TJPE38534202109231632355807302;False;2021-09-22 21:10:07.310;Erro no arquivo
0;650413575;TJPE21638202109231632355805155;90e82523b1d927dcca2c688482963804f76e5bbe06a9c8ff206bfc99f4838b26;7;1632355805163;;0;0;0;TJPE;G1;;2021/TJPE/09/G1/TJPE21638202109231632355805155;False;2021-09-22 21:10:05.163;Erro no arquivo
1;650413569;TJPE55770202109231632355803012;4c645cea20ea97a7d5bb59de989e86ee00fce7be55d4dd6ca0cc46057ab233e7;7;1632355803022;;0;0;0;TJPE;G1;;2021/TJPE/09/G1/TJPE55770202109231632355803012;False;2021-09-22 21:10:03.022;Erro no arquivo
2;650413561;TJPE76430202109231632355800616;5fa6b0e8893b78e2c56c6970609c736b2401f6b94fae9c0836061b755e8744c0;7;1632355800626;;0;0;0;TJPE;G1;;2021/TJPE/09/G1/TJPE76430202109231632355800616;False;2021-09-22 21:10:00.626;Erro no arquivo
3;650413553;TJPE28525202109231632355797605;f50c185d97611f4697a8b97ac9ba408121d8b6b5823527af08e582d96ee0a239;7;1632355797614;;0;0;0;TJPE;G1;;2021/TJPE/09/G1/TJPE28525202109231632355797605;False;2021-09-22 21:09:57.614;Erro no arquivo
4;650413547;TJPE62591202109231632355795375;6cebc91c4bf9272c529b596589d4ecf8959444a85ca439b64db4afd5cab87ea0;3;1632355795387;;100;100;0;TJPE;JE;1063908.0;2021/TJPE/09/JE/TJPE62591202109231632355795375;False;2021-09-22 21:09:55.387;Processado com sucesso
5;650413540;TJPE18055202109231632355793159;60f2829fb53116d57edac065a3f01bf1a0f3e34d79c50565db75c280d5bc2afa;7;1632355793164;;0;0;0;TJPE;G1;;2021/TJPE/09/G1/TJPE18055202109231632355793159;False;2021-09-22 21:09:53.164;Erro no arquivo
6;650413533;TJPE74747202109231632355791310;49315067009534626fa6fb9be02d23fc4efa186a8041d414496d99bfabdbf9e4;7;1632355791320;;0;0;0;TJPE;G1;;2021/TJPE/09/G1/TJPE74747202109231632355791310;False;2021-09-22 21:09:51.320;Erro no arquivo
7;650413525;TJPE41279202109231632355788923;fedc562735d838ea84aca918f7a7ed709a980dd6e5f325e5e31d745e295f11ae;3;1632355788946;;100;100;0;TJPE;JE;1072221.0;2021/TJPE/09/JE/TJPE41279202109231632355788923;False;2021-09-22 21:09:48.946;Processado com sucesso
8;650413516;TJPE82355202109231632355786496;41c82f5d811d6549d4294e960533bd72ba2844415f0f360a882d4b3d94f83896;7;1632355786504;;0;0;0;TJPE;G1;;2021/TJPE/09/G1/TJPE82355202109231632355786496;False;2021-09-22 21:09:46.504;Erro no arquivo
9;650413508;TJPE47066202109231632355784187;98974f952b4e1199495ec7ef552d7d62843aba53bf8d20f4951855c1902d1aac;7;1632355784196;;0;0;0;TJPE;G1;;2021/TJPE/09/G1/TJPE47066202109231632355784187;False;2021-09-22 21:09:44.196;Erro no arquivo
10;650413501;TJPE65496202109231632355781888;fed2eb31a6349e6c0caea6bc5d7a079c7dcee10501d6d19b4b81f20368a2c804;7;1632355781896;;0;0;0;TJPE;G1;;2021/TJPE/09/G1/TJPE65496202109231632355781888;False;2021-09-22 21:09:41.896;Erro no arquivo
11;650413478;TJPE76372202109231632355773856;1590790473ab5842713899a7f9bfd2b83894806d30fe5d94f224d5486a37cf3d;7;1632355773868;;0;0;0;TJPE;G1;;2021/TJPE/09/G1/TJPE76372202109231632355773856;False;2021-09-22 21:09:33.868;Erro no arquivo
12;650413466;TJPE91599202109231632355768690;fd85f8942de87d91bb9b8be7e4aad4926b47f74151865e95bfde8fae9a992150;7;1632355768701;;0;0;0;TJPE;G1;;2021/TJPE/09/G1/TJPE91599202109231632355768690;False;2021-09-22 21:09:28.701;Erro no arquivo
13;650413437;TJPE24321202109231632355759011;01e91c60b1add701b4601b6b486bb77030638a1b1862155d27ec93f874d922dc;7;1632355759019;;0;0;0;TJPE;G1;;2021/TJPE/09/G1/TJPE24321202109231632355759011;False;2021-09-22 21:09:19.019;Erro no arquivo
14;650413428;TJPE75990202109231632355754528;ca4aad374e8ef1bdc4d9c46dd452c6e2d089a13819abe6d777b0fe0203bb554a;7;1632355754543;;0;0;0;TJPE;G1;;2021/TJPE/09/G1/TJPE75990202109231632355754528;False;2021-09-22 21:09:14.543;Erro no arquivo
15;650413414;TJPE92694202109231632355748384;068aef3fef61e25f8d50242cb7ac1af54ca482e7891606928ef102580ec23461;7;1632355748403;;0;0;0;TJPE;G1;;2021/TJPE/09/G1/TJPE92694202109231632355748384;False;2021-09-22 21:09:08.403;Erro no arquivo
16;650413403;TJPE73553202109231632355744757;e60562afb43293a5005729a9dbf06ce7f514368ec97fc73493ee3885725bf091;7;1632355744775;;0;0;0;TJPE;G1;;2021/TJPE/09/G1/TJPE73553202109231632355744757;False;2021-09-22 21:09:04.775;Erro no arquivo
17;650413386;TJPE40913202109231632355737863;cf53c6d7afd185fafaf33aa3e18d20260729b2e94dee61319b0174a12d4e7112;7;1632355737872;;0;0;0;TJPE;G1;;2021/TJPE/09/G1/TJPE40913202109231632355737863;False;2021-09-22 21:08:57.872;Erro no arquivo
18;650413363;TJPE16471202109231632355732976;93bff1a913cd6a51c01c83b5ae03c19250c6800f2ce7fa5241a838dd0954c6a8;7;1632355732989;;0;0;0;TJPE;G1;;2021/TJPE/09/G1/TJPE16471202109231632355732976;False;2021-09-22 21:08:52.989;Erro no arquivo
19;650413344;TJPE67826202109231632355727352;9f59a3ff6408f45d94237ec420dc80591a46fd45207673605b344be9143d68c5;7;1632355727358;;0;0;0;TJPE;G1;;2021/TJPE/09/G1/TJPE67826202109231632355727352;False;2021-09-22 21:08:47.358;Erro no arquivo
20;650413320;TJPE13877202109231632355720288;4cd4ac8c4a5a407caf2dc8c8b15bbc8126b2acf670fc0af4a60ac3b6b072a283;7;1632355720302;;0;0;0;TJPE;G1;;2021/TJPE/09/G1/TJPE13877202109231632355720288;False;2021-09-22 21:08:40.302;Erro no arquivo
21;650413305;TJPE54657202109231632355714166;903054315e8973baf1ec941caf9357ca4f84ccf0eb66e10b94b255e25c17af5b;7;1632355714178;;0;0;0;TJPE;G1;;2021/TJPE/09/G1/TJPE54657202109231632355714166;False;2021-09-22 21:08:34.178;Erro no arquivo
22;650413295;TJPE88165202109231632355709455;15bb9ecc04889894d4bd08517351714a8186b81bbe25aa4cca4140a6dcd3b69c;7;1632355709464;;0;0;0;TJPE;G1;;2021/TJPE/09/G1/TJPE88165202109231632355709455;False;2021-09-22 21:08:29.464;Erro no arquivo
23;650413285;TJPE59565202109231632355706206;61adc68b1f6a6f02fa38cc9f7e382364b14d1db352bde7c8864774f07adc8b08;7;1632355706225;;0;0;0;TJPE;G1;;2021/TJPE/09/G1/TJPE59565202109231632355706206;False;2021-09-22 21:08:26.225;Erro no arquivo
24;650413268;TJPE62392202109231632355700464;f8a5bd45db136659e0c50d521994ba22662eb90106fcba8c65b304f240c88477;3;1632355700472;;100;100;0;TJPE;JE;1050053.0;2021/TJPE/09/JE/TJPE62392202109231632355700464;False;2021-09-22 21:08:20.472;Processado com sucesso
25;650413248;TJPE15755202109231632355692840;9c7865a4e8eb639cee951681668c049ebb43a9777e566604a4b1aeaf61c77448;7;1632355692845;;0;0;0;TJPE;G1;;2021/TJPE/09/G1/TJPE15755202109231632355692840;False;2021-09-22 21:08:12.845;Erro no arquivo
26;650413226;TJPE72480202109231632355685934;98b670959c6a20354119560a40b3dc48d22e3e28ac16c3cfa4200b0fbfeb1a1e;3;1632355685942;;100;100;0;TJPE;JE;1037721.0;2021/TJPE/09/JE/TJPE72480202109231632355685934;False;2021-09-22 21:08:05.942;Processado com sucesso
27;650413219;TJPE61705202109231632355683352;a07180ff71832b502c773a592d66977bbd2e4eebb15bfee3bcfb470504f7e455;7;1632355683383;;0;0;0;TJPE;G1;;2021/TJPE/09/G1/TJPE61705202109231632355683352;False;2021-09-22 21:08:03.383;Erro no arquivo
28;650413202;TJPE36372202109231632355679123;a3fd5e5df65f1bbfe115fcde3ad227912933be5db36917bc23b613aa9bf0bf4f;7;1632355679131;;0;0;0;TJPE;G1;;2021/TJPE/09/G1/TJPE36372202109231632355679123;False;2021-09-22 21:07:59.131;Erro no arquivo
29;650413193;TJPE74870202109231632355673776;44af8173815fd1bc65a69677c8b2939d91fdd81b4de66cbcb5fe8fd83b295f84;7;1632355673784;;0;0;0;TJPE;G1;;2021/TJPE/09/G1/TJPE74870202109231632355673776;False;2021-09-22 21:07:53.784;Erro no arquivo
30;650413156;TJPE70680202109231632355664830;b50f76ba2e13fef34195a3cf58612fdcff8f2ad6287f4f7d49c798b8099917ec;7;1632355664836;;0;0;0;TJPE;G1;;2021/TJPE/09/G1/TJPE70680202109231632355664830;False;2021-09-22 21:07:44.836;Erro no arquivo
31;650413148;TJPE45733202109231632355661390;3d67c2d52098b75ec20c85fe487180e0182a258a2083a89aa2d4add969094352;7;1632355661399;;0;0;0;TJPE;G1;;2021/TJPE/09/G1/TJPE45733202109231632355661390;False;2021-09-22 21:07:41.399;Erro no arquivo
32;650413128;TJPE18176202109231632355656468;303e426d3a6c25fe879a3651e4d346d07f2f8bcd3b0650fa4be18fbb01e6f13e;7;1632355656476;;0;0;0;TJPE;G1;;2021/TJPE/09/G1/TJPE18176202109231632355656468;False;2021-09-22 21:07:36.476;Erro no arquivo
33;650413119;TJPE43289202109231632355651979;34e5e45eb61b308bda9dfd4fed877312bdd89ece60e34499c9c0bac8baad9376;3;1632355651993;;100;100;0;TJPE;JE;1198991.0;2021/TJPE/09/JE/TJPE43289202109231632355651979;False;2021-09-22 21:07:31.993;Processado com sucesso
34;650413080;TJPE14437202109231632355632784;5db4f45ea5b9f909343fbfdb920aa3b8487ab98113020441e8e1ab271489772d;7;1632355632792;;0;0;0;TJPE;G1;;2021/TJPE/09/G1/TJPE14437202109231632355632784;False;2021-09-22 21:07:12.792;Erro no arquivo
35;650413066;TJPE87528202109231632355626685;fdb94fdce0144ca945d308482c59ca91d462dc8919d005c14157983798fececf;7;1632355626692;;0;0;0;TJPE;G1;;2021/TJPE/09/G1/TJPE87528202109231632355626685;False;2021-09-22 21:07:06.692;Erro no arquivo
36;650413044;TJPE80418202109231632355622529;a2761e94adaefe71e2046aca511d431f0067a4910ac07317a3b13a41ad849786;7;1632355622543;;0;0;0;TJPE;G1;;2021/TJPE/09/G1/TJPE80418202109231632355622529;False;2021-09-22 21:07:02.543;Erro no arquivo
37;650413029;TJPE57309202109231632355616917;2be1ebeb765ec45268216a6766c48ba0c51ec9588ce2993c5e621d3da39cef5a;3;1632355616931;;100;100;0;TJPE;JE;1125216.0;2021/TJPE/09/JE/TJPE57309202109231632355616917;False;2021-09-22 21:06:56.931;Processado com sucesso
38;650413018;TJPE40161202109231632355612801;043d3113eb6d8ed4af11e2a8673e806ba05354abb4f098ec43df078b3544aef7;7;1632355612809;;0;0;0;TJPE;G1;;2021/TJPE/09/G1/TJPE40161202109231632355612801;False;2021-09-22 21:06:52.809;Erro no arquivo
39;650413000;TJPE91097202109231632355606396;ac5a0cd0aed2ebfa4d740e0e9c6bfeede29f892599368d2a98266543a9dca37e;7;1632355606404;;0;0;0;TJPE;G1;;2021/TJPE/09/G1/TJPE91097202109231632355606396;False;2021-09-22 21:06:46.404;Erro no arquivo
0;650412987;TJPE65341202109231632355600198;6ffc615d433bb953fab771438732c632902540c15ae4aeb0c12d18803ec837af;7;1632355600211;;0;0;0;TJPE;G1;;2021/TJPE/09/G1/TJPE65341202109231632355600198;False;2021-09-22 21:06:40.211;Erro no arquivo
1;650412964;TJPE38125202109231632355593406;e287218e99517cec5e4663789e7c410f60f33efe51ff9260c33c47af7beb22aa;7;1632355593420;;0;0;0;TJPE;G1;;2021/TJPE/09/G1/TJPE38125202109231632355593406;False;2021-09-22 21:06:33.420;Erro no arquivo
2;650412947;TJPE43407202109231632355586044;9e316d22ce15c753b1a6b059a595f6aa0534491f95e91008a55cd387a7681d98;7;1632355586065;;0;0;0;TJPE;G1;;2021/TJPE/09/G1/TJPE43407202109231632355586044;False;2021-09-22 21:06:26.065;Erro no arquivo
3;650412940;TJPE65216202109231632355582333;e8af9929e7556aa005db2334f1d4e9fe15e5442c20c73ad6483c67e080bc67b5;7;1632355582341;;0;0;0;TJPE;G1;;2021/TJPE/09/G1/TJPE65216202109231632355582333;False;2021-09-22 21:06:22.341;Erro no arquivo
4;650412927;TJPE44586202109231632355577301;631cb975a417c9b1e2458faaad49d9392ccda9e7a15ace1a88ad41fc38edad66;3;1632355577312;;100;100;0;TJPE;G1;1391459.0;2021/TJPE/09/G1/TJPE44586202109231632355577301;False;2021-09-22 21:06:17.312;Processado com sucesso
5;650412890;TJPE54407202109231632355566131;3c9af244a9e78c0f53295fe0a5afffdabc57861a5cf51c202a2f39df3f7ddb59;7;1632355566156;;0;0;0;TJPE;G1;;2021/TJPE/09/G1/TJPE54407202109231632355566131;False;2021-09-22 21:06:06.156;Erro no arquivo
6;650412876;TJPE85438202109231632355561572;f5bf827cf66426af84f858821eb1dac1c6954adc802a7fa410e88ae567c57cb9;7;1632355561585;;0;0;0;TJPE;G1;;2021/TJPE/09/G1/TJPE85438202109231632355561572;False;2021-09-22 21:06:01.585;Erro no arquivo
7;650412863;TJPE55935202109231632355556459;5b5451ed307937173c33e2e8701449a58600b4a35ff430d2242e139327c86eeb;7;1632355556473;;0;0;0;TJPE;G1;;2021/TJPE/09/G1/TJPE55935202109231632355556459;False;2021-09-22 21:05:56.473;Erro no arquivo
8;650412841;TJPE39863202109231632355551065;300f8fd7047e92e6f8951078f074033c13ffa343ad9200db0e7783167830b497;7;1632355551076;;0;0;0;TJPE;G1;;2021/TJPE/09/G1/TJPE39863202109231632355551065;False;2021-09-22 21:05:51.076;Erro no arquivo
9;650412818;TJPE97885202109231632355544736;33aa50e076dd5621ea74f06888238e24f8931ceb716fe3a7673ab5bc5ced79d0;3;1632355544752;;100;100;0;TJPE;G1;1358692.0;2021/TJPE/09/G1/TJPE97885202109231632355544736;False;2021-09-22 21:05:44.752;Processado com sucesso
10;650412788;TJPE87388202109231632355533967;2310ecbca87b112363fc06c41bb1f41c8f20a7cfa1505a72ea99b42f1a4ae954;7;1632355533975;;0;0;0;TJPE;G1;;2021/TJPE/09/G1/TJPE87388202109231632355533967;False;2021-09-22 21:05:33.975;Erro no arquivo
11;650412768;TJPE58939202109231632355527130;43dd910732af2e4989ba9666e7d5cc68451f37f55a32fd97b59c4d1bb44e49a8;7;1632355527139;;0;0;0;TJPE;G1;;2021/TJPE/09/G1/TJPE58939202109231632355527130;False;2021-09-22 21:05:27.139;Erro no arquivo
12;650412755;TJPE30496202109231632355522151;59d4d727a56eb67bc13cfae9879417b9d1ab7f5d052d48aa5f9c2c0622115e4a;7;1632355522157;;0;0;0;TJPE;G1;;2021/TJPE/09/G1/TJPE30496202109231632355522151;False;2021-09-22 21:05:22.157;Erro no arquivo
13;650412736;TJPE74274202109231632355515634;99f3c2e148ff412cc01821e8f780e7c3eb42d9abc8525f1391c4a72ed2847dc9;7;1632355515643;;0;0;0;TJPE;G1;;2021/TJPE/09/G1/TJPE74274202109231632355515634;False;2021-09-22 21:05:15.643;Erro no arquivo
14;650412717;TJPE30296202109231632355509040;19166a2c2a42c18e3b926b55eba28eda7257ceeb908b825f054e9511b10831f7;7;1632355509048;;0;0;0;TJPE;G1;;2021/TJPE/09/G1/TJPE30296202109231632355509040;False;2021-09-22 21:05:09.048;Erro no arquivo
15;650412701;TJPE53763202109231632355506222;a6beed26c7501e690d4dacbe6875f5e6509e741a63b6a534b7475575a908db9e;7;1632355506230;;0;0;0;TJPE;G1;;2021/TJPE/09/G1/TJPE53763202109231632355506222;False;2021-09-22 21:05:06.230;Erro no arquivo
16;650412693;TJPE62819202109231632355504466;178c7ffa70ef78f8ce569519d7ba45dcb102622ab5375c28f1aaa845368267c6;7;1632355504477;;0;0;0;TJPE;G1;;2021/TJPE/09/G1/TJPE62819202109231632355504466;False;2021-09-22 21:05:04.477;Erro no arquivo
17;650412681;TJPE72888202109231632355500818;70a757d5b3bb4f2e7ff6997f3c3713b30e89c3bca545cec39e0a238ea5ebe4ff;7;1632355500831;;0;0;0;TJPE;G1;;2021/TJPE/09/G1/TJPE72888202109231632355500818;False;2021-09-22 21:05:00.831;Erro no arquivo
18;650412676;TJPE62868202109231632355498829;d75a986afe240788daaab66e9ffe1fb18d1e21178ae3b289f7bf01e125b67fa1;7;1632355498839;;0;0;0;TJPE;G1;;2021/TJPE/09/G1/TJPE62868202109231632355498829;False;2021-09-22 21:04:58.839;Erro no arquivo
19;650412669;TJPE26548202109231632355496491;cc5c56b240281f1cb4e56781df704889fa6f5dda91d06354e86abad1a6c76df2;3;1632355496500;;100;100;0;TJPE;JE;1187688.0;2021/TJPE/09/JE/TJPE26548202109231632355496491;False;2021-09-22 21:04:56.500;Processado com sucesso
20;650412661;TJPE46743202109231632355493821;00c88985018e03fc94b72f3aa96766da61b2edee1ee7ff66c38aa4d2c5c81d85;7;1632355493829;;0;0;0;TJPE;G1;;2021/TJPE/09/G1/TJPE46743202109231632355493821;False;2021-09-22 21:04:53.829;Erro no arquivo
21;650412649;TJPE52429202109231632355491699;68fbb24be7bfda653c4a402361f9ee124c0791235afc154d40f5ad3f3074d690;7;1632355491706;;0;0;0;TJPE;G1;;2021/TJPE/09/G1/TJPE52429202109231632355491699;False;2021-09-22 21:04:51.706;Erro no arquivo
22;650412642;TJPE13012202109231632355489786;2add59d5d32335b0ce75515b500340d074172f706767c61b8773b5576c75adb3;7;1632355489797;;0;0;0;TJPE;G1;;2021/TJPE/09/G1/TJPE13012202109231632355489786;False;2021-09-22 21:04:49.797;Erro no arquivo
23;650412632;TJPE31929202109231632355485351;c95895fc4efd6b8ff2e14cd0985a88cafa7d85cd12ed93137a3abadace1158f5;7;1632355485363;;0;0;0;TJPE;G1;;2021/TJPE/09/G1/TJPE31929202109231632355485351;False;2021-09-22 21:04:45.363;Erro no arquivo
24;650412621;TJPE22520202109231632355483048;2f92c328583b630a79752ea0d65d645ea8601a333407a34c9319c87dc1e12785;3;1632355483057;;92;92;0;TJPE;G1;1110141.0;2021/TJPE/09/G1/TJPE22520202109231632355483048;False;2021-09-22 21:04:43.057;Processado com sucesso
25;650412607;TJPE24837202109231632355480772;e15d294727bbc1bad6c04caeb3d239e7a950f89a047fd1cb36effaf6f9d335cc;7;1632355480782;;0;0;0;TJPE;G1;;2021/TJPE/09/G1/TJPE24837202109231632355480772;False;2021-09-22 21:04:40.782;Erro no arquivo
26;650412596;TJPE85633202109231632355477912;b4b99c2715585e2b46955f64a20211718e2b83847a2fffe11af1c28eb6dc87a0;7;1632355477940;;0;0;0;TJPE;G1;;2021/TJPE/09/G1/TJPE85633202109231632355477912;False;2021-09-22 21:04:37.940;Erro no arquivo
27;650412588;TJPE47362202109231632355474674;a803520e3d5e026aa68ca6e35ca1a4f1533e73af502d29e4c1e5dbb7675910fb;7;1632355474696;;0;0;0;TJPE;G1;;2021/TJPE/09/G1/TJPE47362202109231632355474674;False;2021-09-22 21:04:34.696;Erro no arquivo
28;650412578;TJPE64943202109231632355471116;ca6a22108567ebc5da1b56b9278d603e19fabcfe2c43292fbd5bec2b45d890cf;7;1632355471125;;0;0;0;TJPE;G1;;2021/TJPE/09/G1/TJPE64943202109231632355471116;False;2021-09-22 21:04:31.125;Erro no arquivo
29;650412567;TJPE30975202109231632355469093;88d1c6f73b4e957c53d9dd9a9964bcbf42b741046b71950b658e52cf172ebe4d;7;1632355469113;;0;0;0;TJPE;G1;;2021/TJPE/09/G1/TJPE30975202109231632355469093;False;2021-09-22 21:04:29.113;Erro no arquivo
30;650412559;TJPE70772202109231632355466604;0d8b7e2cd11daefe0cb67b91e209aadf981ccbcfa075977a12f032a0958f9989;7;1632355466621;;0;0;0;TJPE;G1;;2021/TJPE/09/G1/TJPE70772202109231632355466604;False;2021-09-22 21:04:26.621;Erro no arquivo
31;650412551;TJPE45886202109231632355464361;94785c8f85b68cb74e8604f9283bc8c725589a812958151af8f949c507b38588;7;1632355464368;;0;0;0;TJPE;G1;;2021/TJPE/09/G1/TJPE45886202109231632355464361;False;2021-09-22 21:04:24.368;Erro no arquivo
32;650412543;TJPE60493202109231632355462622;bd35a466eb5717f0f99c96992cea506ad928d8e6f5b6da1dec45e4c1e80de20f;7;1632355462633;;0;0;0;TJPE;G1;;2021/TJPE/09/G1/TJPE60493202109231632355462622;False;2021-09-22 21:04:22.633;Erro no arquivo
33;650412532;TJPE73631202109231632355460177;ed0aba2f9277f070780712ee0814ac15a49e5c4dea7ca49c89e947b76ce05bbd;7;1632355460186;;0;0;0;TJPE;G1;;2021/TJPE/09/G1/TJPE73631202109231632355460177;False;2021-09-22 21:04:20.186;Erro no arquivo
34;650412520;TJPE24717202109231632355458033;02abea13e03d541716cb9d61fa493a05d0908d166e6f2f53176052dab24674d8;7;1632355458041;;0;0;0;TJPE;G1;;2021/TJPE/09/G1/TJPE24717202109231632355458033;False;2021-09-22 21:04:18.041;Erro no arquivo
35;650412516;TJPE21650202109231632355455965;6a5d7d6467c41066a69f25f8fec56ea5a96d229c3e7d3f157003574ea72f8d1c;3;1632355455973;;100;100;0;TJPE;JE;1035891.0;2021/TJPE/09/JE/TJPE21650202109231632355455965;False;2021-09-22 21:04:15.973;Processado com sucesso
36;650412505;TJPE41853202109231632355453263;9e71cb8cacbbb8824855bd858a4e5dc5de40ba641523a28996de77c827679bac;3;1632355453270;;96;96;0;TJPE;G1;929034.0;2021/TJPE/09/G1/TJPE41853202109231632355453263;False;2021-09-22 21:04:13.270;Processado com sucesso
37;650412499;TJPE79999202109231632355450562;e67c5f12e67122ca9976ca1a9565595a2ea8cabbd26bc92a63c74c6ed9bfa03f;3;1632355450573;;94;94;0;TJPE;G1;954544.0;2021/TJPE/09/G1/TJPE79999202109231632355450562;False;2021-09-22 21:04:10.573;Processado com sucesso
38;650412495;TJPE77808202109231632355448408;d4f8c2462075b58ec22e7a23f7b9875751187f42863e66142ad5fa352ee31c70;7;1632355448418;;0;0;0;TJPE;G1;;2021/TJPE/09/G1/TJPE77808202109231632355448408;False;2021-09-22 21:04:08.418;Erro no arquivo
39;650412483;TJPE40341202109231632355446041;ed719daeaf9f04ab12daa5608c06a74fdfbab0ca121979401ba90181b00b71da;3;1632355446048;;96;96;0;TJPE;G1;944070.0;2021/TJPE/09/G1/TJPE40341202109231632355446041;False;2021-09-22 21:04:06.048;Processado com sucesso
0;650412462;TJPE61895202109231632355438033;727d0fd1187ed11bfbcc5b99b8afb4745c5382db3b88415abe82cc6e2cd98660;7;1632355438044;;0;0;0;TJPE;G1;;2021/TJPE/09/G1/TJPE61895202109231632355438033;False;2021-09-22 21:03:58.044;Erro no arquivo
1;650412450;TJPE28579202109231632355433150;dac689dbaa66202c406c41439106112cf66ea13c3c2bc93492bee9487bb2a789;7;1632355433157;;0;0;0;TJPE;G1;;2021/TJPE/09/G1/TJPE28579202109231632355433150;False;2021-09-22 21:03:53.157;Erro no arquivo
2;650412422;TJPE56855202109231632355424670;5bc1b43e77083d754d099ef036547e7662e0eb4cb1640dd51fb347bfd04db445;7;1632355424681;;0;0;0;TJPE;G1;;2021/TJPE/09/G1/TJPE56855202109231632355424670;False;2021-09-22 21:03:44.681;Erro no arquivo
3;650412395;TJPE55452202109231632355418473;021747f5ac56d7d74b075b744ceebca005bbfa4d1b39ab0f0e91455adedcadc8;7;1632355418481;;0;0;0;TJPE;G1;;2021/TJPE/09/G1/TJPE55452202109231632355418473;False;2021-09-22 21:03:38.481;Erro no arquivo
4;650412388;TJPE87943202109231632355415316;9e1bf0fc6052afec2ed89a94265901c6fc72cebda6656a672bdd2593b8bf7b5e;7;1632355415341;;0;0;0;TJPE;G1;;2021/TJPE/09/G1/TJPE87943202109231632355415316;False;2021-09-22 21:03:35.341;Erro no arquivo
5;650412372;TJPE72487202109231632355408713;ad0525ba7d0ad40948ced1b0bd66ba8b05e08fb739c7b867949b357348b975f3;7;1632355408726;;0;0;0;TJPE;G1;;2021/TJPE/09/G1/TJPE72487202109231632355408713;False;2021-09-22 21:03:28.726;Erro no arquivo
6;650412345;TJPE26529202109231632355401410;bfc28e4afb06915c5249466a55a83686036e2e76bb97ec17a251c46cb1f05854;7;1632355401417;;0;0;0;TJPE;G1;;2021/TJPE/09/G1/TJPE26529202109231632355401410;False;2021-09-22 21:03:21.417;Erro no arquivo
7;650412329;TJPE24994202109231632355396179;395f370bb239f18dfc06434c8ae59956bd778f6ef6866755e644a8884da951f5;7;1632355396197;;0;0;0;TJPE;G1;;2021/TJPE/09/G1/TJPE24994202109231632355396179;False;2021-09-22 21:03:16.197;Erro no arquivo
8;650412308;TJPE49403202109231632355389006;9547856fb27c1fcc116ce73a7fd552a384378b75911775fa1251a00edae29541;7;1632355389027;;0;0;0;TJPE;G1;;2021/TJPE/09/G1/TJPE49403202109231632355389006;False;2021-09-22 21:03:09.027;Erro no arquivo
9;650412286;TJPE35939202109231632355382401;378a11f152cea6f39e282f94f05ff2d076512ce43a28228e14df53910d8d2259;7;1632355382423;;0;0;0;TJPE;G1;;2021/TJPE/09/G1/TJPE35939202109231632355382401;False;2021-09-22 21:03:02.423;Erro no arquivo
10;650412279;TJPE82294202109231632355380226;8725554f15e1514a36761b876664c8ddcf8d7d15daf1845d58294abc8d15e993;7;1632355380234;;0;0;0;TJPE;G1;;2021/TJPE/09/G1/TJPE82294202109231632355380226;False;2021-09-22 21:03:00.234;Erro no arquivo
11;650412271;TJPE51833202109231632355376925;8f36d9d28776e69ed9a9d352d5dd5053824c8a52ce22d9dacf6365ce89259107;7;1632355376936;;0;0;0;TJPE;G1;;2021/TJPE/09/G1/TJPE51833202109231632355376925;False;2021-09-22 21:02:56.936;Erro no arquivo
12;650412260;TJPE26477202109231632355373238;052a17edeaa503a3e76a3aac5df61ac9bcc948c68f5c08bd1184e5aaf688722b;7;1632355373248;;0;0;0;TJPE;G1;;2021/TJPE/09/G1/TJPE26477202109231632355373238;False;2021-09-22 21:02:53.248;Erro no arquivo
13;650412244;TJPE78421202109231632355370969;a8f6472d5fd4267dba49f7056b3bd812f87a99cba23714f373893677f2586936;7;1632355370980;;0;0;0;TJPE;G1;;2021/TJPE/09/G1/TJPE78421202109231632355370969;False;2021-09-22 21:02:50.980;Erro no arquivo
14;650412235;TJPE43393202109231632355368919;e410e1ae5f2171a9797265d3c4f0e19dd85cf000ce4520422d6bcb503961e3d7;7;1632355368929;;0;0;0;TJPE;G1;;2021/TJPE/09/G1/TJPE43393202109231632355368919;False;2021-09-22 21:02:48.929;Erro no arquivo
15;650412228;TJPE46000202109231632355366712;f4d792234becc73a7eac6b187f9b1a5a20af84e81bc2e4028cf31c4e7e8af678;7;1632355366719;;0;0;0;TJPE;G1;;2021/TJPE/09/G1/TJPE46000202109231632355366712;False;2021-09-22 21:02:46.719;Erro no arquivo
16;650412224;TJPE54167202109231632355364661;959b5721e79724e3d20c5342d886eeab406c47fb389ec29f08a0afe002a4a80c;7;1632355364672;;0;0;0;TJPE;G1;;2021/TJPE/09/G1/TJPE54167202109231632355364661;False;2021-09-22 21:02:44.672;Erro no arquivo
17;650412214;TJPE30835202109231632355362621;96ac95b8b67a1aafae901be01c633466d615ab104e5d94a63ecbd8cdcc8b7f8c;3;1632355362635;;100;100;0;TJPE;JE;1235393.0;2021/TJPE/09/JE/TJPE30835202109231632355362621;False;2021-09-22 21:02:42.635;Processado com sucesso
18;650412210;TJPE46093202109231632355360291;436f3880793558b736519db76dfd664e173d3dbd81f65cd964266c4eaca4ea50;7;1632355360308;;0;0;0;TJPE;G1;;2021/TJPE/09/G1/TJPE46093202109231632355360291;False;2021-09-22 21:02:40.308;Erro no arquivo
19;650412203;TJPE33176202109231632355358285;976ad41e90e7fd0b35bd768ab2fca372aabac676ef8b654e014edd241fd2d529;7;1632355358291;;0;0;0;TJPE;G1;;2021/TJPE/09/G1/TJPE33176202109231632355358285;False;2021-09-22 21:02:38.291;Erro no arquivo
20;650412195;TJPE71949202109231632355356291;7d11f01735fb013fae45a2db5793973778865cc87b21006cded0a38e816d21e4;7;1632355356300;;0;0;0;TJPE;G1;;2021/TJPE/09/G1/TJPE71949202109231632355356291;False;2021-09-22 21:02:36.300;Erro no arquivo
21;650412190;TJPE83719202109231632355353713;33b93ef4d0c17dc92315e66ac006ccbf2d825d13b900b2c73a08c8b0e7cb9648;7;1632355353722;;0;0;0;TJPE;G1;;2021/TJPE/09/G1/TJPE83719202109231632355353713;False;2021-09-22 21:02:33.722;Erro no arquivo
22;650412184;TJPE13819202109231632355351408;5ebddfd551f23c1edff8e85bee11036621204c4cdba69046030d879707c2f04a;7;1632355351422;;0;0;0;TJPE;G1;;2021/TJPE/09/G1/TJPE13819202109231632355351408;False;2021-09-22 21:02:31.422;Erro no arquivo
23;650412153;TJPE53832202109231632355339233;98047806de5ed8ec0b33bc32c6525f43b3336c53a70c841c80cefdf64a6dda05;7;1632355339247;;0;0;0;TJPE;G1;;2021/TJPE/09/G1/TJPE53832202109231632355339233;False;2021-09-22 21:02:19.247;Erro no arquivo
24;650412136;TJPE69708202109231632355333657;07b77d85a5865d6446daa97437571a785e2c827eca822a2d2712896c39802bf0;7;1632355333670;;0;0;0;TJPE;G1;;2021/TJPE/09/G1/TJPE69708202109231632355333657;False;2021-09-22 21:02:13.670;Erro no arquivo
25;650412108;TJPE34404202109231632355327229;d833e579036563a22c2e4ea5f87b32b64dbdf37edcb8cffccfd076aa27d9fcc0;3;1632355327238;;100;100;0;TJPE;JE;1078769.0;2021/TJPE/09/JE/TJPE34404202109231632355327229;False;2021-09-22 21:02:07.238;Processado com sucesso
26;650412084;TJPE38251202109231632355316788;721d057bc4940cc890ed8b05ff288d2c9cc2657a87ac2a8b77a57a347a34723a;3;1632355316801;;100;100;0;TJPE;JE;1136037.0;2021/TJPE/09/JE/TJPE38251202109231632355316788;False;2021-09-22 21:01:56.801;Processado com sucesso
27;650412070;TJPE89045202109231632355310250;f09d7da0d6fc49a2b1d9671cbe33974f58b57405f5e0ddf1b45f3bcea44986e5;7;1632355310260;;0;0;0;TJPE;G1;;2021/TJPE/09/G1/TJPE89045202109231632355310250;False;2021-09-22 21:01:50.260;Erro no arquivo
28;650412058;TJPE21284202109231632355304135;9e5deaf8cc7507ee4bf040c21c6eed61557c9bb65c35f3540d29172f3b4a6b4a;7;1632355304144;;0;0;0;TJPE;G1;;2021/TJPE/09/G1/TJPE21284202109231632355304135;False;2021-09-22 21:01:44.144;Erro no arquivo
29;650412047;TJPE57112202109231632355299393;ba8c42c8957e2fa8e0a359b2da3856e3c2cc07c306a4b93ee3af6b2bdd95b90c;3;1632355299411;;100;100;0;TJPE;G1;1480432.0;2021/TJPE/09/G1/TJPE57112202109231632355299393;False;2021-09-22 21:01:39.411;Processado com sucesso
30;650412025;TJPE96106202109231632355292987;0150875eec1adee850582e06623681ef2466c2c98c85e0dbd6f0354a045fbe8b;7;1632355293001;;0;0;0;TJPE;G1;;2021/TJPE/09/G1/TJPE96106202109231632355292987;False;2021-09-22 21:01:33.001;Erro no arquivo
31;650412009;TJPE16028202109231632355284499;b277a366e79cf2ed69c8540a142dc3f73cbda1108eb33f981e101118aff71f11;7;1632355284507;;0;0;0;TJPE;G1;;2021/TJPE/09/G1/TJPE16028202109231632355284499;False;2021-09-22 21:01:24.507;Erro no arquivo
32;650411984;TJPE96986202109231632355275061;13377d92ed1f72c5c3a1aad4f255d7620142ba2197925b4aa967d8a3aaa86219;7;1632355275070;;0;0;0;TJPE;G1;;2021/TJPE/09/G1/TJPE96986202109231632355275061;False;2021-09-22 21:01:15.070;Erro no arquivo
33;650411967;TJPE10046202109231632355268447;9a2b5e435d465e282f6ffeac6f7a3660dbdf252f4222810b55f8acd81c6524d0;7;1632355268457;;0;0;0;TJPE;G1;;2021/TJPE/09/G1/TJPE10046202109231632355268447;False;2021-09-22 21:01:08.457;Erro no arquivo
34;650411945;TJPE42991202109231632355261098;5b07715641b1fbaba7abe92fd994814e9733f71014646d2e34bd2d4192c9a024;7;1632355261107;;0;0;0;TJPE;G1;;2021/TJPE/09/G1/TJPE42991202109231632355261098;False;2021-09-22 21:01:01.107;Erro no arquivo
35;650411930;TJPE33907202109231632355256865;b0b55b40964cc6d2c097e54c14b85aeaca64ccb7d5dfce89ce6227a32d58f8a2;3;1632355256874;;100;100;0;TJPE;JE;1178777.0;2021/TJPE/09/JE/TJPE33907202109231632355256865;False;2021-09-22 21:00:56.874;Processado com sucesso
36;650411918;TJPE13490202109231632355252959;029c5bcdddbd0d0ac23c420b412c6c823c095b9149e8e771dc32a82334fc16e1;7;1632355252967;;0;0;0;TJPE;G1;;2021/TJPE/09/G1/TJPE13490202109231632355252959;False;2021-09-22 21:00:52.967;Erro no arquivo
37;650411911;TJPE53911202109231632355250791;9a0fd6e0f5354d83621df7c3a63c89b327a4bec048fa39561e9e22575d328d7c;3;1632355250803;;100;100;0;TJPE;JE;1347495.0;2021/TJPE/09/JE/TJPE53911202109231632355250791;False;2021-09-22 21:00:50.803;Processado com sucesso
38;650411903;TJPE30907202109231632355248317;bf505cb08e9cc84b067649ab14b17ae219668c83a8b749468bc37cf5f0eee2bb;7;1632355248324;;0;0;0;TJPE;G1;;2021/TJPE/09/G1/TJPE30907202109231632355248317;False;2021-09-22 21:00:48.324;Erro no arquivo
39;650411894;TJPE75331202109231632355246154;c5097bf9250351de5dcd99c03dbbb7f1f910a3e74e4b2b99269c7565f2fd065a;7;1632355246165;;0;0;0;TJPE;G1;;2021/TJPE/09/G1/TJPE75331202109231632355246154;False;2021-09-22 21:00:46.165;Erro no arquivo
0;650411889;TJPE71209202109231632355244090;de838d483329e9389e19efcd4f2d51f14dbf3553e467ce6f2e8bc4d2dd3e85c5;7;1632355244103;;0;0;0;TJPE;G1;;2021/TJPE/09/G1/TJPE71209202109231632355244090;False;2021-09-22 21:00:44.103;Erro no arquivo
1;650411882;TJPE63544202109231632355241911;2186ab0fcedc61c516212404178febd88423849c74165fb78361dd92cda3d8f6;7;1632355241925;;0;0;0;TJPE;G1;;2021/TJPE/09/G1/TJPE63544202109231632355241911;False;2021-09-22 21:00:41.925;Erro no arquivo
2;650411873;TJPE50581202109231632355239543;b78713e45672458b4c727ef54522568b6c1c4a9c9909b8e19b9be1a3ffdd495b;7;1632355239552;;0;0;0;TJPE;G1;;2021/TJPE/09/G1/TJPE50581202109231632355239543;False;2021-09-22 21:00:39.552;Erro no arquivo
3;650411861;TJPE75810202109231632355237225;f7052c9554a35b473e5604b783cc0213566e6c4e5d98d94950c5a41a33b55bfc;7;1632355237233;;0;0;0;TJPE;G1;;2021/TJPE/09/G1/TJPE75810202109231632355237225;False;2021-09-22 21:00:37.233;Erro no arquivo
4;650411855;TJPE51618202109231632355235104;e3684b4e1c20398e7c5bcecd78aea62d15ebb9ef8622747609afc5bd9828abe3;7;1632355235114;;0;0;0;TJPE;G1;;2021/TJPE/09/G1/TJPE51618202109231632355235104;False;2021-09-22 21:00:35.114;Erro no arquivo
5;650411846;TJPE42180202109231632355232471;e02ffb7d3430fdae64f3035859fc1d4d27592707560d1015fa7d07f1d4fd9e8d;7;1632355232483;;0;0;0;TJPE;G1;;2021/TJPE/09/G1/TJPE42180202109231632355232471;False;2021-09-22 21:00:32.483;Erro no arquivo
6;650411841;TJPE36816202109231632355230339;41771f0adafce4d4624716863d5422991b7deb5769b201496e232af6b24a8b90;7;1632355230348;;0;0;0;TJPE;G1;;2021/TJPE/09/G1/TJPE36816202109231632355230339;False;2021-09-22 21:00:30.348;Erro no arquivo
7;650411827;TJPE73035202109231632355228137;536aa24b24369cfc80f5c3b3c41191bd3b2eb05f5ca541cf55ad149776832af2;7;1632355228148;;0;0;0;TJPE;G1;;2021/TJPE/09/G1/TJPE73035202109231632355228137;False;2021-09-22 21:00:28.148;Erro no arquivo
8;650411816;TJPE62626202109231632355224892;f1e08b90406bde792514a7827fd3da83786e7b756380bad3569ade16452d4cd0;7;1632355224909;;0;0;0;TJPE;G1;;2021/TJPE/09/G1/TJPE62626202109231632355224892;False;2021-09-22 21:00:24.909;Erro no arquivo
9;650411803;TJPE36002202109231632355220741;ee97eee127a2ac6086770b17babc099f3c502bace7bfe29f2edc7b2abb636842;3;1632355220750;;100;100;0;TJPE;JE;1080068.0;2021/TJPE/09/JE/TJPE36002202109231632355220741;False;2021-09-22 21:00:20.750;Processado com sucesso
10;650411789;TJPE30728202109231632355218469;5c1ef747c76ba82cf0cb1294e9cd0cc3170dafca27cebe6189766d370d234f28;7;1632355218485;;0;0;0;TJPE;G1;;2021/TJPE/09/G1/TJPE30728202109231632355218469;False;2021-09-22 21:00:18.485;Erro no arquivo
11;650411778;TJPE48386202109231632355215978;e01d93a7b7122f00a5d4312bd2fe36825df17fb4a87a22e45d2e30ac3973a9db;7;1632355215989;;0;0;0;TJPE;G1;;2021/TJPE/09/G1/TJPE48386202109231632355215978;False;2021-09-22 21:00:15.989;Erro no arquivo
12;650411767;TJPE63895202109231632355213561;3cab6be7366dc006034eac63e0f36fc1d60978eea07ebd1349e03393cc02f227;7;1632355213575;;0;0;0;TJPE;G1;;2021/TJPE/09/G1/TJPE63895202109231632355213561;False;2021-09-22 21:00:13.575;Erro no arquivo
13;650411758;TJPE87980202109231632355211337;fd221680a58a817989526381cdee531505aacd240fed9be7fafb31ed00aeb7ab;7;1632355211346;;0;0;0;TJPE;G1;;2021/TJPE/09/G1/TJPE87980202109231632355211337;False;2021-09-22 21:00:11.346;Erro no arquivo
14;650411719;TJPE68633202109221632355195785;5c1b0063a9bc73fb98fd622ed38930a4b0e100a448e06cf81bc5b2f84e0ab962;7;1632355195793;;0;0;0;TJPE;G1;;2021/TJPE/09/G1/TJPE68633202109221632355195785;False;2021-09-22 20:59:55.793;Erro no arquivo
15;650411712;TJPE80632202109221632355193683;9d285cb7dbbfa650292d60fe5f903200e81431dda14fed51c419de1d3b46cd0a;7;1632355193691;;0;0;0;TJPE;G1;;2021/TJPE/09/G1/TJPE80632202109221632355193683;False;2021-09-22 20:59:53.691;Erro no arquivo
16;650411699;TJPE54598202109221632355191503;e4c306d41e0068163ae2fc5d2294f3b7cea21ae7debb2a660cbe3253d7db66e5;3;1632355191515;;100;100;0;TJPE;JE;1000875.0;2021/TJPE/09/JE/TJPE54598202109221632355191503;False;2021-09-22 20:59:51.515;Processado com sucesso
17;650411688;TJPE81804202109221632355189421;1cb013c3fc62497584cdc0883b257449992379bdd76b591c5872c399a8c46329;7;1632355189431;;0;0;0;TJPE;G1;;2021/TJPE/09/G1/TJPE81804202109221632355189421;False;2021-09-22 20:59:49.431;Erro no arquivo
18;650411677;TJPE29941202109221632355184486;ccc636f7f3301a6c9a646f5c621a4fc4f408bedcfe48b953f71598b1745421a1;7;1632355184499;;0;0;0;TJPE;G1;;2021/TJPE/09/G1/TJPE29941202109221632355184486;False;2021-09-22 20:59:44.499;Erro no arquivo
19;650411647;TJPE69995202109221632355177689;02418c71c9e645197dcb4bb77ab29eef059bdb37e9a80edec77850d1e4eb7691;7;1632355177704;;0;0;0;TJPE;G1;;2021/TJPE/09/G1/TJPE69995202109221632355177689;False;2021-09-22 20:59:37.704;Erro no arquivo
20;650411621;TJPE21801202109221632355171899;a4e0922200bd01e3de92bcbcf407fd5157826cc577dd94123c6a55d10a3101bb;7;1632355171909;;0;0;0;TJPE;G1;;2021/TJPE/09/G1/TJPE21801202109221632355171899;False;2021-09-22 20:59:31.909;Erro no arquivo
21;650411592;TJPE33347202109221632355162284;57cec2a80086069803adb6f4042b1911559d8a82c05fd68b9df491ac7dfbcf63;3;1632355162292;;100;100;0;TJPE;JE;1081550.0;2021/TJPE/09/JE/TJPE33347202109221632355162284;False;2021-09-22 20:59:22.292;Processado com sucesso
22;650411570;TJPE93550202109221632355156798;87309746ae1d98203debcb645c42f15c2e74aa69f0ecbf52bcf12bb2f554f0fd;7;1632355156807;;0;0;0;TJPE;G1;;2021/TJPE/09/G1/TJPE93550202109221632355156798;False;2021-09-22 20:59:16.807;Erro no arquivo
23;650411555;TJPE58500202109221632355152025;f639366a279933fd9810cd0bb789c915b832cd68102865f41aec8d5d953556bc;7;1632355152039;;0;0;0;TJPE;G1;;2021/TJPE/09/G1/TJPE58500202109221632355152025;False;2021-09-22 20:59:12.039;Erro no arquivo
24;650411517;TJPE81089202109221632355143634;c65ee3bec8d1a4f919270f83647e198fc92b53b75e55b1e4df5ede59b7b49ff2;7;1632355143642;;0;0;0;TJPE;G1;;2021/TJPE/09/G1/TJPE81089202109221632355143634;False;2021-09-22 20:59:03.642;Erro no arquivo
25;650411503;TJPE28573202109221632355138558;2a8a35a52396d2d12d933c3bee90b628d11949732a8c8420161872b0f4dc6980;3;1632355138571;;100;100;0;TJPE;G1;1658102.0;2021/TJPE/09/G1/TJPE28573202109221632355138558;False;2021-09-22 20:58:58.571;Processado com sucesso
26;650411487;TJPE21966202109221632355131942;171969bfdbf5c63cbbce6412befbf8ff757fa69037af671c2b2b15c6da3661c9;7;1632355131962;;0;0;0;TJPE;JE;;2021/TJPE/09/JE/TJPE21966202109221632355131942;False;2021-09-22 20:58:51.962;Erro no arquivo
27;650411470;TJPE10178202109221632355128367;42ed68e7e6b00a6f55df26ce62f6c35724d178fb339787dad77436fb349bae77;7;1632355128378;;0;0;0;TJPE;G1;;2021/TJPE/09/G1/TJPE10178202109221632355128367;False;2021-09-22 20:58:48.378;Erro no arquivo
28;650411463;TJPE41236202109221632355125771;411ae2c703116c4f6014c77fcf9097010b6d13ffbcd096a2f6aaea970c788829;7;1632355125780;;0;0;0;TJPE;G1;;2021/TJPE/09/G1/TJPE41236202109221632355125771;False;2021-09-22 20:58:45.780;Erro no arquivo
29;650411449;TJPE14140202109221632355122412;6acad642078321bfdc2e09b37708fd43a7cade7e4dcb0ce1a65bc73ac8bb945e;7;1632355122427;;0;0;0;TJPE;G1;;2021/TJPE/09/G1/TJPE14140202109221632355122412;False;2021-09-22 20:58:42.427;Erro no arquivo
30;650411430;TJPE42413202109221632355116505;c33ad3bf1c1b78ef5ae1f481f04f0d7b89708eddc90101ba1187222fe68769fa;7;1632355116515;;0;0;0;TJPE;G1;;2021/TJPE/09/G1/TJPE42413202109221632355116505;False;2021-09-22 20:58:36.515;Erro no arquivo
31;650411414;TJPE55175202109221632355109358;00ff0080138f6c696496d794e33469ceedfba1d33b4bdf4fbdbeffcd0e0ee9c0;3;1632355109372;;100;100;0;TJPE;G1;1693301.0;2021/TJPE/09/G1/TJPE55175202109221632355109358;False;2021-09-22 20:58:29.372;Processado com sucesso
32;650411400;TJPE16739202109221632355102571;cf492bbba70537adbcd48c8e797cd89abcfac367c808738af381e4f3f3580b8c;7;1632355102585;;0;0;0;TJPE;G1;;2021/TJPE/09/G1/TJPE16739202109221632355102571;False;2021-09-22 20:58:22.585;Erro no arquivo
33;650411380;TJPE38744202109221632355096771;cc8bbecd96c1a4c608f2df029c062464e3cd95502354f9c95730c3cdcf520fdb;7;1632355096791;;0;0;0;TJPE;G1;;2021/TJPE/09/G1/TJPE38744202109221632355096771;False;2021-09-22 20:58:16.791;Erro no arquivo
34;650411364;TJPE21343202109221632355089301;828b8d4745adcf12e6232fbf79c466d15c1cfc8323c9dd43cdc1817f9d28f6c7;7;1632355089313;;0;0;0;TJPE;G1;;2021/TJPE/09/G1/TJPE21343202109221632355089301;False;2021-09-22 20:58:09.313;Erro no arquivo
35;650411353;TJPE10556202109221632355083389;65cf39b02512518419a52f52c36d78668c335d99fc44930c13b4ff680175b63b;7;1632355083397;;0;0;0;TJPE;G1;;2021/TJPE/09/G1/TJPE10556202109221632355083389;False;2021-09-22 20:58:03.397;Erro no arquivo
36;650411340;TJPE41825202109221632355076955;1ab1882f513c2a8243d6ebef83b7254498e4668ba50b27587a917b59bb90dbb9;3;1632355076967;;100;100;0;TJPE;JE;968400.0;2021/TJPE/09/JE/TJPE41825202109221632355076955;False;2021-09-22 20:57:56.967;Processado com sucesso
37;650411332;TJPE50923202109221632355073818;78d521cf80a807d8be8dd8851c907cbae32b9fcf289a962e58956bcc6ad5b680;7;1632355073828;;0;0;0;TJPE;G1;;2021/TJPE/09/G1/TJPE50923202109221632355073818;False;2021-09-22 20:57:53.828;Erro no arquivo
38;650411317;TJPE94083202109221632355066261;531a8da74a7d74bbcb5c4696d322eed493e2c0ae01fc9bfda60385239fb6f3a6;7;1632355066271;;0;0;0;TJPE;G1;;2021/TJPE/09/G1/TJPE94083202109221632355066261;False;2021-09-22 20:57:46.271;Erro no arquivo
39;650411310;TJPE61053202109221632355063427;7ac6de9e2650677528e607d1c308956d40e246fd838656456e079f87f0dd5380;7;1632355063433;;0;0;0;TJPE;G1;;2021/TJPE/09/G1/TJPE61053202109221632355063427;False;2021-09-22 20:57:43.433;Erro no arquivo
0;650411302;TJPE82689202109221632355059083;71d35be4c5e6ce82029a51ad785b2b626b42a503be264b2df115bed42cbb5fc0;7;1632355059091;;0;0;0;TJPE;G1;;2021/TJPE/09/G1/TJPE82689202109221632355059083;False;2021-09-22 20:57:39.091;Erro no arquivo
1;650411275;TJPE45258202109221632355052818;4fd3721b4cd83e936a24a8374fe019cf8035f543bcf1220fd6da86a3fee174fe;7;1632355052827;;0;0;0;TJPE;G1;;2021/TJPE/09/G1/TJPE45258202109221632355052818;False;2021-09-22 20:57:32.827;Erro no arquivo
2;650411256;TJPE15345202109221632355048858;4f0319afcb310784371691efc3768d32dd32d1594d68156550f68b9f3f995a37;7;1632355048867;;0;0;0;TJPE;G1;;2021/TJPE/09/G1/TJPE15345202109221632355048858;False;2021-09-22 20:57:28.867;Erro no arquivo
3;650411246;TJPE16897202109221632355045149;3b945b8b13417a4b93138182a2ada24cbe05469f09283af902bc3a717107e28e;7;1632355045167;;0;0;0;TJPE;G1;;2021/TJPE/09/G1/TJPE16897202109221632355045149;False;2021-09-22 20:57:25.167;Erro no arquivo
4;650411234;TJPE38698202109221632355042158;6053b5752ba5c4a3d654050958e04f4815c73e507d88bbd5bd3eb2eac069436e;7;1632355042167;;0;0;0;TJPE;G1;;2021/TJPE/09/G1/TJPE38698202109221632355042158;False;2021-09-22 20:57:22.167;Erro no arquivo
5;650411219;TJPE64013202109221632355037778;6bae93cf8d4c51cad61186a905ce3868769de44a9d8d333a730f5a85a315706e;7;1632355037787;;0;0;0;TJPE;G1;;2021/TJPE/09/G1/TJPE64013202109221632355037778;False;2021-09-22 20:57:17.787;Erro no arquivo
6;650411205;TJPE61185202109221632355034889;661faef6402cea7a577fe777b8d43b37af7ad50d9ff7c4657de29a6bc50248c4;7;1632355034897;;0;0;0;TJPE;G1;;2021/TJPE/09/G1/TJPE61185202109221632355034889;False;2021-09-22 20:57:14.897;Erro no arquivo
7;650411187;TJPE70998202109221632355029244;0847f210d1202200b5a50187b3b82e021104337a8d7f13ef1064a74a070f1ba7;7;1632355029252;;0;0;0;TJPE;G1;;2021/TJPE/09/G1/TJPE70998202109221632355029244;False;2021-09-22 20:57:09.252;Erro no arquivo
8;650411172;TJPE16359202109221632355023545;3e796cc2c08d2c0dc04966681e8af7fa576ed118534ca0c237d1352d0a87c9cf;7;1632355023553;;0;0;0;TJPE;G1;;2021/TJPE/09/G1/TJPE16359202109221632355023545;False;2021-09-22 20:57:03.553;Erro no arquivo
9;650411149;TJPE53218202109221632355017087;d54a6b95227d0aced78fba27801025f2987ff8ffb381f577bc1bbb04bfca8864;7;1632355017095;;0;0;0;TJPE;G1;;2021/TJPE/09/G1/TJPE53218202109221632355017087;False;2021-09-22 20:56:57.095;Erro no arquivo
10;650411133;TJPE41824202109221632355012280;cf7f9123a3cf35792b360d6ddfd998be0e39fd68d59040786187f478db939e85;7;1632355012286;;0;0;0;TJPE;G1;;2021/TJPE/09/G1/TJPE41824202109221632355012280;False;2021-09-22 20:56:52.286;Erro no arquivo
11;650411107;TJPE30397202109221632355006275;3e602100b0c81c2541bac5587ab7ab8edfe199070092303a59611d39ec82d0fc;7;1632355006284;;0;0;0;TJPE;G1;;2021/TJPE/09/G1/TJPE30397202109221632355006275;False;2021-09-22 20:56:46.284;Erro no arquivo
12;650411092;TJPE52829202109221632355000101;3063a13f326d54213f6bab8754ad78808fc0aa5ca6c7b7023c12eca3347f663e;3;1632355000111;;100;100;0;TJPE;JE;1293941.0;2021/TJPE/09/JE/TJPE52829202109221632355000101;False;2021-09-22 20:56:40.111;Processado com sucesso
13;650411064;TJPE14735202109221632354993255;4f92e124b218c0d3131ad6eaab2365a964ca688c96cc5115cb3565ba83c541d1;7;1632354993264;;0;0;0;TJPE;G1;;2021/TJPE/09/G1/TJPE14735202109221632354993255;False;2021-09-22 20:56:33.264;Erro no arquivo
14;650411055;TJPE98661202109221632354990656;2ce1ba82323eda3767ac3438084ca739b0f305365ca6239ea0624356848f9e78;7;1632354990663;;0;0;0;TJPE;G1;;2021/TJPE/09/G1/TJPE98661202109221632354990656;False;2021-09-22 20:56:30.663;Erro no arquivo
15;650411049;TJPE27398202109221632354988668;d60b234adbf121223a7dbc8f18a2a0dc8848767425c0f02c2c5b67a1d5c19cb9;7;1632354988689;;0;0;0;TJPE;G1;;2021/TJPE/09/G1/TJPE27398202109221632354988668;False;2021-09-22 20:56:28.689;Erro no arquivo
16;650411044;TJPE86347202109221632354986496;7b03d34400c5c06a55ac701a8dac88461c3644329cd0942b0b052358b6e66010;7;1632354986506;;0;0;0;TJPE;G1;;2021/TJPE/09/G1/TJPE86347202109221632354986496;False;2021-09-22 20:56:26.506;Erro no arquivo
17;650411037;TJPE96128202109221632354983833;ca11ca277341f19cfa7f4b093d4017d675e1fda7316978c8d8fee51293e2f4ed;7;1632354983845;;0;0;0;TJPE;G1;;2021/TJPE/09/G1/TJPE96128202109221632354983833;False;2021-09-22 20:56:23.845;Erro no arquivo
18;650411022;TJPE72733202109221632354980910;01af8881ab39e12d7d87ddad39054178ee585663df079443f5f63dab53292bfc;7;1632354980918;;0;0;0;TJPE;G1;;2021/TJPE/09/G1/TJPE72733202109221632354980910;False;2021-09-22 20:56:20.918;Erro no arquivo
19;650411013;TJPE59752202109221632354978727;5d3fddc7c2213aa14411034b27db6e97dd2c341db8094336068b2fce817d6352;7;1632354978734;;0;0;0;TJPE;G1;;2021/TJPE/09/G1/TJPE59752202109221632354978727;False;2021-09-22 20:56:18.734;Erro no arquivo
20;650411001;TJPE39323202109221632354976955;b63dbe87208f8db69d767063db484fc089498c55c4d5f1700ed0226601be3212;7;1632354976967;;0;0;0;TJPE;G1;;2021/TJPE/09/G1/TJPE39323202109221632354976955;False;2021-09-22 20:56:16.967;Erro no arquivo
21;650410996;TJPE36365202109221632354975227;572fa1ca05818f37fd001be8cba0ab86d7e474a387d6f85c4131e62489e2ee61;7;1632354975236;;0;0;0;TJPE;G1;;2021/TJPE/09/G1/TJPE36365202109221632354975227;False;2021-09-22 20:56:15.236;Erro no arquivo
22;650410990;TJPE25602202109221632354972910;a0c1facc42060d318102340438b519ba0db2116aad6622b13b2da17bc2ea2038;3;1632354972924;;100;100;0;TJPE;JE;1196834.0;2021/TJPE/09/JE/TJPE25602202109221632354972910;False;2021-09-22 20:56:12.924;Processado com sucesso
23;650410983;TJPE49415202109221632354970691;309c5c7c388becdc42dd00dba3f879094eaeefbb553cc56ae684aa5e5c4177f0;3;1632354970700;;100;100;0;TJPE;JE;1142932.0;2021/TJPE/09/JE/TJPE49415202109221632354970691;False;2021-09-22 20:56:10.700;Processado com sucesso
24;650410975;TJPE27063202109221632354968570;a0755ecde29a47f592a3625e5440da198c103796505a7c7dbc0f5e97a0be7cff;7;1632354968575;;0;0;0;TJPE;G1;;2021/TJPE/09/G1/TJPE27063202109221632354968570;False;2021-09-22 20:56:08.575;Erro no arquivo
25;650410965;TJPE99719202109221632354966749;ada5e3a31cc9d4d7a4e039ca8f5bb9414f8f46813af9ae724b3a54a64affe030;3;1632354966762;;100;100;0;TJPE;JE;1072897.0;2021/TJPE/09/JE/TJPE99719202109221632354966749;False;2021-09-22 20:56:06.762;Processado com sucesso
26;650410955;TJPE87583202109221632354963580;5cdd067e1ed9b7a364659e72cc87ac015cfd2cb3affb7cd5db7fa043a619c3fe;7;1632354963591;;0;0;0;TJPE;G1;;2021/TJPE/09/G1/TJPE87583202109221632354963580;False;2021-09-22 20:56:03.591;Erro no arquivo
27;650410945;TJPE73371202109221632354961437;0c301502cb3c3830b8a017c16fd593e0dd55780b63bc39150a4799446c6639af;7;1632354961449;;0;0;0;TJPE;G1;;2021/TJPE/09/G1/TJPE73371202109221632354961437;False;2021-09-22 20:56:01.449;Erro no arquivo
28;650410907;TJPE16446202109221632354950285;08443f6f5dbc11dfee803325d48e5ef17ea457bbb4769f17f8eda274148006f7;7;1632354950294;;0;0;0;TJPE;G1;;2021/TJPE/09/G1/TJPE16446202109221632354950285;False;2021-09-22 20:55:50.294;Erro no arquivo
29;650410887;TJPE11973202109221632354943845;dcefa8f468f4686dd817e6f14176941ae2ae282c54d6b698838812053818eb36;7;1632354943852;;0;0;0;TJPE;G1;;2021/TJPE/09/G1/TJPE11973202109221632354943845;False;2021-09-22 20:55:43.852;Erro no arquivo
30;650410871;TJPE39369202109221632354935316;9e9a134db1988616f890a62efdec62b13977845459cbd51746e87b8708a2050a;7;1632354935324;;0;0;0;TJPE;G1;;2021/TJPE/09/G1/TJPE39369202109221632354935316;False;2021-09-22 20:55:35.324;Erro no arquivo
31;650410842;TJPE36144202109221632354930338;f072d405121b39a62e1d83a94b61ddf3dd60e1cde5fbe1c3730b685151483b3b;7;1632354930350;;0;0;0;TJPE;G1;;2021/TJPE/09/G1/TJPE36144202109221632354930338;False;2021-09-22 20:55:30.350;Erro no arquivo
32;650410829;TJPE43839202109221632354926213;17a307c0f1dcba9affe9eb9e95d1988d249bd4b68c4241d0591881b4a30a3186;7;1632354926222;;0;0;0;TJPE;G1;;2021/TJPE/09/G1/TJPE43839202109221632354926213;False;2021-09-22 20:55:26.222;Erro no arquivo
33;650410746;TJPE50634202109221632354891062;a16a4199cb08fbdbf41b5b2c12f2b0703e6aa80b431bf91a854aa198fd75bf19;7;1632354891076;;0;0;0;TJPE;G1;;2021/TJPE/09/G1/TJPE50634202109221632354891062;False;2021-09-22 20:54:51.076;Erro no arquivo
34;650410734;TJPE54007202109221632354887802;f8c542c7c870e086a874b8e11009ce07dec87577837c7031a01afb8ed9e0f0b6;7;1632354887812;;0;0;0;TJPE;G1;;2021/TJPE/09/G1/TJPE54007202109221632354887802;False;2021-09-22 20:54:47.812;Erro no arquivo
35;650410715;TJPE71611202109221632354883314;5a3b855e30621e05865bcbfa08221be6f0dbfa46a8c2759db257aecbe39339ae;7;1632354883323;;0;0;0;TJPE;G1;;2021/TJPE/09/G1/TJPE71611202109221632354883314;False;2021-09-22 20:54:43.323;Erro no arquivo
36;650410702;TJPE15893202109221632354878239;5453abb5801839f9f32255f030f072ea33f92243cd6334474ebfae665de3eb6c;7;1632354878248;;0;0;0;TJPE;G1;;2021/TJPE/09/G1/TJPE15893202109221632354878239;False;2021-09-22 20:54:38.248;Erro no arquivo
37;650410690;TJPE58368202109221632354874275;8fdb0060f925530f0aefba4d2ae4ea7b4bb20540d1d5259e1d6339c2f2827383;7;1632354874281;;0;0;0;TJPE;G1;;2021/TJPE/09/G1/TJPE58368202109221632354874275;False;2021-09-22 20:54:34.281;Erro no arquivo
38;650410673;TJPE11264202109221632354867879;b8c0aa1cfa60302478de0d800ab435cced2732c7575736254772f55cec6ce5f0;7;1632354867891;;0;0;0;TJPE;G1;;2021/TJPE/09/G1/TJPE11264202109221632354867879;False;2021-09-22 20:54:27.891;Erro no arquivo
39;650410647;TJPE20738202109221632354861075;50d73b05611ff0b9c5851b3fd3b08ed36223e0def4cd52ca663ef8f752680f8d;3;1632354861099;;100;100;0;TJPE;JE;1243131.0;2021/TJPE/09/JE/TJPE20738202109221632354861075;False;2021-09-22 20:54:21.099;Processado com sucesso
0;650410629;TJPE96458202109221632354854372;96cd5690ac797b01dc83775bea7ed6c6246a4a8cc3a6cb88187f75a69bd8eed6;7;1632354854384;;0;0;0;TJPE;G1;;2021/TJPE/09/G1/TJPE96458202109221632354854372;False;2021-09-22 20:54:14.384;Erro no arquivo
1;650410614;TJPE57048202109221632354849945;e2c19b43cc58cd381746da7b6e6d63354f2ab16e1779f964df0ae92007c6fa18;7;1632354849957;;0;0;0;TJPE;G1;;2021/TJPE/09/G1/TJPE57048202109221632354849945;False;2021-09-22 20:54:09.957;Erro no arquivo
2;650410604;TJPE67416202109221632354847066;672356a0229f72f7a8cc0675e0869a5cab13a13369358185a5e23f4129691a0a;7;1632354847075;;0;0;0;TJPE;G1;;2021/TJPE/09/G1/TJPE67416202109221632354847066;False;2021-09-22 20:54:07.075;Erro no arquivo
3;650410593;TJPE98297202109221632354844977;727b907c0d40e65215a934b9f4f4e1ad57c0fe4a7db464f8535cc7a6c1be6cfd;7;1632354844989;;0;0;0;TJPE;G1;;2021/TJPE/09/G1/TJPE98297202109221632354844977;False;2021-09-22 20:54:04.989;Erro no arquivo
4;650410587;TJPE47038202109221632354842853;516441fd09817193391ffbaa91d693a905903b6c89c169360ccd230a28236de9;7;1632354842861;;0;0;0;TJPE;G1;;2021/TJPE/09/G1/TJPE47038202109221632354842853;False;2021-09-22 20:54:02.861;Erro no arquivo
5;650410578;TJPE62878202109221632354839366;7f843a7e42d4c966f63cdef108286233c2b114c0c0296eb846dfa5e8054ca725;7;1632354839375;;0;0;0;TJPE;G1;;2021/TJPE/09/G1/TJPE62878202109221632354839366;False;2021-09-22 20:53:59.375;Erro no arquivo
6;650410560;TJPE76896202109221632354837113;d7b0d00a5e532c6bc09b7c259e2fc23a7ab6d9dc4e2b2b3ccd94e676931a1a17;7;1632354837121;;0;0;0;TJPE;G1;;2021/TJPE/09/G1/TJPE76896202109221632354837113;False;2021-09-22 20:53:57.121;Erro no arquivo
7;650410551;TJPE16496202109221632354834485;6ae3b3ac7bc3b0111fb58f98cfc61c87d7cc50870d160c6cf6dd1b518e32e994;7;1632354834495;;0;0;0;TJPE;G1;;2021/TJPE/09/G1/TJPE16496202109221632354834485;False;2021-09-22 20:53:54.495;Erro no arquivo
8;650410546;TJPE80139202109221632354832166;1b84f93377bcf377e89910d1e7a81c7ef4f64bf6f7309301d73a218be96de77a;3;1632354832178;;100;100;0;TJPE;G1;1073368.0;2021/TJPE/09/G1/TJPE80139202109221632354832166;False;2021-09-22 20:53:52.178;Processado com sucesso
9;650410535;TJPE40755202109221632354829616;af80633e37b7dcdb3d1e10e06e4c1d991f1ed9b3c5a5b94efb158893477a03b6;7;1632354829680;;0;0;0;TJPE;G1;;2021/TJPE/09/G1/TJPE40755202109221632354829616;False;2021-09-22 20:53:49.680;Erro no arquivo
10;650410529;TJPE13823202109221632354826594;b3701539587bff1975f9717488add24acb661f50660370dfeef7a2a4c2c8b003;3;1632354826602;;100;100;0;TJPE;JE;1070791.0;2021/TJPE/09/JE/TJPE13823202109221632354826594;False;2021-09-22 20:53:46.602;Processado com sucesso
11;650410521;TJPE32434202109221632354824063;96049eddcf2ea4af0988b2a11294dc01d9813b139d1c4dcb27f47e39c365790c;7;1632354824073;;0;0;0;TJPE;G1;;2021/TJPE/09/G1/TJPE32434202109221632354824063;False;2021-09-22 20:53:44.073;Erro no arquivo
12;650410512;TJPE61761202109221632354822013;5458c918cbddf7c39fd498ee77926740ef780cc14d2163f55cbd175c26661a99;7;1632354822021;;0;0;0;TJPE;G1;;2021/TJPE/09/G1/TJPE61761202109221632354822013;False;2021-09-22 20:53:42.021;Erro no arquivo
13;650410509;TJPE62087202109221632354820020;0f1a5d34f09b86e75303a05081fb24267f3d6aac74b2626c68b46419093becde;7;1632354820045;;0;0;0;TJPE;G1;;2021/TJPE/09/G1/TJPE62087202109221632354820020;False;2021-09-22 20:53:40.045;Erro no arquivo
14;650410505;TJPE88458202109221632354817708;70f42c5a0e4f7ac42c2e1b92dd710771e144ef5a4a140023456818f239a99cc6;7;1632354817718;;0;0;0;TJPE;G1;;2021/TJPE/09/G1/TJPE88458202109221632354817708;False;2021-09-22 20:53:37.718;Erro no arquivo
15;650410491;TJPE85002202109221632354812056;7a3ee9f083f06e4e370ad6d14c9a1fbf7873a4dc71436214083c45894c748258;7;1632354812074;;0;0;0;TJPE;G1;;2021/TJPE/09/G1/TJPE85002202109221632354812056;False;2021-09-22 20:53:32.074;Erro no arquivo
16;650410477;TJPE92625202109221632354807028;f5d685b3b28de14c0f2c058acee1a632be4d68fd5d289ae23627d2d4570af246;3;1632354807043;;100;100;0;TJPE;JE;1325270.0;2021/TJPE/09/JE/TJPE92625202109221632354807028;False;2021-09-22 20:53:27.043;Processado com sucesso
17;650410449;TJPE29728202109221632354798938;18d9513fc7f371a48f9de8f78894c58a41e16661d22936dae40a900cba96b36e;7;1632354798946;;0;0;0;TJPE;G1;;2021/TJPE/09/G1/TJPE29728202109221632354798938;False;2021-09-22 20:53:18.946;Erro no arquivo
18;650410433;TJPE62272202109221632354793380;c9630f2036614bf35fdc65575b74cb5e765e0c5509bba4978b0dfcc56fca446b;7;1632354793395;;0;0;0;TJPE;G1;;2021/TJPE/09/G1/TJPE62272202109221632354793380;False;2021-09-22 20:53:13.395;Erro no arquivo
19;650410419;TJPE21527202109221632354787065;bf8c7391b833ff10f7f8082c87f46717f2dd220391565574ade402ceb9ff6e7c;7;1632354787077;;0;0;0;TJPE;G1;;2021/TJPE/09/G1/TJPE21527202109221632354787065;False;2021-09-22 20:53:07.077;Erro no arquivo
20;650410411;TJPE96084202109221632354784229;8b6e6234c73d7c47704d87e842b59bce2cdf96aa858e8e27134747d79644a9ae;7;1632354784242;;0;0;0;TJPE;G1;;2021/TJPE/09/G1/TJPE96084202109221632354784229;False;2021-09-22 20:53:04.242;Erro no arquivo
21;650410405;TJPE70495202109221632354781963;5ea498aa48adf22cdb51c8d2e7a4d472be65b98a403f83a131e16812b8a1b8d0;3;1632354781971;;100;100;0;TJPE;JE;1036796.0;2021/TJPE/09/JE/TJPE70495202109221632354781963;False;2021-09-22 20:53:01.971;Processado com sucesso
22;650410400;TJPE92714202109221632354779810;415bd7b91eee4b8401038521aa9ccbff0a2a576437c729352547c4f5ae59274d;7;1632354779821;;0;0;0;TJPE;G1;;2021/TJPE/09/G1/TJPE92714202109221632354779810;False;2021-09-22 20:52:59.821;Erro no arquivo
23;650410394;TJPE48104202109221632354777424;a4de7bc6deccd579148bcf51b8df2c4bdbba6b4b1ab7fc62726144f2f3050ddf;3;1632354777439;;100;100;0;TJPE;JE;1205371.0;2021/TJPE/09/JE/TJPE48104202109221632354777424;False;2021-09-22 20:52:57.439;Processado com sucesso
24;650410387;TJPE38083202109221632354775175;e35d33d36d44c2616e903299187079604579d7040e6920af0fd012f22f2eef53;7;1632354775190;;0;0;0;TJPE;G1;;2021/TJPE/09/G1/TJPE38083202109221632354775175;False;2021-09-22 20:52:55.190;Erro no arquivo
25;650410378;TJPE56436202109221632354772775;5e890dbdd6e3a21d6a295be0c731ac220cdfa8951fb1ab1373bc5ae7fd1f7f2a;7;1632354772785;;0;0;0;TJPE;G1;;2021/TJPE/09/G1/TJPE56436202109221632354772775;False;2021-09-22 20:52:52.785;Erro no arquivo
26;650410371;TJPE96237202109221632354770542;8e45fd1f4da1628094f880b44a4ef8e975afae36a722b4fce7df31b374daf64d;7;1632354770552;;0;0;0;TJPE;G1;;2021/TJPE/09/G1/TJPE96237202109221632354770542;False;2021-09-22 20:52:50.552;Erro no arquivo
27;650410363;TJPE78263202109221632354768554;0b0d9eea42b8ab3767e35d473ce08eec9f4a0311ddba0e8ac9cd32e4424497d3;7;1632354768562;;0;0;0;TJPE;G1;;2021/TJPE/09/G1/TJPE78263202109221632354768554;False;2021-09-22 20:52:48.562;Erro no arquivo
28;650410357;TJPE83266202109221632354766465;0696a99e0449f4f059d3f3229570f36d55203f392f3603829330fdda1b24881b;7;1632354766475;;0;0;0;TJPE;G1;;2021/TJPE/09/G1/TJPE83266202109221632354766465;False;2021-09-22 20:52:46.475;Erro no arquivo
29;650410352;TJPE36878202109221632354764117;0aba4f4cdc16dc3f292737da800dead96f844e99c429c8ce08fb9b654a8cdf6d;7;1632354764124;;0;0;0;TJPE;G1;;2021/TJPE/09/G1/TJPE36878202109221632354764117;False;2021-09-22 20:52:44.124;Erro no arquivo
30;650410341;TJPE66876202109221632354761981;4470054cc1c22143f97a8393e22583ffb7e15499efc0be12047215ca63334543;7;1632354761987;;0;0;0;TJPE;G1;;2021/TJPE/09/G1/TJPE66876202109221632354761981;False;2021-09-22 20:52:41.987;Erro no arquivo
31;650410336;TJPE26090202109221632354760053;afc59f6ced9dda5ddad018216ba4e39d0f951ab1d75788e342a9dc175c1ae893;7;1632354760069;;0;0;0;TJPE;G1;;2021/TJPE/09/G1/TJPE26090202109221632354760053;False;2021-09-22 20:52:40.069;Erro no arquivo
32;650410332;TJPE92039202109221632354758044;d9499f5f37d615d65230ca2d9b6a37f7ebda862b3d6f6026196ddfbc7c357d92;7;1632354758053;;0;0;0;TJPE;G1;;2021/TJPE/09/G1/TJPE92039202109221632354758044;False;2021-09-22 20:52:38.053;Erro no arquivo
33;650410287;TJPE45056202109221632354743380;534394fc747a902b26b7f8dddf53facf360fcf6e0f7d906e880850a97b613698;7;1632354743394;;0;0;0;TJPE;G1;;2021/TJPE/09/G1/TJPE45056202109221632354743380;False;2021-09-22 20:52:23.394;Erro no arquivo
34;650410279;TJPE68761202109221632354741153;0ede8b579fd2bec13e6279b2e6ceb4e9a9c8260c2e5abb14e629ee2ed3a4da6d;7;1632354741162;;0;0;0;TJPE;G1;;2021/TJPE/09/G1/TJPE68761202109221632354741153;False;2021-09-22 20:52:21.162;Erro no arquivo
35;650410271;TJPE10202202109221632354738889;57e6d1bd2ef8e6e5f3548371fd4043e2bd1d90c3135ce0bd0cbd8b1e4f2c9b4d;7;1632354738901;;0;0;0;TJPE;G1;;2021/TJPE/09/G1/TJPE10202202109221632354738889;False;2021-09-22 20:52:18.901;Erro no arquivo
36;650410263;TJPE85749202109221632354735134;e4aa4b9bc30511f3e334a1e73bddc00b2ed0abb491ca22fb1453f81d3d6b7601;7;1632354735140;;0;0;0;TJPE;G1;;2021/TJPE/09/G1/TJPE85749202109221632354735134;False;2021-09-22 20:52:15.140;Erro no arquivo
37;650410253;TJPE60988202109221632354730984;b7116565d60bd52e00835d3df30f8f850b2bed6557cfcbed551b8a34fcf00cd9;3;1632354730992;;100;100;0;TJPE;JE;1144312.0;2021/TJPE/09/JE/TJPE60988202109221632354730984;False;2021-09-22 20:52:10.992;Processado com sucesso
38;650410238;TJPE68540202109221632354728619;cc4ff3c8e11c4fd40c6fbc52456486e24b82360e7929c44bf0041dd2df4290e2;7;1632354728629;;0;0;0;TJPE;G1;;2021/TJPE/09/G1/TJPE68540202109221632354728619;False;2021-09-22 20:52:08.629;Erro no arquivo
39;650410231;TJPE56494202109221632354726214;5a67169a1cbb2342f7095f8e629369b7fafd57b8707f8fa5587652bc0fd505fc;7;1632354726227;;0;0;0;TJPE;G1;;2021/TJPE/09/G1/TJPE56494202109221632354726214;False;2021-09-22 20:52:06.227;Erro no arquivo
0;650410226;TJPE53432202109221632354723895;e719cd03da7dc8f20be1860d3b18a5700d1059a349656437e34ff6f5b6f1282e;3;1632354723911;;100;100;0;TJPE;JE;1234295.0;2021/TJPE/09/JE/TJPE53432202109221632354723895;False;2021-09-22 20:52:03.911;Processado com sucesso
1;650410220;TJPE11154202109221632354720886;d9658de30a3e295c82987fbe4f7708150e96b3df4764d242236155966d6facda;7;1632354720904;;0;0;0;TJPE;G1;;2021/TJPE/09/G1/TJPE11154202109221632354720886;False;2021-09-22 20:52:00.904;Erro no arquivo
2;650410208;TJPE59804202109221632354718686;6def21fd6b45da833a1f2b42b306578ecf3f998c566a3b0ec3f6a115a161a05f;3;1632354718698;;100;100;0;TJPE;JE;1029735.0;2021/TJPE/09/JE/TJPE59804202109221632354718686;False;2021-09-22 20:51:58.698;Processado com sucesso
3;650410200;TJPE10287202109221632354716546;f895e68c09b65c499dde7541e017c065334c0264b1f7cbd5ff64769ab51b7920;7;1632354716556;;0;0;0;TJPE;G1;;2021/TJPE/09/G1/TJPE10287202109221632354716546;False;2021-09-22 20:51:56.556;Erro no arquivo
4;650410195;TJPE63669202109221632354711378;f8cada8126890eb6d468d020c70b4b95d7280e04fded06e603466c7e70dda855;7;1632354711385;;0;0;0;TJPE;G1;;2021/TJPE/09/G1/TJPE63669202109221632354711378;False;2021-09-22 20:51:51.385;Erro no arquivo
5;650410183;TJPE68892202109221632354709433;dee929af20cba24d6baab3f00d9a64a1704b3a78f042b5461dcf812428a219da;3;1632354709442;;100;100;0;TJPE;JE;1118376.0;2021/TJPE/09/JE/TJPE68892202109221632354709433;False;2021-09-22 20:51:49.442;Processado com sucesso
6;650410176;TJPE64024202109221632354707192;ca3ffbdb6164eba326fb091c0d5822e7723d7df823289275a96a18769a9694b5;7;1632354707205;;0;0;0;TJPE;G1;;2021/TJPE/09/G1/TJPE64024202109221632354707192;False;2021-09-22 20:51:47.205;Erro no arquivo
7;650410170;TJPE99348202109221632354704914;10f832b2e5589698720528af04f4078dd8e0e5b5e0ed19dbe668067a6a749350;7;1632354704923;;0;0;0;TJPE;G1;;2021/TJPE/09/G1/TJPE99348202109221632354704914;False;2021-09-22 20:51:44.923;Erro no arquivo
8;650410162;TJPE14291202109221632354702717;8380c18234ab694fbb3cd52cab4ad31717a18136ce89b8a80f61f735e29363d8;7;1632354702727;;0;0;0;TJPE;G1;;2021/TJPE/09/G1/TJPE14291202109221632354702717;False;2021-09-22 20:51:42.727;Erro no arquivo
9;650410151;TJPE49921202109221632354699492;5e3d99e9d799f50ced792e342f9f0281bb1ba6f7ad1afcc2b871c36568324dc2;7;1632354699503;;0;0;0;TJPE;G1;;2021/TJPE/09/G1/TJPE49921202109221632354699492;False;2021-09-22 20:51:39.503;Erro no arquivo
10;650410144;TJPE14652202109221632354697092;2ce6058e708af835df9fa31adb9e2bf6b7aef9079eeed18f88b4c592e9ed1b71;7;1632354697105;;0;0;0;TJPE;G1;;2021/TJPE/09/G1/TJPE14652202109221632354697092;False;2021-09-22 20:51:37.105;Erro no arquivo
11;650410137;TJPE49863202109221632354693134;adecb82f4ac9df83173cafd37bf10fe03991e920471b381f865f1a5f3b91d02c;7;1632354693143;;0;0;0;TJPE;G1;;2021/TJPE/09/G1/TJPE49863202109221632354693134;False;2021-09-22 20:51:33.143;Erro no arquivo
12;650410129;TJPE35826202109221632354690876;ae2a95a3ddb812171e3db2953216c690ced4b3820b475673e8bd6e8b26c7ad88;3;1632354690891;;100;100;0;TJPE;G1;1343441.0;2021/TJPE/09/G1/TJPE35826202109221632354690876;False;2021-09-22 20:51:30.891;Processado com sucesso
13;650410121;TJPE80954202109221632354687964;0989d0519f02eac87a99fbb820de03bee1bc748f6ac0dd103adb0950a8b2e75b;7;1632354687974;;0;0;0;TJPE;G1;;2021/TJPE/09/G1/TJPE80954202109221632354687964;False;2021-09-22 20:51:27.974;Erro no arquivo
14;650410114;TJPE67932202109221632354685611;2a18bcd79d41658d6179683c44c0f1bf113e59c108a9daaa2693aed5db494cd7;7;1632354685620;;0;0;0;TJPE;G1;;2021/TJPE/09/G1/TJPE67932202109221632354685611;False;2021-09-22 20:51:25.620;Erro no arquivo
15;650410108;TJPE80956202109221632354682946;870a005303a0a35576f6acefe65f9a37f0658b6d3c1d09584b43f7374cb94f30;7;1632354682955;;0;0;0;TJPE;G1;;2021/TJPE/09/G1/TJPE80956202109221632354682946;False;2021-09-22 20:51:22.955;Erro no arquivo
16;650410095;TJPE25354202109221632354677135;7c5b3eac06ec534d1462100d13377fa22e28175152e507af5b0dc38dedb9a179;7;1632354677145;;0;0;0;TJPE;G1;;2021/TJPE/09/G1/TJPE25354202109221632354677135;False;2021-09-22 20:51:17.145;Erro no arquivo
17;650410085;TJPE13565202109221632354670892;3177a5ff2ec597447c88925b97f36bc93653634114b1c3f2afd40213e5d1d09a;7;1632354670901;;0;0;0;TJPE;G1;;2021/TJPE/09/G1/TJPE13565202109221632354670892;False;2021-09-22 20:51:10.901;Erro no arquivo
18;650410066;TJPE59820202109221632354664963;b822adb9c8d34682b114290b94026893779ac7b2f8fe2052abf0c60e557ed44f;7;1632354664973;;0;0;0;TJPE;G1;;2021/TJPE/09/G1/TJPE59820202109221632354664963;False;2021-09-22 20:51:04.973;Erro no arquivo
19;650410051;TJPE81643202109221632354655592;fdb98714626d224bd082ff6e33f39cf4f3aaaf7f792756fc04e198805d97859f;3;1632354655601;;100;100;0;TJPE;JE;1078462.0;2021/TJPE/09/JE/TJPE81643202109221632354655592;False;2021-09-22 20:50:55.601;Processado com sucesso
20;650410034;TJPE65313202109221632354649646;dcc8c837d6b65f2d692d21b3088f55fd6a38c23361a9fc520a053c53431f16eb;3;1632354649656;;100;100;0;TJPE;JE;1282576.0;2021/TJPE/09/JE/TJPE65313202109221632354649646;False;2021-09-22 20:50:49.656;Processado com sucesso
21;650410019;TJPE17296202109221632354646438;8ea8e113bda6acfd06bf40ef810cb0dcf158ba439be6265e5196842b8b989802;7;1632354646447;;0;0;0;TJPE;G1;;2021/TJPE/09/G1/TJPE17296202109221632354646438;False;2021-09-22 20:50:46.447;Erro no arquivo
22;650410008;TJPE10296202109221632354644296;25ce7709aef9e43d8044a724a67e9818a3fc35a98dd2c258ca9522ef7ec1dc4b;7;1632354644304;;0;0;0;TJPE;G1;;2021/TJPE/09/G1/TJPE10296202109221632354644296;False;2021-09-22 20:50:44.304;Erro no arquivo
23;650410002;TJPE88318202109221632354641406;37de4d0b3bdaa7cc25a33569b70932359841fb612fdf0dd136a067ab150d20fe;7;1632354641419;;0;0;0;TJPE;G1;;2021/TJPE/09/G1/TJPE88318202109221632354641406;False;2021-09-22 20:50:41.419;Erro no arquivo
24;650409998;TJPE60346202109221632354639429;d06840d2d55a98a22c617b3d628f2bc07bdcd0754bae54294aacd2f292a0a93b;7;1632354639445;;0;0;0;TJPE;G1;;2021/TJPE/09/G1/TJPE60346202109221632354639429;False;2021-09-22 20:50:39.445;Erro no arquivo
25;650409992;TJPE31989202109221632354637495;7673e39343bf70f4b126b110f627d753d5c32d6ba74c0004fde19dcd929e49c2;7;1632354637517;;0;0;0;TJPE;G1;;2021/TJPE/09/G1/TJPE31989202109221632354637495;False;2021-09-22 20:50:37.517;Erro no arquivo
26;650409984;TJPE69419202109221632354634468;cecb1a888e13274bb60e7f19c76356d0b5516c5d01611b58639393a9219f3270;7;1632354634474;;0;0;0;TJPE;G1;;2021/TJPE/09/G1/TJPE69419202109221632354634468;False;2021-09-22 20:50:34.474;Erro no arquivo
27;650409976;TJPE25639202109221632354631933;9a0ec41009ba7cf554f07881441e8738f581b18f0bf323790dba8e1869072bde;7;1632354631941;;0;0;0;TJPE;G1;;2021/TJPE/09/G1/TJPE25639202109221632354631933;False;2021-09-22 20:50:31.941;Erro no arquivo
28;650409968;TJPE72783202109221632354629692;20ef8602b5921a4b47862ca598e21b2a7054e9324814928286bab78f7ab51565;7;1632354629699;;0;0;0;TJPE;G1;;2021/TJPE/09/G1/TJPE72783202109221632354629692;False;2021-09-22 20:50:29.699;Erro no arquivo
29;650409959;TJPE51682202109221632354627001;c11aebf779613f0b7ab2c2657402f4342d376ff1bb2cbbcb5bd565faef1eb094;7;1632354627009;;0;0;0;TJPE;G1;;2021/TJPE/09/G1/TJPE51682202109221632354627001;False;2021-09-22 20:50:27.009;Erro no arquivo
30;650409951;TJPE12859202109221632354624441;b87fd68301ffcc3fc55c3805787c22422ca8086c3e25ee3b72e76c71f7ae9a4a;7;1632354624450;;0;0;0;TJPE;G1;;2021/TJPE/09/G1/TJPE12859202109221632354624441;False;2021-09-22 20:50:24.450;Erro no arquivo
31;650409945;TJPE10540202109221632354620658;d590f4d90ca569f28d479ac28b0362f8d779e39e25bd67807d1e588e80687d63;7;1632354620668;;0;0;0;TJPE;G1;;2021/TJPE/09/G1/TJPE10540202109221632354620658;False;2021-09-22 20:50:20.668;Erro no arquivo
32;650409938;TJPE44889202109221632354616557;53f119f57b44e8fb4cf07fd6f7ea44682f561b9685811d4f23e481e62e183e87;7;1632354616567;;0;0;0;TJPE;G1;;2021/TJPE/09/G1/TJPE44889202109221632354616557;False;2021-09-22 20:50:16.567;Erro no arquivo
33;650409915;TJPE85264202109221632354612792;156b2d37d71a82c9d0b8be8ce61c6ca98402a1b85f269f9c7a743b83009cbd33;7;1632354612799;;0;0;0;TJPE;G1;;2021/TJPE/09/G1/TJPE85264202109221632354612792;False;2021-09-22 20:50:12.799;Erro no arquivo
34;650409902;TJPE79948202109221632354609323;fb9f9d630e762fa3a599fe11f7e398bd4fd5c4228ab7ba0c69cd6c92ee3314da;7;1632354609336;;0;0;0;TJPE;G1;;2021/TJPE/09/G1/TJPE79948202109221632354609323;False;2021-09-22 20:50:09.336;Erro no arquivo
35;650409875;TJPE25442202109221632354603649;74ea20c7f7dea06d1203a3591604d82755cf13edbeb1892ab3a89e3ffbcbd106;7;1632354603661;;0;0;0;TJPE;G1;;2021/TJPE/09/G1/TJPE25442202109221632354603649;False;2021-09-22 20:50:03.661;Erro no arquivo
36;650409847;TJPE17180202109221632354595947;b5cf067b1d2a9a3f74ac7591540f1e260b62b12a762e5834f10a1577e1f9a0ca;7;1632354595955;;0;0;0;TJPE;G1;;2021/TJPE/09/G1/TJPE17180202109221632354595947;False;2021-09-22 20:49:55.955;Erro no arquivo
37;650409835;TJPE53445202109221632354592483;ec7e56afec228c1c11b7e85841b97513bdedfcd71592da0ccc561df0c9bb610e;7;1632354592499;;0;0;0;TJPE;G1;;2021/TJPE/09/G1/TJPE53445202109221632354592483;False;2021-09-22 20:49:52.499;Erro no arquivo
38;650409825;TJPE87116202109221632354587668;49c2f1b6f2d41e0e2c8768cab3612c5a0d8c6dee4f3e7bf8b9a5022ff21442df;7;1632354587678;;0;0;0;TJPE;G1;;2021/TJPE/09/G1/TJPE87116202109221632354587668;False;2021-09-22 20:49:47.678;Erro no arquivo
39;650409805;TJPE19315202109221632354581870;0e52582ec0db44c6a69e05a2f332ae19823ece359b968ca0befde6018ef8b1d7;7;1632354581879;;0;0;0;TJPE;G1;;2021/TJPE/09/G1/TJPE19315202109221632354581870;False;2021-09-22 20:49:41.879;Erro no arquivo
0;650409770;TJPE77819202109221632354571004;d45c9b203686a9494b6fb5f30c532bd25be9c8b284ce1c185fa9be9935d786c9;7;1632354571013;;0;0;0;TJPE;G1;;2021/TJPE/09/G1/TJPE77819202109221632354571004;False;2021-09-22 20:49:31.013;Erro no arquivo
1;650409755;TJPE39045202109221632354565151;959473a663e861383d57cb1646d7b99e86bbdbacb46bce5893fa05f5d53dc97c;7;1632354565172;;0;0;0;TJPE;G1;;2021/TJPE/09/G1/TJPE39045202109221632354565151;False;2021-09-22 20:49:25.172;Erro no arquivo
2;650409738;TJPE51983202109221632354559611;e3ea856e26d76f861a97cf2e8edb4cbdbcf82961f27d383b2c74d3d3fdd588a6;7;1632354559619;;0;0;0;TJPE;G1;;2021/TJPE/09/G1/TJPE51983202109221632354559611;False;2021-09-22 20:49:19.619;Erro no arquivo
3;650409721;TJPE64552202109221632354555333;2b704d3d040e9bab59cb5ee48dd731700e5f976b65e7bac70c7c735f6fb2a783;7;1632354555345;;0;0;0;TJPE;G1;;2021/TJPE/09/G1/TJPE64552202109221632354555333;False;2021-09-22 20:49:15.345;Erro no arquivo
4;650409704;TJPE17325202109221632354551413;67ac4144f085a77ffaf3443a3ad315e633ab7a877b71dda8af7d31157abb07d7;3;1632354551422;;100;100;0;TJPE;JE;1092623.0;2021/TJPE/09/JE/TJPE17325202109221632354551413;False;2021-09-22 20:49:11.422;Processado com sucesso
5;650409688;TJPE17579202109221632354546803;8ab9ef58a3f8a7f0ed9c3978c050a0d0c78fb1bb9fdfa00a5b7cfd267254b781;3;1632354546813;;95;95;0;TJPE;G1;1254880.0;2021/TJPE/09/G1/TJPE17579202109221632354546803;False;2021-09-22 20:49:06.813;Processado com sucesso
6;650409677;TJPE10689202109221632354540874;234b6dff445d9dee5c284544b8cf5c40cfc1c15a138ef74bb7c98b59bf77de5c;7;1632354540896;;0;0;0;TJPE;G1;;2021/TJPE/09/G1/TJPE10689202109221632354540874;False;2021-09-22 20:49:00.896;Erro no arquivo
7;650409661;TJPE48424202109221632354535538;960e0a75f5e2d7f8502199f3c2d3bea8fb2d1833954ecf0f934cca45c8aa4bab;7;1632354535545;;0;0;0;TJPE;G1;;2021/TJPE/09/G1/TJPE48424202109221632354535538;False;2021-09-22 20:48:55.545;Erro no arquivo
8;650409639;TJPE88265202109221632354526908;84def108dfa99c4f251c65424c33b884a10736773d086ef31bd588684a3c61a3;7;1632354526916;;0;0;0;TJPE;G1;;2021/TJPE/09/G1/TJPE88265202109221632354526908;False;2021-09-22 20:48:46.916;Erro no arquivo
9;650409631;TJPE58878202109221632354522549;8f6b2886e105ebb5921209e335b402b0ed2cb27492f271fc38919551861d1d16;7;1632354522562;;0;0;0;TJPE;G1;;2021/TJPE/09/G1/TJPE58878202109221632354522549;False;2021-09-22 20:48:42.562;Erro no arquivo
10;650409610;TJPE65128202109221632354516832;8cf36b3324d76ee12ba8594475d22df82161dc69393eb179ee79366032593b7f;7;1632354516841;;0;0;0;TJPE;G1;;2021/TJPE/09/G1/TJPE65128202109221632354516832;False;2021-09-22 20:48:36.841;Erro no arquivo
11;650409597;TJPE53892202109221632354511796;e57b4d1abb3625f9593f54e25d6ec2bea2f3adfc0bee50bef30ef7553c84c280;3;1632354511806;;93;93;0;TJPE;G1;1288908.0;2021/TJPE/09/G1/TJPE53892202109221632354511796;False;2021-09-22 20:48:31.806;Processado com sucesso
12;650409568;TJPE46120202109221632354501625;cd3437466577b59990cf72d3ea89adbe8666f7c3dcd96d95a95c2f3a2405df3e;7;1632354501635;;0;0;0;TJPE;G1;;2021/TJPE/09/G1/TJPE46120202109221632354501625;False;2021-09-22 20:48:21.635;Erro no arquivo
13;650409547;TJPE84704202109221632354495903;4182c217466b71df72a340f728c90955eb4068db3cff3e4d1df421c77e3631a1;7;1632354495911;;0;0;0;TJPE;G1;;2021/TJPE/09/G1/TJPE84704202109221632354495903;False;2021-09-22 20:48:15.911;Erro no arquivo
14;650409529;TJPE79303202109221632354492605;0f4c46221e99c8176fc6e0852f373f1e283ba4ae4b5b9fa18eaa6f289145efb4;7;1632354492615;;0;0;0;TJPE;G1;;2021/TJPE/09/G1/TJPE79303202109221632354492605;False;2021-09-22 20:48:12.615;Erro no arquivo
15;650409517;TJPE92093202109221632354488599;4e39cf2d386a6a3e96ba44d7ac95dcb33eb657da7146beaefd061d40d96993b8;3;1632354488630;;100;100;0;TJPE;G1;1675773.0;2021/TJPE/09/G1/TJPE92093202109221632354488599;False;2021-09-22 20:48:08.630;Processado com sucesso
16;650409485;TJPE21025202109221632354477447;297403b18a2085d51f883855ca0af573c3f457d0dfdb79ae6a656f9ec5fab180;7;1632354477454;;0;0;0;TJPE;G1;;2021/TJPE/09/G1/TJPE21025202109221632354477447;False;2021-09-22 20:47:57.454;Erro no arquivo
17;650409456;TJPE35593202109221632354470131;cea1129e4e9c0c7d524540efb4755f59169395ceef9de9d7a2cbd312630224ce;7;1632354470139;;0;0;0;TJPE;G1;;2021/TJPE/09/G1/TJPE35593202109221632354470131;False;2021-09-22 20:47:50.139;Erro no arquivo
18;650409438;TJPE72447202109221632354463501;e95e419961583d4a42af4a3fa38eeb42922c55f424bf9ef171ae4bd16909337e;7;1632354463509;;0;0;0;TJPE;G1;;2021/TJPE/09/G1/TJPE72447202109221632354463501;False;2021-09-22 20:47:43.509;Erro no arquivo
19;650409428;TJPE71914202109221632354460473;c1ba806ec9b0196fb1ad7059a918cda37cac4358e3ea58ddad92aa2cbb0d2b33;7;1632354460482;;0;0;0;TJPE;G1;;2021/TJPE/09/G1/TJPE71914202109221632354460473;False;2021-09-22 20:47:40.482;Erro no arquivo
20;650409417;TJPE61393202109221632354455997;c23c1fea6477eee1c5e77a9b0a0abb3b228df49f66553b6434701cf810a37292;7;1632354456009;;0;0;0;TJPE;G1;;2021/TJPE/09/G1/TJPE61393202109221632354455997;False;2021-09-22 20:47:36.009;Erro no arquivo
21;650409390;TJPE79641202109221632354449981;644e89a07657e5f7ea4822b00e37998009d58ad0668c356eed82f4c6d4a053aa;7;1632354449990;;0;0;0;TJPE;G1;;2021/TJPE/09/G1/TJPE79641202109221632354449981;False;2021-09-22 20:47:29.990;Erro no arquivo
22;650409379;TJPE67932202109221632354446591;9960b3651b38de5da0547eeb78382ae72ee3db6c2e2a4daf993f3321c4227380;7;1632354446604;;0;0;0;TJPE;G1;;2021/TJPE/09/G1/TJPE67932202109221632354446591;False;2021-09-22 20:47:26.604;Erro no arquivo
23;650409367;TJPE59470202109221632354442158;82fd269be6027bafac8de68fddc9d8fa88c4208873a871f11d6764252b423ad5;7;1632354442167;;0;0;0;TJPE;G1;;2021/TJPE/09/G1/TJPE59470202109221632354442158;False;2021-09-22 20:47:22.167;Erro no arquivo
24;650409343;TJPE59153202109221632354436554;2cea5d72a3d106a5b1757dbc2bbf12d7e1e9f5370c4dcf8dc3204ffe871c2a93;7;1632354436567;;0;0;0;TJPE;G1;;2021/TJPE/09/G1/TJPE59153202109221632354436554;False;2021-09-22 20:47:16.567;Erro no arquivo
25;650409323;TJPE49108202109221632354429218;3f2fb639de97ae9047a47bd49463e9f0c5d9bd3028443675f95d36b841a26f19;3;1632354429227;;100;100;0;TJPE;JE;1110027.0;2021/TJPE/09/JE/TJPE49108202109221632354429218;False;2021-09-22 20:47:09.227;Processado com sucesso
26;650409307;TJPE29357202109221632354424113;35515fb0950ea0c1fb350a2ae8cefb164158ceeaa98fada7c6b95737d80ddefc;7;1632354424130;;0;0;0;TJPE;G1;;2021/TJPE/09/G1/TJPE29357202109221632354424113;False;2021-09-22 20:47:04.130;Erro no arquivo
27;650409300;TJPE99749202109221632354419591;d926b1604dec69317c91ff9da80ee22b00cb06d0dab65780bd3a40aae9350526;7;1632354419656;;0;0;0;TJPE;G1;;2021/TJPE/09/G1/TJPE99749202109221632354419591;False;2021-09-22 20:46:59.656;Erro no arquivo
28;650409277;TJPE51016202109221632354412657;78f7b1a7387b967ab0cc5e79c89f68cd9eb0bf6fa2464110aa88f36312762c5f;7;1632354412678;;0;0;0;TJPE;G1;;2021/TJPE/09/G1/TJPE51016202109221632354412657;False;2021-09-22 20:46:52.678;Erro no arquivo
29;650409254;TJPE68668202109221632354402841;b5d61015e4b85cb8697aab36634dc3d1d0327463126f1b8a4d7ec27e9ef4c65a;7;1632354402855;;0;0;0;TJPE;G1;;2021/TJPE/09/G1/TJPE68668202109221632354402841;False;2021-09-22 20:46:42.855;Erro no arquivo
30;650409237;TJPE95344202109221632354399084;8884abb250e34a260c8abbe454994bc6ff3ebafc4aebf7b8924e798dc4dbdfd7;3;1632354399092;;100;100;0;TJPE;JE;1191543.0;2021/TJPE/09/JE/TJPE95344202109221632354399084;False;2021-09-22 20:46:39.092;Processado com sucesso
31;650409225;TJPE68220202109221632354395560;3c3fcf09338684da97f7b4a36ec39f12a4242dfe933cb8b0b2b75df73a9e4ce8;7;1632354395569;;0;0;0;TJPE;G1;;2021/TJPE/09/G1/TJPE68220202109221632354395560;False;2021-09-22 20:46:35.569;Erro no arquivo
32;650409211;TJPE54052202109221632354388907;4e24b73fd8bcc893c1ae04070edae3abcfbe20d2d44f2e4a9162a1e80febf4ca;7;1632354388916;;0;0;0;TJPE;G1;;2021/TJPE/09/G1/TJPE54052202109221632354388907;False;2021-09-22 20:46:28.916;Erro no arquivo
33;650409189;TJPE18134202109221632354382199;9e1e0d435bfe9147bf01e1f9adf18eff38f2668f179624a5544e761ca470d09f;7;1632354382208;;0;0;0;TJPE;G1;;2021/TJPE/09/G1/TJPE18134202109221632354382199;False;2021-09-22 20:46:22.208;Erro no arquivo
34;650409178;TJPE90694202109221632354377186;30c264c23d697b3ce6386f30d8d614abf4d5c6399cf52a57567c24c6c34f14ab;3;1632354377195;;90;90;0;TJPE;G1;1146741.0;2021/TJPE/09/G1/TJPE90694202109221632354377186;False;2021-09-22 20:46:17.195;Processado com sucesso
35;650409161;TJPE25365202109221632354371431;431d106b6ae07cbc9ee7bbd00333ce8e45826a1107f8a871ce115cf5723419fc;3;1632354371439;;95;95;0;TJPE;G1;1058464.0;2021/TJPE/09/G1/TJPE25365202109221632354371431;False;2021-09-22 20:46:11.439;Processado com sucesso
36;650409145;TJPE23003202109221632354367514;d0c0618ec301d3c2505a28105c073fe34959430ddbd60b03c382d2fe09db9cba;7;1632354367523;;0;0;0;TJPE;G1;;2021/TJPE/09/G1/TJPE23003202109221632354367514;False;2021-09-22 20:46:07.523;Erro no arquivo
37;650409136;TJPE92196202109221632354363941;f465cbb7a282d2cb3cb34c3cbd09396c86394b5f3877eba9b91e2630b647b350;3;1632354363949;;100;100;0;TJPE;JE;1146518.0;2021/TJPE/09/JE/TJPE92196202109221632354363941;False;2021-09-22 20:46:03.949;Processado com sucesso
38;650409132;TJPE64579202109221632354361342;eb90099b851355f59ee2b868839035a34550c906d103e8ea5cee96a1c05c5358;7;1632354361351;;0;0;0;TJPE;G1;;2021/TJPE/09/G1/TJPE64579202109221632354361342;False;2021-09-22 20:46:01.351;Erro no arquivo
39;650409126;TJPE16700202109221632354359389;feb2a326b2ddc59c19c1a8ab7859cdef1cd33f6768c8c3b83516162df889c53b;7;1632354359401;;0;0;0;TJPE;G1;;2021/TJPE/09/G1/TJPE16700202109221632354359389;False;2021-09-22 20:45:59.401;Erro no arquivo
0;650409119;TJPE10634202109221632354356696;e8a1d49ffb632f3d763508d1b00bf5737e027ce456e76b7fa2093f59c07a37e0;7;1632354356713;;0;0;0;TJPE;G1;;2021/TJPE/09/G1/TJPE10634202109221632354356696;False;2021-09-22 20:45:56.713;Erro no arquivo
1;650409112;TJPE50800202109221632354354068;457ba6089b0711e60e891da5d0e24b7832905aebd67dcbb70dfeb89377cb4635;3;1632354354077;;100;100;0;TJPE;JE;1152684.0;2021/TJPE/09/JE/TJPE50800202109221632354354068;False;2021-09-22 20:45:54.077;Processado com sucesso
2;650409103;TJPE24928202109221632354351167;bde35b7991c5ab62cc702f0d6959705772a060e2bcadd89b8c49f7cfc805a464;3;1632354351180;;100;100;0;TJPE;G1;1793375.0;2021/TJPE/09/G1/TJPE24928202109221632354351167;False;2021-09-22 20:45:51.180;Processado com sucesso
3;650409095;TJPE53059202109221632354348270;aa54cefbfb07e8d642b9f67a541608161c8d9e0c9a60815b9fcd05e6b3bc889f;7;1632354348274;;0;0;0;TJPE;G1;;2021/TJPE/09/G1/TJPE53059202109221632354348270;False;2021-09-22 20:45:48.274;Erro no arquivo
4;650409087;TJPE75829202109221632354346246;c304e9f6e532e140dc7c6b419f963afb3058f7b8bc8918d0bce401e8fb266227;7;1632354346259;;0;0;0;TJPE;JE;;2021/TJPE/09/JE/TJPE75829202109221632354346246;False;2021-09-22 20:45:46.259;Erro no arquivo
5;650409078;TJPE56648202109221632354343672;1a8b12f8f1aeb158030ec8c76ac32e61f3fd365c9ea1e7c80d939e06ce7aec82;7;1632354343683;;0;0;0;TJPE;G1;;2021/TJPE/09/G1/TJPE56648202109221632354343672;False;2021-09-22 20:45:43.683;Erro no arquivo
6;650409075;TJPE34734202109221632354341887;2c3902b9d7f1c1ad9f6b8827ff02bbf2f9dd04b6f2a8506a32632707792aea56;7;1632354341908;;0;0;0;TJPE;G1;;2021/TJPE/09/G1/TJPE34734202109221632354341887;False;2021-09-22 20:45:41.908;Erro no arquivo
7;650409068;TJPE68503202109221632354340001;7fd1e3236068ba1c247a599a1eb01579b29fb5d37971b961d6c55ef3b4408211;7;1632354340009;;0;0;0;TJPE;G1;;2021/TJPE/09/G1/TJPE68503202109221632354340001;False;2021-09-22 20:45:40.009;Erro no arquivo
8;650409062;TJPE15222202109221632354338260;509a6facd0f5ba8561ca0631a6a491d8d557b6dafcf0ad23be175e0e76bee5e2;7;1632354338270;;0;0;0;TJPE;G1;;2021/TJPE/09/G1/TJPE15222202109221632354338260;False;2021-09-22 20:45:38.270;Erro no arquivo
9;650409054;TJPE68935202109221632354335658;3e088615d526b763ad1be99909e0e6049e3884aea8e1fce1a237a16dfb3dd151;3;1632354335666;;100;100;0;TJPE;JE;970124.0;2021/TJPE/09/JE/TJPE68935202109221632354335658;False;2021-09-22 20:45:35.666;Processado com sucesso
10;650409042;TJPE60856202109221632354333251;cc02a0ad0888606cb7668b8706b5b9b21b3ca7671826ae51a9800a1d7a342169;3;1632354333263;;100;100;0;TJPE;JE;1062922.0;2021/TJPE/09/JE/TJPE60856202109221632354333251;False;2021-09-22 20:45:33.263;Processado com sucesso
11;650409020;TJPE65158202109221632354326983;1a2fe53774fd20083ff7c0a1e4b0fc1b48acbbf4d36a4d6c8cc977da1977ccbf;7;1632354326996;;0;0;0;TJPE;G1;;2021/TJPE/09/G1/TJPE65158202109221632354326983;False;2021-09-22 20:45:26.996;Erro no arquivo
12;650409008;TJPE69062202109221632354323391;c1d3d1cb88e2938da254aebf32b2135efada2a26d5d4a4b00b079d64f5c5d517;7;1632354323399;;0;0;0;TJPE;G1;;2021/TJPE/09/G1/TJPE69062202109221632354323391;False;2021-09-22 20:45:23.399;Erro no arquivo
13;650408962;TJPE29624202109221632354307109;e3157d6b139e5ce09f317c92a33d7f07fffd6ba1c4d66f7e3aa4ad89a03a7eb4;7;1632354307121;;0;0;0;TJPE;G1;;2021/TJPE/09/G1/TJPE29624202109221632354307109;False;2021-09-22 20:45:07.121;Erro no arquivo
14;650408954;TJPE77288202109221632354303866;3b7e92f80515c99c7f5fdb66aed0c7022b3861f0081ba970286096082153dd66;7;1632354303871;;0;0;0;TJPE;G1;;2021/TJPE/09/G1/TJPE77288202109221632354303866;False;2021-09-22 20:45:03.871;Erro no arquivo
15;650408938;TJPE90802202109221632354299373;8b8042785f593a8a9832304666915742f755bae659b2dc42202f4e3272f63701;7;1632354299382;;0;0;0;TJPE;G1;;2021/TJPE/09/G1/TJPE90802202109221632354299373;False;2021-09-22 20:44:59.382;Erro no arquivo
16;650408923;TJPE11981202109221632354292611;ba18bb14a07002e290adf2a2ecae7e3a75e811075afb7e8492cfaa61d5d70090;7;1632354292628;;0;0;0;TJPE;G1;;2021/TJPE/09/G1/TJPE11981202109221632354292611;False;2021-09-22 20:44:52.628;Erro no arquivo
17;650408909;TJPE13685202109221632354285568;30df2e1f77a041daf64cb3da124d9810ba910fbd5944c264c1c5c95f8891b68a;7;1632354285577;;0;0;0;TJPE;G1;;2021/TJPE/09/G1/TJPE13685202109221632354285568;False;2021-09-22 20:44:45.577;Erro no arquivo
18;650408899;TJPE85347202109221632354279561;86f124221b82c9f26dd7089f61bcf296d6d865155bcd976d00cdee16c068aa2d;7;1632354279577;;0;0;0;TJPE;G1;;2021/TJPE/09/G1/TJPE85347202109221632354279561;False;2021-09-22 20:44:39.577;Erro no arquivo
19;650408875;TJPE28839202109221632354272880;1ff540f8d33411800cc9b9a98ed14854c3285294e1d6b8818c343181e4dc75fc;7;1632354272891;;0;0;0;TJPE;G1;;2021/TJPE/09/G1/TJPE28839202109221632354272880;False;2021-09-22 20:44:32.891;Erro no arquivo
20;650408857;TJPE98934202109221632354267197;c9bcd6c41933e7720a327bfd2fbbd32899c4e0bce7ab397ac675a0c435ebacfb;7;1632354267204;;0;0;0;TJPE;G1;;2021/TJPE/09/G1/TJPE98934202109221632354267197;False;2021-09-22 20:44:27.204;Erro no arquivo
21;650408837;TJPE53416202109221632354259481;76b938d6f916f71da261d4a10efc32b79cccaac91ab2e3ebcafdfb0036c08d08;7;1632354259492;;0;0;0;TJPE;G1;;2021/TJPE/09/G1/TJPE53416202109221632354259481;False;2021-09-22 20:44:19.492;Erro no arquivo
22;650408798;TJPE31259202109221632354244320;be78663f20db728b04953c1fd25bf67e753bfb8a9a98dc4ac4bb4771fd9af75e;7;1632354244325;;0;0;0;TJPE;G1;;2021/TJPE/09/G1/TJPE31259202109221632354244320;False;2021-09-22 20:44:04.325;Erro no arquivo
23;650408780;TJPE89551202109221632354236763;6f9ff03b36e42b07c81378dc9fcfaf5b45be44fa1cce7c9b6615ccee14e0ee3c;7;1632354236784;;0;0;0;TJPE;G1;;2021/TJPE/09/G1/TJPE89551202109221632354236763;False;2021-09-22 20:43:56.784;Erro no arquivo
24;650408771;TJPE86632202109221632354234620;5d3cf1ac1eba4efc6e528ee89ca555dcc3dfc98d361a94e10892464a2c4399d9;3;1632354234680;;100;100;0;TJPE;JE;1111272.0;2021/TJPE/09/JE/TJPE86632202109221632354234620;False;2021-09-22 20:43:54.680;Processado com sucesso
25;650408755;TJPE53298202109221632354228597;f143c34fb2e550e5d2e2d7d6e63501840d83b26fe52dda8d0966da1be3115b71;7;1632354228612;;0;0;0;TJPE;G1;;2021/TJPE/09/G1/TJPE53298202109221632354228597;False;2021-09-22 20:43:48.612;Erro no arquivo
26;650408740;TJPE91550202109221632354223382;18577e8899afbef8ed9da4920d30934401fe01801a450408956feb5b94d6f7b8;7;1632354223391;;0;0;0;TJPE;G1;;2021/TJPE/09/G1/TJPE91550202109221632354223382;False;2021-09-22 20:43:43.391;Erro no arquivo
27;650408713;TJPE27828202109221632354216471;0b1f9d38c53c90566b95b44a2254e5fdd92a3f60991c12dce148eb2eab0b8a79;7;1632354216478;;0;0;0;TJPE;G1;;2021/TJPE/09/G1/TJPE27828202109221632354216471;False;2021-09-22 20:43:36.478;Erro no arquivo
28;650408703;TJPE59755202109221632354212643;963af3965d59e41aff0a7e0c2148ece4a706425fc356e9b392e2c3ab0ffcd16a;7;1632354212650;;0;0;0;TJPE;G1;;2021/TJPE/09/G1/TJPE59755202109221632354212643;False;2021-09-22 20:43:32.650;Erro no arquivo
29;650408682;TJPE23916202109221632354206642;bd9599f633ea1b97219aab35467a509d21e10979ebc8f89c2b5757b7f25288e9;7;1632354206654;;0;0;0;TJPE;G1;;2021/TJPE/09/G1/TJPE23916202109221632354206642;False;2021-09-22 20:43:26.654;Erro no arquivo
30;650408670;TJPE72233202109221632354200422;5a378696e4b95b0ff7b1670f4e1f43d75fd47c91c67bc81be11eeaff7330ad10;7;1632354200434;;0;0;0;TJPE;G1;;2021/TJPE/09/G1/TJPE72233202109221632354200422;False;2021-09-22 20:43:20.434;Erro no arquivo
31;650408655;TJPE16715202109221632354194364;a2fbdf035f3082b71a67dc8e4f10478587fa0eb7d2961017ee67b9e73d3b18fa;3;1632354194385;;100;100;0;TJPE;JE;1118549.0;2021/TJPE/09/JE/TJPE16715202109221632354194364;False;2021-09-22 20:43:14.385;Processado com sucesso
32;650408643;TJPE41597202109221632354189725;f593cad28a08b330d27d22c6afc76014ba444f4d63a338c188c495af2a30d5c4;7;1632354189737;;0;0;0;TJPE;G1;;2021/TJPE/09/G1/TJPE41597202109221632354189725;False;2021-09-22 20:43:09.737;Erro no arquivo
33;650408625;TJPE94742202109221632354182918;e6c3fdbd8d288d5241f6e324c9f7e8b6c8b34c40a8c62bb2bff97b50b8b597d1;7;1632354182927;;0;0;0;TJPE;G1;;2021/TJPE/09/G1/TJPE94742202109221632354182918;False;2021-09-22 20:43:02.927;Erro no arquivo
34;650408608;TJPE15047202109221632354175556;e45f0be352192de66dbaa9958044c778c44f615dbe6a794f90fed81173ea8889;7;1632354175564;;0;0;0;TJPE;G1;;2021/TJPE/09/G1/TJPE15047202109221632354175556;False;2021-09-22 20:42:55.564;Erro no arquivo
35;650408589;TJPE13642202109221632354168038;56e0bbab181f7d9d396ebb08dab49abd594d6af2b4ba4669b5289a5d714e8f47;7;1632354168048;;0;0;0;TJPE;G1;;2021/TJPE/09/G1/TJPE13642202109221632354168038;False;2021-09-22 20:42:48.048;Erro no arquivo
36;650408571;TJPE31436202109221632354161370;b349aecae054ee766f530542eadf79bdbb30873a634b171481ab8453b32eb05f;7;1632354161378;;0;0;0;TJPE;G1;;2021/TJPE/09/G1/TJPE31436202109221632354161370;False;2021-09-22 20:42:41.378;Erro no arquivo
37;650408552;TJPE25300202109221632354154293;be1df334c37bd242ecddc190ff8046e1ec16f8b73a014f9dd77ec4ec9679ffbe;7;1632354154301;;0;0;0;TJPE;G1;;2021/TJPE/09/G1/TJPE25300202109221632354154293;False;2021-09-22 20:42:34.301;Erro no arquivo
38;650408539;TJPE83405202109221632354147699;67628d0ddc550e7f7764514aac6d8b20026bb0040d2310d999739c22209dbaa3;7;1632354147725;;0;0;0;TJPE;G1;;2021/TJPE/09/G1/TJPE83405202109221632354147699;False;2021-09-22 20:42:27.725;Erro no arquivo
39;650408518;TJPE98054202109221632354140510;43155aa0b700bb582434b033982de20f8c6f3712ffa317e97d84f21a8657e227;3;1632354140518;;90;90;0;TJPE;G1;1052034.0;2021/TJPE/09/G1/TJPE98054202109221632354140510;False;2021-09-22 20:42:20.518;Processado com sucesso
0;650408511;TJPE27052202109221632354137728;62f26d9fa3423656552509c9b91c8945e07e147bdf4ec14e6cca161139dab5d4;7;1632354137737;;0;0;0;TJPE;G1;;2021/TJPE/09/G1/TJPE27052202109221632354137728;False;2021-09-22 20:42:17.737;Erro no arquivo
1;650408486;TJPE48639202109221632354131906;698efedb02988a8f88b12d025c379b897c184b742638e2c4fabc58afc35a362d;7;1632354131915;;0;0;0;TJPE;G1;;2021/TJPE/09/G1/TJPE48639202109221632354131906;False;2021-09-22 20:42:11.915;Erro no arquivo
2;650408474;TJPE58477202109221632354127107;bdf8bb7f85319ed9fadd945102cf298be5fcd62a434ed43d0469b3c60e2444c2;7;1632354127116;;0;0;0;TJPE;G1;;2021/TJPE/09/G1/TJPE58477202109221632354127107;False;2021-09-22 20:42:07.116;Erro no arquivo
3;650408459;TJPE80176202109221632354119856;f790045500743271151d979f87c1873866a26baffc84ee663a8c7df75d9182d9;7;1632354119866;;0;0;0;TJPE;G1;;2021/TJPE/09/G1/TJPE80176202109221632354119856;False;2021-09-22 20:41:59.866;Erro no arquivo
4;650408443;TJPE28260202109221632354114860;7eaa3e462c341ce636f2e8186eb28f0b313d5184848d0d3c31a826b00a29a503;7;1632354114869;;0;0;0;TJPE;G1;;2021/TJPE/09/G1/TJPE28260202109221632354114860;False;2021-09-22 20:41:54.869;Erro no arquivo
5;650408437;TJPE76858202109221632354111519;10534de4e6832946d844b366f784f6448157a0d62be59044253506909c4e044e;7;1632354111529;;0;0;0;TJPE;G1;;2021/TJPE/09/G1/TJPE76858202109221632354111519;False;2021-09-22 20:41:51.529;Erro no arquivo
6;650408413;TJPE44645202109221632354104478;8d8f70f025c3ca9cfe96e8c660253dfb90954899aa1394a24b207b5d70353c9c;7;1632354104484;;0;0;0;TJPE;G1;;2021/TJPE/09/G1/TJPE44645202109221632354104478;False;2021-09-22 20:41:44.484;Erro no arquivo
7;650408407;TJPE16845202109221632354102848;bf377de4505ffda6896052bacb4894a64956e7d125d81c542cebec1b6fa451d7;7;1632354102856;;0;0;0;TJPE;G1;;2021/TJPE/09/G1/TJPE16845202109221632354102848;False;2021-09-22 20:41:42.856;Erro no arquivo
8;650408404;TJPE26930202109221632354100947;7b9d1db5e258ca16732013b72faba55a1f0dbf56b5fb33a13fd1fb5ad6088d34;7;1632354100962;;0;0;0;TJPE;G1;;2021/TJPE/09/G1/TJPE26930202109221632354100947;False;2021-09-22 20:41:40.962;Erro no arquivo
9;650408401;TJPE20163202109221632354099428;3f96879c1b28adf12b2cce19f3073316f95d9809a67f23883b0153ceeaec1187;7;1632354099439;;0;0;0;TJPE;G1;;2021/TJPE/09/G1/TJPE20163202109221632354099428;False;2021-09-22 20:41:39.439;Erro no arquivo
10;650408394;TJPE55222202109221632354097469;d52f379926ead4120e757fe6f2de276493a6bc0045e49fe227053ce439e50c28;7;1632354097492;;0;0;0;TJPE;G1;;2021/TJPE/09/G1/TJPE55222202109221632354097469;False;2021-09-22 20:41:37.492;Erro no arquivo
11;650408385;TJPE35864202109221632354094851;e735025abaaa2c7c31bbacb1db0089c74cc63aa1539261c5b6156c18d5ec0060;7;1632354094860;;0;0;0;TJPE;G1;;2021/TJPE/09/G1/TJPE35864202109221632354094851;False;2021-09-22 20:41:34.860;Erro no arquivo
12;650408371;TJPE36106202109221632354092954;e8d07eee01f68a43fdbe7e0651340fa4c57139b936fc23209711b49535eff0f6;7;1632354092959;;0;0;0;TJPE;G1;;2021/TJPE/09/G1/TJPE36106202109221632354092954;False;2021-09-22 20:41:32.959;Erro no arquivo
13;650408366;TJPE91822202109221632354091440;01b59acf6ee7b899d387524c6ab5ee7b7cfe8eeda65068cc60c397e9ec5f58e9;3;1632354091455;;100;100;0;TJPE;JE;1195516.0;2021/TJPE/09/JE/TJPE91822202109221632354091440;False;2021-09-22 20:41:31.455;Processado com sucesso
14;650408361;TJPE23610202109221632354089526;888e60ac44871c4a5fe89249ea6ddabe942c54de84c24e222a5415e79b787349;7;1632354089547;;0;0;0;TJPE;G1;;2021/TJPE/09/G1/TJPE23610202109221632354089526;False;2021-09-22 20:41:29.547;Erro no arquivo
15;650408354;TJPE16052202109221632354086867;fe4dc5d32bd36009d0859bb1d79d58370863eb91ffb01df045c4798041c6a1b4;7;1632354086876;;0;0;0;TJPE;G1;;2021/TJPE/09/G1/TJPE16052202109221632354086867;False;2021-09-22 20:41:26.876;Erro no arquivo
16;650408350;TJPE71205202109221632354085091;7bca26a2fd437fb9f2a2f64dad317b5ec172cf24ad7b05d58cb2008937fdca45;7;1632354085109;;0;0;0;TJPE;G1;;2021/TJPE/09/G1/TJPE71205202109221632354085091;False;2021-09-22 20:41:25.109;Erro no arquivo
17;650408342;TJPE13664202109221632354082154;794d57a4b04b0906c94ff68351abbd4fbbb9c1ca02dd55b9c61b734c0fa2536b;7;1632354082163;;0;0;0;TJPE;G1;;2021/TJPE/09/G1/TJPE13664202109221632354082154;False;2021-09-22 20:41:22.163;Erro no arquivo
18;650408336;TJPE26860202109221632354079959;197a28160f4f0934fafa9ba39a98ee36600d8561aaaf9c6cafed788268de0eb8;7;1632354079965;;0;0;0;TJPE;G1;;2021/TJPE/09/G1/TJPE26860202109221632354079959;False;2021-09-22 20:41:19.965;Erro no arquivo
19;650408329;TJPE52188202109221632354078255;a7018bc61a0dad4646eb6d28965ff9aff8434795dbed00baac688d064c4a60ce;7;1632354078259;;0;0;0;TJPE;G1;;2021/TJPE/09/G1/TJPE52188202109221632354078255;False;2021-09-22 20:41:18.259;Erro no arquivo
20;650408324;TJPE92415202109221632354076542;486367b0a43c53a43fb4e2f1be1ef7d8ac86fe6d781a5a6cd27d760ebbec2d78;7;1632354076568;;0;0;0;TJPE;G1;;2021/TJPE/09/G1/TJPE92415202109221632354076542;False;2021-09-22 20:41:16.568;Erro no arquivo
21;650408317;TJPE15761202109221632354074332;d6700d9122c3754e21bd101d0d8406bc99edce5ffde162583c4845f4477e2a0f;7;1632354074342;;0;0;0;TJPE;G1;;2021/TJPE/09/G1/TJPE15761202109221632354074332;False;2021-09-22 20:41:14.342;Erro no arquivo
22;650408310;TJPE87341202109221632354070958;1e88e6f60a42a9171626b2c1c5a60fb168caa6e09a06303a2bb156ac6ae0948b;7;1632354070969;;0;0;0;TJPE;G1;;2021/TJPE/09/G1/TJPE87341202109221632354070958;False;2021-09-22 20:41:10.969;Erro no arquivo
23;650408302;TJPE41939202109221632354067532;fe8899cb6bc267368b9264878e331d52b0e9076b3652522d9519f2e3d4208760;7;1632354067542;;0;0;0;TJPE;JE;;2021/TJPE/09/JE/TJPE41939202109221632354067532;False;2021-09-22 20:41:07.542;Erro no arquivo
24;650408294;TJPE88346202109221632354063146;462434ace7265931f34c645721dbae6aa5400c5a73b7d9d2add36d24d69f56db;7;1632354063156;;0;0;0;TJPE;G1;;2021/TJPE/09/G1/TJPE88346202109221632354063146;False;2021-09-22 20:41:03.156;Erro no arquivo
25;650408282;TJPE13171202109221632354056422;1b31f8e0471d97c520e20c8a01f7f963303a3e8ee50ba10caa19178d2110bb87;7;1632354056435;;0;0;0;TJPE;G1;;2021/TJPE/09/G1/TJPE13171202109221632354056422;False;2021-09-22 20:40:56.435;Erro no arquivo
26;650408266;TJPE92934202109221632354050536;ef646b939a102449470bc90530e58a2c88ba8a12421181ae1747095e3cee8876;7;1632354050544;;0;0;0;TJPE;G1;;2021/TJPE/09/G1/TJPE92934202109221632354050536;False;2021-09-22 20:40:50.544;Erro no arquivo
27;650408251;TJPE61734202109221632354044260;e4c87de4837105e2d2fb0fbeba980c7c21d8d564c9af7c6e82933560b9a4f506;7;1632354044282;;0;0;0;TJPE;G1;;2021/TJPE/09/G1/TJPE61734202109221632354044260;False;2021-09-22 20:40:44.282;Erro no arquivo
28;650408233;TJPE82781202109221632354036723;99434c06c2a84d008f2516d2feacb771ff794008409421d88d99fc03cb09c09e;7;1632354036731;;0;0;0;TJPE;G1;;2021/TJPE/09/G1/TJPE82781202109221632354036723;False;2021-09-22 20:40:36.731;Erro no arquivo
29;650408217;TJPE84820202109221632354030749;4c48ca095fd4e76760b0f1a86d92488703feae46e7ec7620ab254ff6a5ac1755;7;1632354030760;;0;0;0;TJPE;G1;;2021/TJPE/09/G1/TJPE84820202109221632354030749;False;2021-09-22 20:40:30.760;Erro no arquivo
30;650408194;TJPE70517202109221632354023974;644b3346ca063ec8867f503377970b6fe3096b81b1a3ee67f80170977630eee7;7;1632354023996;;0;0;0;TJPE;G1;;2021/TJPE/09/G1/TJPE70517202109221632354023974;False;2021-09-22 20:40:23.996;Erro no arquivo
31;650408186;TJPE82999202109221632354021369;8ef3c39f7a67f567ef3618faa6ab07654e4a9232e483fe3dd1651361720bb28f;7;1632354021378;;0;0;0;TJPE;G1;;2021/TJPE/09/G1/TJPE82999202109221632354021369;False;2021-09-22 20:40:21.378;Erro no arquivo
32;650408162;TJPE76286202109221632354012431;1f5ad3030855708abfc1de21a14d365dccf220869541977cd9e4b25b47f9f410;7;1632354012446;;0;0;0;TJPE;G1;;2021/TJPE/09/G1/TJPE76286202109221632354012431;False;2021-09-22 20:40:12.446;Erro no arquivo
33;650408153;TJPE64628202109221632354007903;7ccec7a0c7b804bc6de9375c4acabb3aeb7e0ca6c8ebd1beab7d480f74f0faf7;7;1632354007917;;0;0;0;TJPE;G1;;2021/TJPE/09/G1/TJPE64628202109221632354007903;False;2021-09-22 20:40:07.917;Erro no arquivo
34;650408130;TJPE50509202109221632353999515;2b1c437e45b1bfaa38186c8a84bb332def071cb300681d498268743b549cf3d6;3;1632353999524;;100;100;0;TJPE;JE;1185342.0;2021/TJPE/09/JE/TJPE50509202109221632353999515;False;2021-09-22 20:39:59.524;Processado com sucesso
35;650408121;TJPE78857202109221632353995373;4577f6e8e2d051cb8d3d8d030232be624a9a9588f0b173eba8032c8c862eccea;7;1632353995380;;0;0;0;TJPE;JE;;2021/TJPE/09/JE/TJPE78857202109221632353995373;False;2021-09-22 20:39:55.380;Erro no arquivo
36;650408094;TJPE61389202109221632353986411;13d3673e6a42a05e4b94dbafba3e9ac2ffe24cdbb96bdb611fdf882c326d9ce0;7;1632353986420;;0;0;0;TJPE;G1;;2021/TJPE/09/G1/TJPE61389202109221632353986411;False;2021-09-22 20:39:46.420;Erro no arquivo
37;650408075;TJPE84763202109221632353979462;1bc3cbc1d41fce37b303b2665b5bb91215e3a39890f07d59cb1e34162978a0e2;7;1632353979469;;0;0;0;TJPE;G1;;2021/TJPE/09/G1/TJPE84763202109221632353979462;False;2021-09-22 20:39:39.469;Erro no arquivo
38;650408067;TJPE19147202109221632353974657;a0eeb935be8bdccf9556a4e42f148abf45effe3581be6b9a36d4c1a9ff80574b;7;1632353974666;;0;0;0;TJPE;G1;;2021/TJPE/09/G1/TJPE19147202109221632353974657;False;2021-09-22 20:39:34.666;Erro no arquivo
39;650408055;TJPE14553202109221632353969417;f614a80c33dbab6ebc327571172ddda39b0d3924c29307ad71d497065338bb9d;3;1632353969426;;100;100;0;TJPE;JE;1176488.0;2021/TJPE/09/JE/TJPE14553202109221632353969417;False;2021-09-22 20:39:29.426;Processado com sucesso
0;650408048;TJPE90652202109221632353966768;19372b2824b42af199fadc550ff8ac1c857ec4dabd47b91b30a331b28384fb15;7;1632353966777;;0;0;0;TJPE;G1;;2021/TJPE/09/G1/TJPE90652202109221632353966768;False;2021-09-22 20:39:26.777;Erro no arquivo
1;650408044;TJPE80613202109221632353964678;8da3ba11352f47f751ec1646bc357840d7db2497333c9d9b033b2e70d0222b3c;7;1632353964693;;0;0;0;TJPE;G1;;2021/TJPE/09/G1/TJPE80613202109221632353964678;False;2021-09-22 20:39:24.693;Erro no arquivo
2;650408037;TJPE70209202109221632353962438;e1d1dc895042f76ce3865cee9ca5d2eb7ef50b604a6b9a2ae6a9f285ec27ce62;7;1632353962453;;0;0;0;TJPE;G1;;2021/TJPE/09/G1/TJPE70209202109221632353962438;False;2021-09-22 20:39:22.453;Erro no arquivo
3;650408028;TJPE37650202109221632353960037;2d87c2b28dfb614726f89ea251e7197f9d16d48273235a78bd7e772744abd4cb;7;1632353960045;;0;0;0;TJPE;G1;;2021/TJPE/09/G1/TJPE37650202109221632353960037;False;2021-09-22 20:39:20.045;Erro no arquivo
4;650408018;TJPE74220202109221632353958119;3b7422eab511b12da4ae55629eea39dcc3152662df6d432853825776695f1a48;7;1632353958127;;0;0;0;TJPE;G1;;2021/TJPE/09/G1/TJPE74220202109221632353958119;False;2021-09-22 20:39:18.127;Erro no arquivo
5;650408011;TJPE25799202109221632353956248;9d646867bfa16577409a555c9af1e03e2d9caf1a63a49cdd89cec61f332078c3;7;1632353956260;;0;0;0;TJPE;G1;;2021/TJPE/09/G1/TJPE25799202109221632353956248;False;2021-09-22 20:39:16.260;Erro no arquivo
6;650408008;TJPE52008202109221632353954335;6e4f33425781e40e9b0e132958bcb3872571370909bad55cc6688917d84888ab;7;1632353954340;;0;0;0;TJPE;G1;;2021/TJPE/09/G1/TJPE52008202109221632353954335;False;2021-09-22 20:39:14.340;Erro no arquivo
7;650408001;TJPE96850202109221632353952427;2e4ef101e235634510d955073d1774b2f77cfb30f3e864eeadfa2148953635f3;7;1632353952440;;0;0;0;TJPE;G1;;2021/TJPE/09/G1/TJPE96850202109221632353952427;False;2021-09-22 20:39:12.440;Erro no arquivo
8;650407997;TJPE18243202109221632353950404;365ddf25f6dd88de9dc234adc9107884e649f64063750bf09b6e11f596a73175;7;1632353950417;;0;0;0;TJPE;G1;;2021/TJPE/09/G1/TJPE18243202109221632353950404;False;2021-09-22 20:39:10.417;Erro no arquivo
9;650407993;TJPE41018202109221632353948480;71e9f4a986881ad2efeb157d715d2d9f7a199291e39e909a2e3f09b3bb8c957b;7;1632353948491;;0;0;0;TJPE;G1;;2021/TJPE/09/G1/TJPE41018202109221632353948480;False;2021-09-22 20:39:08.491;Erro no arquivo
10;650407984;TJPE23430202109221632353946115;e2b7c4ccb3e9d69148a469fe02ad44e1306027ef2b0c118d763bb3abe8643285;7;1632353946125;;0;0;0;TJPE;G1;;2021/TJPE/09/G1/TJPE23430202109221632353946115;False;2021-09-22 20:39:06.125;Erro no arquivo
11;650407974;TJPE56446202109221632353943580;0ff9785538f455718aef38d4bb7649c10d2fa95127edf1e96265a8bc02b57b21;7;1632353943595;;0;0;0;TJPE;G1;;2021/TJPE/09/G1/TJPE56446202109221632353943580;False;2021-09-22 20:39:03.595;Erro no arquivo
12;650407968;TJPE12465202109221632353941012;92f2ae4ea47a135b5b84f949ed7582c57ac2f9a717c0a5cad1fa0b3aafc3d75c;7;1632353941022;;0;0;0;TJPE;G1;;2021/TJPE/09/G1/TJPE12465202109221632353941012;False;2021-09-22 20:39:01.022;Erro no arquivo
13;650407962;TJPE90088202109221632353938728;5411109754495a91c416917fa8b464bd4f56759483991a65f62fb2f42805c147;7;1632353938735;;0;0;0;TJPE;G1;;2021/TJPE/09/G1/TJPE90088202109221632353938728;False;2021-09-22 20:38:58.735;Erro no arquivo
14;650407951;TJPE87485202109221632353935486;72280e846b6ad6fcfb9f466b0ee8cf8bc87fefb88ec679ca2f0c0d22ce1882c5;7;1632353935494;;0;0;0;TJPE;G1;;2021/TJPE/09/G1/TJPE87485202109221632353935486;False;2021-09-22 20:38:55.494;Erro no arquivo
15;650407944;TJPE29773202109221632353932553;80284aeafbc70ac123762df9fb938f2709cab84ebe9b8b525e143b07d5509afe;3;1632353932733;;98;98;0;TJPE;G1;1230839.0;2021/TJPE/09/G1/TJPE29773202109221632353932553;False;2021-09-22 20:38:52.733;Processado com sucesso
16;650407930;TJPE77072202109221632353927999;5afb7ad7c052e9f350dd390b5954a4b5271d2171563ce64c8a7f89be830e8b68;7;1632353928013;;0;0;0;TJPE;G1;;2021/TJPE/09/G1/TJPE77072202109221632353927999;False;2021-09-22 20:38:48.013;Erro no arquivo
17;650407916;TJPE72260202109221632353921675;886ed2e9620a6542548dc4ab203e6a43bfe2b5e47ff94213d46221014cd52525;7;1632353921694;;0;0;0;TJPE;G1;;2021/TJPE/09/G1/TJPE72260202109221632353921675;False;2021-09-22 20:38:41.694;Erro no arquivo
18;650407901;TJPE84090202109221632353915532;1860976da56b6e88eb4df6a4a5bf52ca0b9e27ced62a665edf8769aea0a8361a;3;1632353915540;;100;100;0;TJPE;JE;1034799.0;2021/TJPE/09/JE/TJPE84090202109221632353915532;False;2021-09-22 20:38:35.540;Processado com sucesso
19;650407879;TJPE22607202109221632353910149;9d2baaa07783e2155558c7e564c9fbeb4bf6133bd17b7f44b10ac0bbec176a8a;7;1632353910160;;0;0;0;TJPE;G1;;2021/TJPE/09/G1/TJPE22607202109221632353910149;False;2021-09-22 20:38:30.160;Erro no arquivo
20;650407867;TJPE73890202109221632353905639;b8c83b895feea81dd959ac8a0399788465b8a46c086d15f7893e675bed10eea4;7;1632353905645;;0;0;0;TJPE;G1;;2021/TJPE/09/G1/TJPE73890202109221632353905639;False;2021-09-22 20:38:25.645;Erro no arquivo
21;650407854;TJPE79370202109221632353902179;5b1f14140704231d6370db3d6f30ad315b1232c7b16da77235383e2fd31a197f;7;1632353902187;;0;0;0;TJPE;G1;;2021/TJPE/09/G1/TJPE79370202109221632353902179;False;2021-09-22 20:38:22.187;Erro no arquivo
22;650407825;TJPE22110202109221632353893150;062384898c04dd58abe9739fbc027f47b09e5b130e3b1a4dcc67215099ad004b;7;1632353893172;;0;0;0;TJPE;G1;;2021/TJPE/09/G1/TJPE22110202109221632353893150;False;2021-09-22 20:38:13.172;Erro no arquivo
23;650407821;TJPE52395202109221632353890336;4bebb30e41db36196930299cfefa78c7e10d1dca5fe587f1c5c5dcaed1838a7b;7;1632353890347;;0;0;0;TJPE;G1;;2021/TJPE/09/G1/TJPE52395202109221632353890336;False;2021-09-22 20:38:10.347;Erro no arquivo
24;650407801;TJPE31231202109221632353883628;3deffb3c236eccd4d9f42043926b7322bb0534c2ebfe884efa31db3d48990186;7;1632353883637;;0;0;0;TJPE;G1;;2021/TJPE/09/G1/TJPE31231202109221632353883628;False;2021-09-22 20:38:03.637;Erro no arquivo
25;650407789;TJPE88950202109221632353880238;8428bc78a4a36187f6a9241e95f5b8e27636020608147a73d1ad6e4a733096ce;7;1632353880244;;0;0;0;TJPE;G1;;2021/TJPE/09/G1/TJPE88950202109221632353880238;False;2021-09-22 20:38:00.244;Erro no arquivo
26;650407778;TJPE78551202109221632353876776;e959f4227013207964099fe595981c87875a58a678ab7e1ce2984da3abdd9e73;7;1632353876792;;0;0;0;TJPE;G1;;2021/TJPE/09/G1/TJPE78551202109221632353876776;False;2021-09-22 20:37:56.792;Erro no arquivo
27;650407766;TJPE19247202109221632353872637;15b574b72b982f883372dfd6dcb762e394390374d59a9d7ce5d4947d1c049798;3;1632353872651;;100;100;0;TJPE;JE;1203082.0;2021/TJPE/09/JE/TJPE19247202109221632353872637;False;2021-09-22 20:37:52.651;Processado com sucesso
28;650407749;TJPE90399202109221632353866326;4b80ac8bb2f1af7b05313e3bff6d2ab6bda640f270a6ba43c99e864247edc5ca;3;1632353866335;;100;100;0;TJPE;JE;1140246.0;2021/TJPE/09/JE/TJPE90399202109221632353866326;False;2021-09-22 20:37:46.335;Processado com sucesso
29;650407731;TJPE95649202109221632353859982;c5e3aedfb421cbac73056a929fed20aeda9f8381e7e075303c446eab035dafd9;3;1632353859991;;100;100;0;TJPE;JE;1213542.0;2021/TJPE/09/JE/TJPE95649202109221632353859982;False;2021-09-22 20:37:39.991;Processado com sucesso
30;650407723;TJPE47065202109221632353856805;2af982e4a891f7d6e6df4d176ae198ec4890e4e3e671fbd231387c39d495d74d;7;1632353856829;;0;0;0;TJPE;G1;;2021/TJPE/09/G1/TJPE47065202109221632353856805;False;2021-09-22 20:37:36.829;Erro no arquivo
31;650407709;TJPE19009202109221632353849282;59bd1d0f40fbf9986073a559f8839a41e7b795448becbb22cd5a5427d70a39bd;7;1632353849289;;0;0;0;TJPE;G1;;2021/TJPE/09/G1/TJPE19009202109221632353849282;False;2021-09-22 20:37:29.289;Erro no arquivo
32;650407701;TJPE75085202109221632353844342;71923ee38df2226bc1c728fd1da3329a349820c7c95c752a31f386fa3dcca087;7;1632353844351;;0;0;0;TJPE;G1;;2021/TJPE/09/G1/TJPE75085202109221632353844342;False;2021-09-22 20:37:24.351;Erro no arquivo
33;650407650;TJPE80451202109221632353825191;64be62d7b04880b0fe214690322a473576fd6790334b6674b737e895e1d35e04;7;1632353825202;;0;0;0;TJPE;G1;;2021/TJPE/09/G1/TJPE80451202109221632353825191;False;2021-09-22 20:37:05.202;Erro no arquivo
34;650407627;TJPE18060202109221632353815895;558b2d5916007ed3b22d2249b219c7df90b7d31ac42f1aa27d484984b6150869;7;1632353815905;;0;0;0;TJPE;G1;;2021/TJPE/09/G1/TJPE18060202109221632353815895;False;2021-09-22 20:36:55.905;Erro no arquivo
35;650407614;TJPE29856202109221632353811666;1a0d17501d438e23aa4fa37185e0548f1e38ff4a81ab02eaf8237f86b562160a;7;1632353811775;;0;0;0;TJPE;G1;;2021/TJPE/09/G1/TJPE29856202109221632353811666;False;2021-09-22 20:36:51.775;Erro no arquivo
36;650407603;TJPE47978202109221632353807500;4d2b06a04e9a84567171797bf60c6f47100d5b0143c33a3d7504b2e0bc547d06;7;1632353807523;;0;0;0;TJPE;G1;;2021/TJPE/09/G1/TJPE47978202109221632353807500;False;2021-09-22 20:36:47.523;Erro no arquivo
37;650407569;TJPE53861202109221632353795004;5f8c275313e645474b270771142a6a5719b4d2c79ffb7db5c7994833302239a2;3;1632353795011;;100;100;0;TJPE;JE;984856.0;2021/TJPE/09/JE/TJPE53861202109221632353795004;False;2021-09-22 20:36:35.011;Processado com sucesso
38;650407551;TJPE76710202109221632353789543;4c479937acddd7af1fe2be90dcf120d5b15784f0b83c4b93a5cc7f62c8d64a0a;3;1632353789555;;100;100;0;TJPE;JE;1029201.0;2021/TJPE/09/JE/TJPE76710202109221632353789543;False;2021-09-22 20:36:29.555;Processado com sucesso
39;650407538;TJPE92847202109221632353785164;c432730c1e02215beb62d27529567a9a2a85ae5cd174dea0f51196cb12fa8367;7;1632353785179;;0;0;0;TJPE;G1;;2021/TJPE/09/G1/TJPE92847202109221632353785164;False;2021-09-22 20:36:25.179;Erro no arquivo
0;650407518;TJPE89786202109221632353778037;e4116be32ad2c5b27fc6592cc76b4eed52560aaacb0bb1e277cd5435e9321bb6;7;1632353778060;;0;0;0;TJPE;G1;;2021/TJPE/09/G1/TJPE89786202109221632353778037;False;2021-09-22 20:36:18.060;Erro no arquivo
1;650407509;TJPE60986202109221632353775428;caf7ae6a61ab9a8674b0a6b05397a55609fee3ffee073d61e920daa602a8e6e1;7;1632353775436;;0;0;0;TJPE;G1;;2021/TJPE/09/G1/TJPE60986202109221632353775428;False;2021-09-22 20:36:15.436;Erro no arquivo
2;650407497;TJPE78950202109221632353771291;e998abf9a5c28c4dd7d512fea1c924f54ff8b8bbeadb9d8cb684ef80baa9b584;7;1632353771297;;0;0;0;TJPE;G1;;2021/TJPE/09/G1/TJPE78950202109221632353771291;False;2021-09-22 20:36:11.297;Erro no arquivo
3;650407493;TJPE97588202109221632353769338;7f707ab6ab0335caf5e108cbc661d1b1cf4c7f9c85bb488f106538dabe352d48;7;1632353769348;;0;0;0;TJPE;G1;;2021/TJPE/09/G1/TJPE97588202109221632353769338;False;2021-09-22 20:36:09.348;Erro no arquivo
4;650407486;TJPE35061202109221632353767298;c858d8f8059db662e882ae6799dd00595ea612fba14f2a24facbc12080df975c;7;1632353767310;;0;0;0;TJPE;G1;;2021/TJPE/09/G1/TJPE35061202109221632353767298;False;2021-09-22 20:36:07.310;Erro no arquivo
5;650407479;TJPE81931202109221632353765165;a9e83c04dbe83bf061b7e05ff1a10f8a424cafd3141dcf8dee5879ba1e477208;7;1632353765178;;0;0;0;TJPE;G1;;2021/TJPE/09/G1/TJPE81931202109221632353765165;False;2021-09-22 20:36:05.178;Erro no arquivo
6;650407471;TJPE37607202109221632353763339;8d22f9cab838fa2d006418731cef790a00b41019155a786394eb474c06129ee0;7;1632353763347;;0;0;0;TJPE;G1;;2021/TJPE/09/G1/TJPE37607202109221632353763339;False;2021-09-22 20:36:03.347;Erro no arquivo
7;650407465;TJPE10882202109221632353761315;0d888c7641323099a38c148dc56874d37cc14a61cbd9ad42d928433516b6721c;3;1632353761325;;100;100;0;TJPE;JE;1217172.0;2021/TJPE/09/JE/TJPE10882202109221632353761315;False;2021-09-22 20:36:01.325;Processado com sucesso
8;650407457;TJPE67018202109221632353759388;4127a85cb7c9e83f02634937d93737195ea9d6e06ff21731f0d3720ee5f23f14;7;1632353759398;;0;0;0;TJPE;G1;;2021/TJPE/09/G1/TJPE67018202109221632353759388;False;2021-09-22 20:35:59.398;Erro no arquivo
9;650407451;TJPE59424202109221632353757404;3ff702bf910c3c7b2b8478d1be1e9fe789c42c43e3496e28e2b76efc389c9668;7;1632353757415;;0;0;0;TJPE;G1;;2021/TJPE/09/G1/TJPE59424202109221632353757404;False;2021-09-22 20:35:57.415;Erro no arquivo
10;650407443;TJPE44314202109221632353754983;a74df0f7e4762a6a05d8db8c211f4e11adf3f1d6237b8a6b581a824e2ed02c42;3;1632353754990;;96;96;0;TJPE;G1;884758.0;2021/TJPE/09/G1/TJPE44314202109221632353754983;False;2021-09-22 20:35:54.990;Processado com sucesso
11;650407438;TJPE17767202109221632353752931;66da91cb69400f0f816d3d0ee532411c9521e4025399e01f935f6e1c9953f883;7;1632353752938;;0;0;0;TJPE;G1;;2021/TJPE/09/G1/TJPE17767202109221632353752931;False;2021-09-22 20:35:52.938;Erro no arquivo
12;650407428;TJPE40715202109221632353750948;0b33e4f425da0446fa44d9dce2674b056b9d23230630f77ebf7857273f2b608a;7;1632353750957;;0;0;0;TJPE;G1;;2021/TJPE/09/G1/TJPE40715202109221632353750948;False;2021-09-22 20:35:50.957;Erro no arquivo
13;650407421;TJPE68349202109221632353748829;2c4a26083739781964062d18014db6e661ab1eeec1991447cad456133d0ab72e;7;1632353748838;;0;0;0;TJPE;G1;;2021/TJPE/09/G1/TJPE68349202109221632353748829;False;2021-09-22 20:35:48.838;Erro no arquivo
14;650407413;TJPE28281202109221632353746431;75d6c024c024aad1a609faff249e00bc3b517f8d255665775e8b0ad1c9ab157e;7;1632353746444;;0;0;0;TJPE;G1;;2021/TJPE/09/G1/TJPE28281202109221632353746431;False;2021-09-22 20:35:46.444;Erro no arquivo
15;650407404;TJPE46951202109221632353744543;97a435c5c4645921e5578be6ed61c0917572b196766c9eef5fd3a05e3161b8fe;3;1632353744552;;100;100;0;TJPE;JE;1160139.0;2021/TJPE/09/JE/TJPE46951202109221632353744543;False;2021-09-22 20:35:44.552;Processado com sucesso
16;650407400;TJPE37648202109221632353742117;8875cadc70784bdd1960088b4a251a3297366d9f6a1f350acd3a22d62d87d5d2;7;1632353742131;;0;0;0;TJPE;G1;;2021/TJPE/09/G1/TJPE37648202109221632353742117;False;2021-09-22 20:35:42.131;Erro no arquivo
17;650407393;TJPE75780202109221632353740127;1e396b889156524f4ceb2b9bfd7be5f73cd6df988337a0677d37290990a5c3bd;7;1632353740136;;0;0;0;TJPE;G1;;2021/TJPE/09/G1/TJPE75780202109221632353740127;False;2021-09-22 20:35:40.136;Erro no arquivo
18;650407378;TJPE39918202109221632353735057;3c9aad32a131b3e4e859c8f230038028b3b44ac2b906c86cc22c6b4dc5586349;7;1632353735066;;0;0;0;TJPE;G1;;2021/TJPE/09/G1/TJPE39918202109221632353735057;False;2021-09-22 20:35:35.066;Erro no arquivo
19;650407364;TJPE42228202109221632353728428;9c8f5aa30de00a7ed28fcacfe6fdfe9221c4abf67581bee3306cec3207e522ac;7;1632353728438;;0;0;0;TJPE;G1;;2021/TJPE/09/G1/TJPE42228202109221632353728428;False;2021-09-22 20:35:28.438;Erro no arquivo
20;650407337;TJPE34676202109221632353718769;6d2d652f3f2aef73afb3301ac5f1ce0705b011034fd49af218da665f825ccadf;7;1632353718779;;0;0;0;TJPE;G1;;2021/TJPE/09/G1/TJPE34676202109221632353718769;False;2021-09-22 20:35:18.779;Erro no arquivo
21;650407315;TJPE74999202109221632353710603;cdb8c7a0849f4b23a4d825027f7a4038c1884f4a92a242691f189d7a7f9ec4e8;7;1632353710611;;0;0;0;TJPE;G1;;2021/TJPE/09/G1/TJPE74999202109221632353710603;False;2021-09-22 20:35:10.611;Erro no arquivo
22;650407305;TJPE41667202109221632353706632;5012c43492a4e6c702975e766d264d9c9ab06f1cfb1f59d91899b16fd91a90b1;7;1632353706640;;0;0;0;TJPE;G1;;2021/TJPE/09/G1/TJPE41667202109221632353706632;False;2021-09-22 20:35:06.640;Erro no arquivo
23;650407285;TJPE12092202109221632353700133;1a94ff7b992df6a37f140eba0ee085ecb6c9b4974d0bd56524908ee877caa7bc;3;1632353700143;;100;100;0;TJPE;JE;1245415.0;2021/TJPE/09/JE/TJPE12092202109221632353700133;False;2021-09-22 20:35:00.143;Processado com sucesso
24;650407276;TJPE44418202109221632353695550;6e90ba7fdf8827fbccca2e4f661d89157212a22feb45d23c9ffe526744c9f7b4;7;1632353695563;;0;0;0;TJPE;G1;;2021/TJPE/09/G1/TJPE44418202109221632353695550;False;2021-09-22 20:34:55.563;Erro no arquivo
25;650407256;TJPE13199202109221632353689825;328d6db4c8ed903f6b2e011be5232dae741090d983b0d99afaa3cee271dafd3e;7;1632353689839;;0;0;0;TJPE;G1;;2021/TJPE/09/G1/TJPE13199202109221632353689825;False;2021-09-22 20:34:49.839;Erro no arquivo
26;650407238;TJPE79629202109221632353684030;f38671d6d024af714dee90f3cbdfeedb0f51fcf82261df540fa816b02384940a;7;1632353684037;;0;0;0;TJPE;G1;;2021/TJPE/09/G1/TJPE79629202109221632353684030;False;2021-09-22 20:34:44.037;Erro no arquivo
27;650407228;TJPE91698202109221632353679567;d8b133f29cc3b531511689d8d0649c88d62155e0f5bbf398ad061f0e47ea02cd;7;1632353679576;;0;0;0;TJPE;G1;;2021/TJPE/09/G1/TJPE91698202109221632353679567;False;2021-09-22 20:34:39.576;Erro no arquivo
28;650407216;TJPE90903202109221632353673492;1ba9c0f8904085bf2229c7c8902440b251daa20e344c4203feddcdd7ff9f3ecd;3;1632353673515;;97;97;0;TJPE;G1;1239827.0;2021/TJPE/09/G1/TJPE90903202109221632353673492;False;2021-09-22 20:34:33.515;Processado com sucesso
29;650407199;TJPE29617202109221632353668276;c134659f971eb06d81563688828bb7fa813c29fee08e4a0122d802c64763ed70;7;1632353668287;;0;0;0;TJPE;G1;;2021/TJPE/09/G1/TJPE29617202109221632353668276;False;2021-09-22 20:34:28.287;Erro no arquivo
30;650407189;TJPE19231202109221632353665383;504adcf0a770fdcaa77eb3b3994e6568c95af5bbc56b9da03bed503a7a71bb84;7;1632353665391;;0;0;0;TJPE;G1;;2021/TJPE/09/G1/TJPE19231202109221632353665383;False;2021-09-22 20:34:25.391;Erro no arquivo
31;650407173;TJPE18613202109221632353659501;7658132773ac39738b3e36969769fe4f696bce8ba8c2a63da09d1da26e93697d;7;1632353659508;;0;0;0;TJPE;G1;;2021/TJPE/09/G1/TJPE18613202109221632353659501;False;2021-09-22 20:34:19.508;Erro no arquivo
32;650407164;TJPE53232202109221632353654607;83357515eb2daa4b390bd5ffa2b3936d33ca58570a9546cccd3136a85d602f09;7;1632353654617;;0;0;0;TJPE;G1;;2021/TJPE/09/G1/TJPE53232202109221632353654607;False;2021-09-22 20:34:14.617;Erro no arquivo
33;650407145;TJPE50283202109221632353648583;b41f0087c5f42725a8c57bd8c6f77f19f9f03ea5e1dd4995db6bc4398d49bcf8;3;1632353648591;;100;100;0;TJPE;JE;1042219.0;2021/TJPE/09/JE/TJPE50283202109221632353648583;False;2021-09-22 20:34:08.591;Processado com sucesso
34;650407133;TJPE73769202109221632353644876;8873f5aae8bacaa0b8b127ff6775482f76a38096f66ae8524280fff299180bff;7;1632353644887;;0;0;0;TJPE;G1;;2021/TJPE/09/G1/TJPE73769202109221632353644876;False;2021-09-22 20:34:04.887;Erro no arquivo
35;650407126;TJPE76008202109221632353640687;07846a20fe9b0a7944e38a41234435b615b3855a4f3240a294a20fb4dae7eaab;3;1632353640696;;100;100;0;TJPE;JE;1104320.0;2021/TJPE/09/JE/TJPE76008202109221632353640687;False;2021-09-22 20:34:00.696;Processado com sucesso
36;650407120;TJPE56480202109221632353637738;6a2e4d3c006a813e5f5eb9e16090a4293f6677d05ae56e564ecc3b4ccbd2f27a;3;1632353637749;;87;87;0;TJPE;G1;968265.0;2021/TJPE/09/G1/TJPE56480202109221632353637738;False;2021-09-22 20:33:57.749;Processado com sucesso
37;650407113;TJPE92596202109221632353635756;6746c70e53502240b053c5424f9e2df1f14a8b7d07d5d76e86e205f95c339758;7;1632353635763;;0;0;0;TJPE;G1;;2021/TJPE/09/G1/TJPE92596202109221632353635756;False;2021-09-22 20:33:55.763;Erro no arquivo
38;650407109;TJPE50630202109221632353633935;3ccd4af62a856fdaf373d5162d16e09e69d47a500191c43e959b09691a86316b;7;1632353633943;;0;0;0;TJPE;G1;;2021/TJPE/09/G1/TJPE50630202109221632353633935;False;2021-09-22 20:33:53.943;Erro no arquivo
39;650407104;TJPE86584202109221632353631931;ba6ad3e739a018e72f732820363bf0213707fd321dd6f16e6d9f1ea5593e86e6;7;1632353631939;;0;0;0;TJPE;G1;;2021/TJPE/09/G1/TJPE86584202109221632353631931;False;2021-09-22 20:33:51.939;Erro no arquivo
0;650407101;TJPE17326202109221632353630073;9db57ea5a4933745d2e3ea62f24dbd1e16c1af1d2979a533b6cc04eeb0b5bfa0;7;1632353630082;;0;0;0;TJPE;G1;;2021/TJPE/09/G1/TJPE17326202109221632353630073;False;2021-09-22 20:33:50.082;Erro no arquivo
1;650407097;TJPE96734202109221632353627966;ced9fc55b33bc8216540ff7a3bcf3b65148794c2b79eb173426268b48c7207bf;7;1632353627974;;0;0;0;TJPE;G1;;2021/TJPE/09/G1/TJPE96734202109221632353627966;False;2021-09-22 20:33:47.974;Erro no arquivo
2;650407093;TJPE23461202109221632353625918;a9527ce68c95ce03b7b33549667018d493ddc9c16a497cf8be13b40451d626ce;7;1632353625923;;0;0;0;TJPE;G1;;2021/TJPE/09/G1/TJPE23461202109221632353625918;False;2021-09-22 20:33:45.923;Erro no arquivo
3;650407089;TJPE63184202109221632353624244;5d2de0233d654192ac5ea5c23c6e683f7e17db5a27772d2f4331d8a6b96d19d5;7;1632353624258;;0;0;0;TJPE;G1;;2021/TJPE/09/G1/TJPE63184202109221632353624244;False;2021-09-22 20:33:44.258;Erro no arquivo
4;650407084;TJPE39609202109221632353621535;906f1f4e041e48b553d84d666dacea2b2a6380e043c838160e745f12264e662e;7;1632353621543;;0;0;0;TJPE;G1;;2021/TJPE/09/G1/TJPE39609202109221632353621535;False;2021-09-22 20:33:41.543;Erro no arquivo
5;650407078;TJPE89859202109221632353619723;e34210e96038e97ba23813544a42be50d47c665cfee094b9a1f35baa381c2c70;7;1632353619734;;0;0;0;TJPE;G1;;2021/TJPE/09/G1/TJPE89859202109221632353619723;False;2021-09-22 20:33:39.734;Erro no arquivo
6;650407075;TJPE94607202109221632353617860;b31d20396730e49f05ac54d52702a64515830e89a604c5f0bed7844f1683aeea;7;1632353617869;;0;0;0;TJPE;G1;;2021/TJPE/09/G1/TJPE94607202109221632353617860;False;2021-09-22 20:33:37.869;Erro no arquivo
7;650407068;TJPE60352202109221632353615726;6c974ba64596934818002538822b18fc48970b8b9c876317fa46ab54d47a2097;7;1632353615747;;0;0;0;TJPE;G1;;2021/TJPE/09/G1/TJPE60352202109221632353615726;False;2021-09-22 20:33:35.747;Erro no arquivo
8;650407062;TJPE42461202109221632353613779;aa2b6ba015f89f44546c5a953ec26aefa5defe74f2a5b949ad8e6ce620fe1860;7;1632353613788;;0;0;0;TJPE;G1;;2021/TJPE/09/G1/TJPE42461202109221632353613779;False;2021-09-22 20:33:33.788;Erro no arquivo
9;650407058;TJPE81294202109221632353611742;3541f31a61e9f10ff4dd3957e54f7edfa1b2a2afe6d71f42a33c2ffd40c2740c;7;1632353611751;;0;0;0;TJPE;G1;;2021/TJPE/09/G1/TJPE81294202109221632353611742;False;2021-09-22 20:33:31.751;Erro no arquivo
10;650407046;TJPE44086202109221632353609675;ebfbdf1e5161b8f6e1ceeacf06ebf1fd04ce6c184e6dbdca716c4b7f50e9a3eb;7;1632353609681;;0;0;0;TJPE;G1;;2021/TJPE/09/G1/TJPE44086202109221632353609675;False;2021-09-22 20:33:29.681;Erro no arquivo
11;650407040;TJPE89080202109221632353608067;479a7cf74aeded2da12d3ab78d88f7812d1bd6592dcde803f94f07bbbe5e79fd;7;1632353608075;;0;0;0;TJPE;G1;;2021/TJPE/09/G1/TJPE89080202109221632353608067;False;2021-09-22 20:33:28.075;Erro no arquivo
12;650407026;TJPE56587202109221632353602089;b803eaf1e554dd777efa8875f0df4784f2ff8b29d8a9cf2a637b56e32a910a7b;7;1632353602099;;0;0;0;TJPE;JE;;2021/TJPE/09/JE/TJPE56587202109221632353602089;False;2021-09-22 20:33:22.099;Erro no arquivo
13;650407009;TJPE61138202109221632353594831;2beb79c576c6611d5011a6767c0c18d3763725f23c25989fae60562336b06e9f;7;1632353594844;;0;0;0;TJPE;G1;;2021/TJPE/09/G1/TJPE61138202109221632353594831;False;2021-09-22 20:33:14.844;Erro no arquivo
14;650406989;TJPE24130202109221632353586946;153007e2c1449f908002c597a77efa063b1274106e6bb307b1fce00b336fec10;7;1632353586964;;0;0;0;TJPE;G1;;2021/TJPE/09/G1/TJPE24130202109221632353586946;False;2021-09-22 20:33:06.964;Erro no arquivo
15;650406981;TJPE17705202109221632353583116;edfbdfad507c2181ceb0d47754dc76c05d65a6bb588ab72e4d5310e22d79a143;7;1632353583123;;0;0;0;TJPE;G1;;2021/TJPE/09/G1/TJPE17705202109221632353583116;False;2021-09-22 20:33:03.123;Erro no arquivo
16;650406957;TJPE29727202109221632353575366;c230f5953b8172c42a307faa5b41ce72290b39d141dfb8614cf63edb6929a36b;7;1632353575376;;0;0;0;TJPE;G1;;2021/TJPE/09/G1/TJPE29727202109221632353575366;False;2021-09-22 20:32:55.376;Erro no arquivo
17;650406949;TJPE51209202109221632353571085;06159c3b91ddd63e0db9daaf2e416a7faf2310cfb095aa4d7f24209181c812d7;7;1632353571094;;0;0;0;TJPE;G1;;2021/TJPE/09/G1/TJPE51209202109221632353571085;False;2021-09-22 20:32:51.094;Erro no arquivo
18;650406927;TJPE61673202109221632353563255;9755ec3cfefd72ba886e33a336a9d7f18bf25d63bdd522fefc287ca618c07678;7;1632353563277;;0;0;0;TJPE;G1;;2021/TJPE/09/G1/TJPE61673202109221632353563255;False;2021-09-22 20:32:43.277;Erro no arquivo
19;650406918;TJPE13525202109221632353559907;20e3d3c972eb3a0500f0f22a2b50fe6d7d2039e36d79a358a02015255ddb3d15;7;1632353559921;;0;0;0;TJPE;G1;;2021/TJPE/09/G1/TJPE13525202109221632353559907;False;2021-09-22 20:32:39.921;Erro no arquivo
20;650406906;TJPE54998202109221632353555502;5d9b33ef2dbabae259fd613ee56b495ceaaed67e7bfce4abbb2cd405f84ffda2;7;1632353555513;;0;0;0;TJPE;G1;;2021/TJPE/09/G1/TJPE54998202109221632353555502;False;2021-09-22 20:32:35.513;Erro no arquivo
21;650406894;TJPE51725202109221632353551328;1b51fb857e777489c8b0838755a6de20d9d40ef8ea3864523a1dc88ef3b89fae;3;1632353551332;;93;93;0;TJPE;G1;525698.0;2021/TJPE/09/G1/TJPE51725202109221632353551328;False;2021-09-22 20:32:31.332;Processado com sucesso
22;650406891;TJPE82474202109221632353549428;c5cac55b0be2263df6d79774863174eb8c9d958e306602aa5f9022c9e4abb7d2;7;1632353549443;;0;0;0;TJPE;G1;;2021/TJPE/09/G1/TJPE82474202109221632353549428;False;2021-09-22 20:32:29.443;Erro no arquivo
23;650406879;TJPE75858202109221632353544923;e2b4daee19cd5641c3145b206dc1b200af5db93ab208e508b9d5a32e49cc6d07;7;1632353544933;;0;0;0;TJPE;JE;;2021/TJPE/09/JE/TJPE75858202109221632353544923;False;2021-09-22 20:32:24.933;Erro no arquivo
24;650406872;TJPE17321202109221632353542908;e60f799e80d428eecccbce1bb83a0569babb5367df09dcbd9c5882ae721b4b93;7;1632353542916;;0;0;0;TJPE;G1;;2021/TJPE/09/G1/TJPE17321202109221632353542908;False;2021-09-22 20:32:22.916;Erro no arquivo
25;650406867;TJPE37225202109221632353540323;817f9e7398cd0d0236bca1989c2df5526a0afde12dcf5343896b38f23483716c;7;1632353540333;;0;0;0;TJPE;G1;;2021/TJPE/09/G1/TJPE37225202109221632353540323;False;2021-09-22 20:32:20.333;Erro no arquivo
26;650406862;TJPE69210202109221632353538178;fd330bfc49a5197b5a91ed945bd780eb2eb3ecff26aeeff7d5ae4b3d2c4aec4b;7;1632353538200;;0;0;0;TJPE;G1;;2021/TJPE/09/G1/TJPE69210202109221632353538178;False;2021-09-22 20:32:18.200;Erro no arquivo
27;650406857;TJPE57709202109221632353535916;1454e9bdd922f4aa6ca9284abd790f48e8a8372f09bfdf8a45eb28fda3784bbf;3;1632353535924;;100;100;0;TJPE;JE;1109006.0;2021/TJPE/09/JE/TJPE57709202109221632353535916;False;2021-09-22 20:32:15.924;Processado com sucesso
28;650406853;TJPE42889202109221632353533970;5d5d35ebcb20c917ee4d5d0f0ea6b747b45d40890775567778b56b646ab8662d;7;1632353533984;;0;0;0;TJPE;G1;;2021/TJPE/09/G1/TJPE42889202109221632353533970;False;2021-09-22 20:32:13.984;Erro no arquivo
29;650406841;TJPE65331202109221632353531571;19c694b0c6cbe551eaa4207f72e3ef69747593348de0585695ff3c618044d125;7;1632353531577;;0;0;0;TJPE;G1;;2021/TJPE/09/G1/TJPE65331202109221632353531571;False;2021-09-22 20:32:11.577;Erro no arquivo
30;650406837;TJPE75434202109221632353529393;c14e4556f32456efd33951ea5a290f0a790fe5f1aa32a2ff7193e647ff21a4ce;7;1632353529404;;0;0;0;TJPE;G1;;2021/TJPE/09/G1/TJPE75434202109221632353529393;False;2021-09-22 20:32:09.404;Erro no arquivo
31;650406832;TJPE61416202109221632353527026;964bc1730e2cab456c8472c29abfae984e73d9f3b2753e1edc2ae02cb2c8f6a4;7;1632353527034;;0;0;0;TJPE;G1;;2021/TJPE/09/G1/TJPE61416202109221632353527026;False;2021-09-22 20:32:07.034;Erro no arquivo
32;650406823;TJPE74108202109221632353524617;11b1c372ed61e2dbed4edb02573c94032ba770d16799f23104b1a256544655c4;7;1632353524636;;0;0;0;TJPE;G1;;2021/TJPE/09/G1/TJPE74108202109221632353524617;False;2021-09-22 20:32:04.636;Erro no arquivo
33;650406815;TJPE28805202109221632353522342;7a06d2078edbce70516d6061c80034cfaee718eccad1e7fa83078a727f512ec4;7;1632353522348;;0;0;0;TJPE;G1;;2021/TJPE/09/G1/TJPE28805202109221632353522342;False;2021-09-22 20:32:02.348;Erro no arquivo
34;650406811;TJPE88664202109221632353520764;e843a7a7836b0545ebb872807c67e4a364e7fc01ddeea0481c1d110ac042214a;7;1632353520772;;0;0;0;TJPE;G1;;2021/TJPE/09/G1/TJPE88664202109221632353520764;False;2021-09-22 20:32:00.772;Erro no arquivo
35;650406804;TJPE23816202109221632353519074;d2d5bc3be494b43225d395b494cd1a36ece1e0192d3d3ef057a4aa4b3f753bf3;7;1632353519083;;0;0;0;TJPE;G1;;2021/TJPE/09/G1/TJPE23816202109221632353519074;False;2021-09-22 20:31:59.083;Erro no arquivo
36;650406800;TJPE24694202109221632353517247;af8b0aa4c9618795e0171a4c7f80335066ccc5aaaa0d5123f1d0949a19abb780;7;1632353517255;;0;0;0;TJPE;G1;;2021/TJPE/09/G1/TJPE24694202109221632353517247;False;2021-09-22 20:31:57.255;Erro no arquivo
37;650406795;TJPE95912202109221632353515326;3f23d7d7df0496c18ba4a334fa086250d11e4de38a48ca6714f671f151b9a12a;7;1632353515336;;0;0;0;TJPE;G1;;2021/TJPE/09/G1/TJPE95912202109221632353515326;False;2021-09-22 20:31:55.336;Erro no arquivo
38;650406789;TJPE92830202109221632353513736;b478ef59695a2e9783731a1c90d082e3b665399507400f7e3d16785faf42c746;7;1632353513749;;0;0;0;TJPE;G1;;2021/TJPE/09/G1/TJPE92830202109221632353513736;False;2021-09-22 20:31:53.749;Erro no arquivo
39;650406773;TJPE12301202109221632353507030;182057ab2cdf9e3135b145935cb6ba592093cae6eefeea1e3cfbe5fbf43f137c;7;1632353507052;;0;0;0;TJPE;G1;;2021/TJPE/09/G1/TJPE12301202109221632353507030;False;2021-09-22 20:31:47.052;Erro no arquivo
0;650406756;TJPE21509202109221632353500835;c423bc1edb17683dbd48b1519d2caff8e4de2dbd99b93405b2b4c1865aae72e6;7;1632353500848;;0;0;0;TJPE;G1;;2021/TJPE/09/G1/TJPE21509202109221632353500835;False;2021-09-22 20:31:40.848;Erro no arquivo
1;650406741;TJPE72927202109221632353495689;fa86f1f95bf4755cd298c91ba922b77e7c72e227c5f9f956a4e7161a8946cf43;3;1632353495698;;100;100;0;TJPE;JE;1140162.0;2021/TJPE/09/JE/TJPE72927202109221632353495689;False;2021-09-22 20:31:35.698;Processado com sucesso
2;650406712;TJPE30123202109221632353488542;4fbe334f5247c78ffeec619cc557f538ac392800dc37dff3eedb643a6ce7552e;3;1632353488551;;100;100;0;TJPE;JE;1140314.0;2021/TJPE/09/JE/TJPE30123202109221632353488542;False;2021-09-22 20:31:28.551;Processado com sucesso
3;650406696;TJPE50240202109221632353481545;0515242f179f4d05c79debb1e50645c2d353f47524e09d12cd344d8315c39fc6;7;1632353481552;;0;0;0;TJPE;G1;;2021/TJPE/09/G1/TJPE50240202109221632353481545;False;2021-09-22 20:31:21.552;Erro no arquivo
4;650406684;TJPE81244202109221632353477666;c7c4f7ca7279e1e5f0e5711c6977a46e2c8e508b7ce85126749dfed58375f13c;7;1632353477676;;0;0;0;TJPE;G1;;2021/TJPE/09/G1/TJPE81244202109221632353477666;False;2021-09-22 20:31:17.676;Erro no arquivo
5;650406669;TJPE11350202109221632353472396;82fcafcfaf5d9dec1885027f8d9dd41ead486457b3fc07b2a08b625eb64c62bc;7;1632353472409;;0;0;0;TJPE;G1;;2021/TJPE/09/G1/TJPE11350202109221632353472396;False;2021-09-22 20:31:12.409;Erro no arquivo
6;650406664;TJPE75293202109221632353470214;1923913aa30f3b625ae1879132ce1cefa9f3b47859a1ec3299087e2cade8db8d;7;1632353470228;;0;0;0;TJPE;G1;;2021/TJPE/09/G1/TJPE75293202109221632353470214;False;2021-09-22 20:31:10.228;Erro no arquivo
7;650406658;TJPE97144202109221632353467980;03276806630229ae46de6e670fd98aa63338a3954b03d08d527e68c60b67aa9c;7;1632353467988;;0;0;0;TJPE;G1;;2021/TJPE/09/G1/TJPE97144202109221632353467980;False;2021-09-22 20:31:07.988;Erro no arquivo
8;650406655;TJPE75713202109221632353464778;bdc4b42e013131cfbde0c0dc77056ab2a6ca7be06677fd118a509fe703f3f743;7;1632353464789;;0;0;0;TJPE;G1;;2021/TJPE/09/G1/TJPE75713202109221632353464778;False;2021-09-22 20:31:04.789;Erro no arquivo
9;650406646;TJPE31881202109221632353462524;ad407c642a698fcb08ad0d0bc741b44d5cb517b95144c576d3d0afd1a836bc1c;7;1632353462538;;0;0;0;TJPE;G1;;2021/TJPE/09/G1/TJPE31881202109221632353462524;False;2021-09-22 20:31:02.538;Erro no arquivo
10;650406633;TJPE12387202109221632353452112;0bbeb5c0722bda379f07403b4e716352bc7ed8d3469b73fd82d0041e93707912;7;1632353452120;;0;0;0;TJPE;G1;;2021/TJPE/09/G1/TJPE12387202109221632353452112;False;2021-09-22 20:30:52.120;Erro no arquivo
11;650406628;TJPE69254202109221632353450244;ccd15fb0bb6559ffcb2ba9c16d7d8ad93275589b13fa268d8ace1b1bec70b70f;7;1632353450262;;0;0;0;TJPE;G1;;2021/TJPE/09/G1/TJPE69254202109221632353450244;False;2021-09-22 20:30:50.262;Erro no arquivo
12;650406623;TJPE78816202109221632353448465;34ab20c5a266e03ea637da2e1e48942c5346f333081c15926c99e694ab6a67b3;7;1632353448479;;0;0;0;TJPE;G1;;2021/TJPE/09/G1/TJPE78816202109221632353448465;False;2021-09-22 20:30:48.479;Erro no arquivo
13;650406584;TJPE18404202109221632353431010;32ef39ad1b66547df277a60993741550c7aa501ede99c1f0351e7acdf0e49a0c;7;1632353431019;;0;0;0;TJPE;G1;;2021/TJPE/09/G1/TJPE18404202109221632353431010;False;2021-09-22 20:30:31.019;Erro no arquivo
14;650406580;TJPE50496202109221632353429088;855e7d39deeaa8c3760afca5cf71983ee58e5be95fb747e1982b6322e84843d5;7;1632353429098;;0;0;0;TJPE;G1;;2021/TJPE/09/G1/TJPE50496202109221632353429088;False;2021-09-22 20:30:29.098;Erro no arquivo
15;650406574;TJPE18273202109221632353426334;e1d1c4b8b71bcd675f34067f953e96e9af4aa645b40ddfc54ea73902baafa876;7;1632353426350;;0;0;0;TJPE;G1;;2021/TJPE/09/G1/TJPE18273202109221632353426334;False;2021-09-22 20:30:26.350;Erro no arquivo
16;650406570;TJPE50750202109221632353424411;08f469cec1e563c5efd736fe8cf6b93f86217cdeb8baf8925ebf6aae367c99b7;3;1632353424436;;100;100;0;TJPE;G1;1347242.0;2021/TJPE/09/G1/TJPE50750202109221632353424411;False;2021-09-22 20:30:24.436;Processado com sucesso
17;650406566;TJPE63534202109221632353422194;693497a0cbbcab7399b4b7ee376bb6780f07abea89fdc28e83c2bfc225ab8dec;3;1632353422201;;100;100;0;TJPE;JE;1017259.0;2021/TJPE/09/JE/TJPE63534202109221632353422194;False;2021-09-22 20:30:22.201;Processado com sucesso
18;650406560;TJPE63166202109221632353420312;daf4b1282602a2df455404e8ce14e76698ed0e96baa27b4450e644dfff3f48fc;7;1632353420319;;0;0;0;TJPE;G1;;2021/TJPE/09/G1/TJPE63166202109221632353420312;False;2021-09-22 20:30:20.319;Erro no arquivo
19;650406556;TJPE28835202109221632353418105;5ce55cdcf09f1639d178ccd1d6176b79848509386e09f3206255595724c7be9a;7;1632353418113;;0;0;0;TJPE;G1;;2021/TJPE/09/G1/TJPE28835202109221632353418105;False;2021-09-22 20:30:18.113;Erro no arquivo
20;650406549;TJPE39676202109221632353415807;f5c5914929a0f2deeb518558c532d0c5cb548575d1f4802494645e0f8fafe78e;7;1632353415818;;0;0;0;TJPE;G1;;2021/TJPE/09/G1/TJPE39676202109221632353415807;False;2021-09-22 20:30:15.818;Erro no arquivo
21;650406540;TJPE89463202109221632353413363;af08da3d2325d7e6ea26f5eaf3c4fc94493bb41e323877a5af23ad4e299895bb;7;1632353413371;;0;0;0;TJPE;G1;;2021/TJPE/09/G1/TJPE89463202109221632353413363;False;2021-09-22 20:30:13.371;Erro no arquivo
22;650406533;TJPE91901202109221632353411236;bbde3ce570ea7ca0f28501eca70838bab18c99456348786de89e1f9fcac014a0;7;1632353411244;;0;0;0;TJPE;G1;;2021/TJPE/09/G1/TJPE91901202109221632353411236;False;2021-09-22 20:30:11.244;Erro no arquivo
23;650406526;TJPE43613202109221632353408385;82e3559d9b7894f14eb8772df7735eaa1cfafe61b91da01cd570d5cf1144a746;7;1632353408397;;0;0;0;TJPE;G1;;2021/TJPE/09/G1/TJPE43613202109221632353408385;False;2021-09-22 20:30:08.397;Erro no arquivo
24;650406520;TJPE47441202109221632353405330;1e9a1f69c942d7d36f5a57ff15e1935087573143b818e3a1bec73d8873c9d56d;7;1632353405337;;0;0;0;TJPE;G1;;2021/TJPE/09/G1/TJPE47441202109221632353405330;False;2021-09-22 20:30:05.337;Erro no arquivo
25;650406515;TJPE84073202109221632353403068;f0991a8337850bb8286999708320593898d0f566b7d35d0c80f3543e58858309;7;1632353403078;;0;0;0;TJPE;G1;;2021/TJPE/09/G1/TJPE84073202109221632353403068;False;2021-09-22 20:30:03.078;Erro no arquivo
26;650406510;TJPE93991202109221632353401070;f61eef2c7dcc450f127084cb04c258fe7fb11810685c8ec5cb541bf454d29193;7;1632353401079;;0;0;0;TJPE;G1;;2021/TJPE/09/G1/TJPE93991202109221632353401070;False;2021-09-22 20:30:01.079;Erro no arquivo
27;650406503;TJPE43771202109221632353399058;99b4913988cbd88e158d65ba6222c9dd190c84b889ef9deaa8150d5f43b92b50;7;1632353399081;;0;0;0;TJPE;G1;;2021/TJPE/09/G1/TJPE43771202109221632353399058;False;2021-09-22 20:29:59.081;Erro no arquivo
28;650406499;TJPE59615202109221632353396716;3e25414835c31e08473f358eeeef24ef76d6730a9339d7b2966d36a478a0510a;7;1632353396730;;0;0;0;TJPE;G1;;2021/TJPE/09/G1/TJPE59615202109221632353396716;False;2021-09-22 20:29:56.730;Erro no arquivo
29;650406490;TJPE79749202109221632353393980;817b4fc8113fa43d717768685777df845deee60216a52667293fac99a5deca44;7;1632353393989;;0;0;0;TJPE;G1;;2021/TJPE/09/G1/TJPE79749202109221632353393980;False;2021-09-22 20:29:53.989;Erro no arquivo
30;650406486;TJPE87741202109221632353391669;f8dbad4fb02f42f84cce7523322c4aed07d1d98575ebc7572973059a68e8cd6f;7;1632353391677;;0;0;0;TJPE;JE;;2021/TJPE/09/JE/TJPE87741202109221632353391669;False;2021-09-22 20:29:51.677;Erro no arquivo
31;650406477;TJPE85971202109221632353389403;cbfec6991def141d90fd98debbc39ccb0e167721810690ab5fed5c212c306dc6;7;1632353389410;;0;0;0;TJPE;G1;;2021/TJPE/09/G1/TJPE85971202109221632353389403;False;2021-09-22 20:29:49.410;Erro no arquivo
32;650406474;TJPE76511202109221632353387561;973b9b088680b766e38bf8f7358898216d50d4938671c0c0b7676d771c49818c;7;1632353387573;;0;0;0;TJPE;G1;;2021/TJPE/09/G1/TJPE76511202109221632353387561;False;2021-09-22 20:29:47.573;Erro no arquivo
33;650406463;TJPE29610202109221632353385398;42edb8d93997a32609bcfbeb4d4e6cb09cd0a0577d6a15a77ea8db245ea50746;7;1632353385406;;0;0;0;TJPE;JE;;2021/TJPE/09/JE/TJPE29610202109221632353385398;False;2021-09-22 20:29:45.406;Erro no arquivo
34;650406457;TJPE37027202109221632353383410;4041ec9cf225c73756a2484c22e595ac328fa9ed932dd7feff5f98c3120a2697;7;1632353383419;;0;0;0;TJPE;G1;;2021/TJPE/09/G1/TJPE37027202109221632353383410;False;2021-09-22 20:29:43.419;Erro no arquivo
35;650406448;TJPE92197202109221632353379866;f66199560f201279c450727d6add275da4f1bb0beb7928adbfa80a4e61762c58;7;1632353379880;;0;0;0;TJPE;G1;;2021/TJPE/09/G1/TJPE92197202109221632353379866;False;2021-09-22 20:29:39.880;Erro no arquivo
36;650406427;TJPE81154202109221632353372131;e094d07e07f63de79921411faf2f5712a2e417e7dcf4b9e5ea39cfafc3e8561b;7;1632353372139;;0;0;0;TJPE;G1;;2021/TJPE/09/G1/TJPE81154202109221632353372131;False;2021-09-22 20:29:32.139;Erro no arquivo
37;650406416;TJPE31867202109221632353366886;ead0f14208191210e736435ff9f17c509dbd068faf1deb1b4c7989c0abc77baf;7;1632353366894;;0;0;0;TJPE;G1;;2021/TJPE/09/G1/TJPE31867202109221632353366886;False;2021-09-22 20:29:26.894;Erro no arquivo
38;650406409;TJPE58533202109221632353362706;0e952bf8f863f1ec8a502f3e9fd4ff4897149bea8a41573885356a0032fb7fad;7;1632353362730;;0;0;0;TJPE;G1;;2021/TJPE/09/G1/TJPE58533202109221632353362706;False;2021-09-22 20:29:22.730;Erro no arquivo
39;650406404;TJPE37884202109221632353359761;eb6bc1086f3a1716145a9748b44a6d48b0f7fb29c3c0994509f95d93728fc28c;7;1632353359785;;0;0;0;TJPE;G1;;2021/TJPE/09/G1/TJPE37884202109221632353359761;False;2021-09-22 20:29:19.785;Erro no arquivo
0;650406395;TJPE24654202109221632353355375;558cfce8b056c241818ab2495626521d70a96c30b9ec5127b5684c47612a171c;7;1632353355384;;0;0;0;TJPE;G1;;2021/TJPE/09/G1/TJPE24654202109221632353355375;False;2021-09-22 20:29:15.384;Erro no arquivo
1;650406380;TJPE99924202109221632353349777;d2e8aa0c13f1e0339a576cbe7d3fbb77fd39c1d6efa6b2f379e37c064f804bcd;3;1632353349791;;100;100;0;TJPE;JE;1259836.0;2021/TJPE/09/JE/TJPE99924202109221632353349777;False;2021-09-22 20:29:09.791;Processado com sucesso
2;650406352;TJPE16105202109221632353342492;30b5bb1603d74ba0cb7db839022b9b1dbdd2c29c8e52b7de0c185361dc75a57a;7;1632353342499;;0;0;0;TJPE;G1;;2021/TJPE/09/G1/TJPE16105202109221632353342492;False;2021-09-22 20:29:02.499;Erro no arquivo
3;650406334;TJPE81887202109221632353333978;12e90700adb0debe082d03f730f18a833dad072f135b612c97cd4e0eb70d8c28;3;1632353333987;;100;100;0;TJPE;JE;1237791.0;2021/TJPE/09/JE/TJPE81887202109221632353333978;False;2021-09-22 20:28:53.987;Processado com sucesso
4;650406320;TJPE11340202109221632353328835;8ca86d6d42e20dd19c57535afe8b03e3ff69c1db21f57cb629d859d245c2d192;7;1632353328843;;0;0;0;TJPE;G1;;2021/TJPE/09/G1/TJPE11340202109221632353328835;False;2021-09-22 20:28:48.843;Erro no arquivo
5;650406298;TJPE28594202109221632353321651;03dbe71e8a1c1976f8669a9d2278c573a1c5c7b3217c1900b19245ee763cf4e1;7;1632353321659;;0;0;0;TJPE;G1;;2021/TJPE/09/G1/TJPE28594202109221632353321651;False;2021-09-22 20:28:41.659;Erro no arquivo
6;650406289;TJPE69352202109221632353317549;78c44b3a11a257fc5dcc628ead491c04bd5305be669e8e28410ecbe56416402b;7;1632353317557;;0;0;0;TJPE;G1;;2021/TJPE/09/G1/TJPE69352202109221632353317549;False;2021-09-22 20:28:37.557;Erro no arquivo
7;650406275;TJPE35970202109221632353312334;9b3389754e2c47a3f85d0887aaa93fba6b412b0f6d34b494e95e472a150cc257;7;1632353312343;;0;0;0;TJPE;G1;;2021/TJPE/09/G1/TJPE35970202109221632353312334;False;2021-09-22 20:28:32.343;Erro no arquivo
8;650406257;TJPE58520202109221632353305273;aa246112af214dd32935ed4b16e1a8766badc55c9cb87ae87b6be498a5390531;7;1632353305281;;0;0;0;TJPE;G1;;2021/TJPE/09/G1/TJPE58520202109221632353305273;False;2021-09-22 20:28:25.281;Erro no arquivo
9;650406237;TJPE50633202109221632353297599;1bebee41c615def6ba4184642f1792a770b5b64c2c49163f0a2554da3a8d08d8;7;1632353297612;;0;0;0;TJPE;G1;;2021/TJPE/09/G1/TJPE50633202109221632353297599;False;2021-09-22 20:28:17.612;Erro no arquivo
10;650406224;TJPE20521202109221632353292573;d35d9d4259c3f7c189721511bd03dcafbb89ebec59c9f42c7aca0d2845a30edd;7;1632353292580;;0;0;0;TJPE;G1;;2021/TJPE/09/G1/TJPE20521202109221632353292573;False;2021-09-22 20:28:12.580;Erro no arquivo
11;650406214;TJPE69758202109221632353287593;222dbb7c66008b321c22e4f2aa88e6433be74f0c2240f3e855b160e8559aebdc;7;1632353287602;;0;0;0;TJPE;G1;;2021/TJPE/09/G1/TJPE69758202109221632353287593;False;2021-09-22 20:28:07.602;Erro no arquivo
12;650406203;TJPE88217202109221632353283705;22673cb998a32d00835a348d50434efe5ceddbd3e570c9227f77ed77167f6725;7;1632353283715;;0;0;0;TJPE;G1;;2021/TJPE/09/G1/TJPE88217202109221632353283705;False;2021-09-22 20:28:03.715;Erro no arquivo
13;650406198;TJPE19796202109221632353281268;f4037e42eb4127568139f2fdfa484a37052d41ba4dcc8e1dba821e2f92c2ea18;7;1632353281278;;0;0;0;TJPE;G1;;2021/TJPE/09/G1/TJPE19796202109221632353281268;False;2021-09-22 20:28:01.278;Erro no arquivo
14;650406187;TJPE67945202109221632353278976;9b052ca67972a791d802cd653744f28c8acdf7f52b16dedc2bbd833596920d51;3;1632353278986;;93;93;0;TJPE;G1;1245840.0;2021/TJPE/09/G1/TJPE67945202109221632353278976;False;2021-09-22 20:27:58.986;Processado com sucesso
15;650406180;TJPE18249202109221632353276843;2a3a0a4812c0b452a657b5fc84243bbf6662d477f0b214dfc45e7058fad8be03;7;1632353276854;;0;0;0;TJPE;G1;;2021/TJPE/09/G1/TJPE18249202109221632353276843;False;2021-09-22 20:27:56.854;Erro no arquivo
16;650406171;TJPE62663202109221632353274749;74dd44a1282c716ea341cccb104994c0fae90b250b2db7e8780ff6af1579922a;7;1632353274756;;0;0;0;TJPE;G1;;2021/TJPE/09/G1/TJPE62663202109221632353274749;False;2021-09-22 20:27:54.756;Erro no arquivo
17;650406165;TJPE94255202109221632353272813;183367e9473bf67961c0167832626fff2022662c92b25b4578b2ba92d4967e5e;7;1632353272821;;0;0;0;TJPE;G1;;2021/TJPE/09/G1/TJPE94255202109221632353272813;False;2021-09-22 20:27:52.821;Erro no arquivo
18;650406160;TJPE43762202109221632353270419;863ee0c846eea4673e3425a554f5de5c9f2d2dd2b532b8718cce0b172d4ebd88;7;1632353270433;;0;0;0;TJPE;G1;;2021/TJPE/09/G1/TJPE43762202109221632353270419;False;2021-09-22 20:27:50.433;Erro no arquivo
19;650406157;TJPE64996202109221632353268414;8d0842ced5bc2abcdcb0d4929ed15cd408e0ee363e4aa817e7576b71eae9333c;7;1632353268426;;0;0;0;TJPE;G1;;2021/TJPE/09/G1/TJPE64996202109221632353268414;False;2021-09-22 20:27:48.426;Erro no arquivo
20;650406153;TJPE21003202109221632353266468;094f9016a2f3b81a43d6d929081d0567d266fbdfc114d6ecdbd6ef8d1a5bd233;7;1632353266476;;0;0;0;TJPE;G1;;2021/TJPE/09/G1/TJPE21003202109221632353266468;False;2021-09-22 20:27:46.476;Erro no arquivo
21;650406148;TJPE89642202109221632353264146;dd6692d4310071922e4f512820ae5436c520b8904d2a3311b2c54167fc8eb0d0;7;1632353264157;;0;0;0;TJPE;G1;;2021/TJPE/09/G1/TJPE89642202109221632353264146;False;2021-09-22 20:27:44.157;Erro no arquivo
22;650406142;TJPE11328202109221632353262611;09a56c688edd0aecf42d9bca4724d0d476ab917bb522a113a25dcaf28caeb5c5;7;1632353262623;;0;0;0;TJPE;G1;;2021/TJPE/09/G1/TJPE11328202109221632353262611;False;2021-09-22 20:27:42.623;Erro no arquivo
23;650406130;TJPE42646202109221632353260529;882b055922ab3df134aec1d5a7398837e0465fca1f4c8292db2b19d81a8c7639;7;1632353260543;;0;0;0;TJPE;G1;;2021/TJPE/09/G1/TJPE42646202109221632353260529;False;2021-09-22 20:27:40.543;Erro no arquivo
24;650406126;TJPE80980202109221632353258092;d188c764126de472a1b0c948b6f4d1dbcba85bfa04a4b68f412caedc7cdeda3f;7;1632353258101;;0;0;0;TJPE;G1;;2021/TJPE/09/G1/TJPE80980202109221632353258092;False;2021-09-22 20:27:38.101;Erro no arquivo
25;650406121;TJPE15837202109221632353255991;10032928986e65d97b5b52664e052c71001f042d55bb14d3a093bf55f2743cfb;7;1632353256003;;0;0;0;TJPE;G1;;2021/TJPE/09/G1/TJPE15837202109221632353255991;False;2021-09-22 20:27:36.003;Erro no arquivo
26;650406115;TJPE15847202109221632353253351;35a308d15d544bd83db9d260aa086d794722a4ec53378627df75bcee851d71c1;7;1632353253373;;0;0;0;TJPE;G1;;2021/TJPE/09/G1/TJPE15847202109221632353253351;False;2021-09-22 20:27:33.373;Erro no arquivo
27;650406101;TJPE53868202109221632353247221;7410a1b9d968765e6a53f75c7824106e2f762af91197569e8f82a58291e4cb85;7;1632353247231;;0;0;0;TJPE;G1;;2021/TJPE/09/G1/TJPE53868202109221632353247221;False;2021-09-22 20:27:27.231;Erro no arquivo
28;650406093;TJPE92604202109221632353243555;ee19ba3dd6960634cd80286f643d9b87cfd8a9e42f20d736043e14d633a136d9;7;1632353243565;;0;0;0;TJPE;G1;;2021/TJPE/09/G1/TJPE92604202109221632353243555;False;2021-09-22 20:27:23.565;Erro no arquivo
29;650406084;TJPE46964202109221632353239519;60c7f574c50bcef269569281fe21cba0f24aa203a4b9e01ff66a5ea01c1a2e89;3;1632353239526;;100;100;0;TJPE;JE;974191.0;2021/TJPE/09/JE/TJPE46964202109221632353239519;False;2021-09-22 20:27:19.526;Processado com sucesso
30;650406072;TJPE17569202109221632353232952;1cdba383c18fed1a6951ca780d458db2a64cb865826528ec1eebde1536b9ad14;7;1632353232961;;0;0;0;TJPE;G1;;2021/TJPE/09/G1/TJPE17569202109221632353232952;False;2021-09-22 20:27:12.961;Erro no arquivo
31;650406063;TJPE68018202109221632353229219;0dae0b71e8dc2ed26d5e6678eebef2b139892659a802798e8a0e2da20b838bb9;7;1632353229228;;0;0;0;TJPE;G1;;2021/TJPE/09/G1/TJPE68018202109221632353229219;False;2021-09-22 20:27:09.228;Erro no arquivo
32;650406046;TJPE68904202109221632353222319;01969dbd6d00fc344bc861e1b9b62bd3541b691b6c3ecb03fcb9957803fe5a7a;3;1632353222346;;100;100;0;TJPE;G1;1421256.0;2021/TJPE/09/G1/TJPE68904202109221632353222319;False;2021-09-22 20:27:02.346;Processado com sucesso
33;650406034;TJPE99321202109221632353218512;f521bb90e0e892e753a4f49283f0c4f6af552524cc70ae5c0c1260bd0932c24b;7;1632353218521;;0;0;0;TJPE;G1;;2021/TJPE/09/G1/TJPE99321202109221632353218512;False;2021-09-22 20:26:58.521;Erro no arquivo
34;650406029;TJPE44947202109221632353215988;5c2ee767876a112467a9aef82dcf0f50f50c3ea7313e5f918b384254fc89b1a6;7;1632353216008;;0;0;0;TJPE;G1;;2021/TJPE/09/G1/TJPE44947202109221632353215988;False;2021-09-22 20:26:56.008;Erro no arquivo
35;650406019;TJPE12920202109221632353211184;36a299a7503425b80dbc0a7c6f18451909b92135c4fcdb42a0c657f015d7ea84;3;1632353211204;;100;100;0;TJPE;G1;1756698.0;2021/TJPE/09/G1/TJPE12920202109221632353211184;False;2021-09-22 20:26:51.204;Processado com sucesso
36;650406004;TJPE32661202109221632353205047;52e42091099268c657507aaca21008ceb5f05a727b682c66a590c825bf694120;7;1632353205058;;0;0;0;TJPE;G1;;2021/TJPE/09/G1/TJPE32661202109221632353205047;False;2021-09-22 20:26:45.058;Erro no arquivo
37;650405990;TJPE83445202109221632353198765;823aed309fa938a9a6dd590effc5459954a7bef8391d8dd7a4e6f4c25c203c3b;7;1632353198772;;0;0;0;TJPE;G1;;2021/TJPE/09/G1/TJPE83445202109221632353198765;False;2021-09-22 20:26:38.772;Erro no arquivo
38;650405976;TJPE20028202109221632353194121;7f169a12f3c4d21fc0e76a4d34b25ec1e52ed4bc4872cee15f8df7bd92223364;7;1632353194143;;0;0;0;TJPE;G1;;2021/TJPE/09/G1/TJPE20028202109221632353194121;False;2021-09-22 20:26:34.143;Erro no arquivo
39;650405965;TJPE23594202109221632353187991;fe249fa18d828f57a2e73abe7e738902071e5bd5b0f115b1195f038d960dfe49;7;1632353188003;;0;0;0;TJPE;G1;;2021/TJPE/09/G1/TJPE23594202109221632353187991;False;2021-09-22 20:26:28.003;Erro no arquivo
0;650405955;TJPE63620202109221632353181064;f341d425dd933d8a84ebaccd8eadb745e0dfeacc43a69939e84538319ad8e787;7;1632353181076;;0;0;0;TJPE;G1;;2021/TJPE/09/G1/TJPE63620202109221632353181064;False;2021-09-22 20:26:21.076;Erro no arquivo
1;650405949;TJPE33921202109221632353177385;b2273daf6c85e63f1f6a762d8f4680f8106811584bf71ef1179725a864959907;7;1632353177392;;0;0;0;TJPE;G1;;2021/TJPE/09/G1/TJPE33921202109221632353177385;False;2021-09-22 20:26:17.392;Erro no arquivo
2;650405944;TJPE31255202109221632353174374;61fe037cd40ba3aa6a5d10396eb9e797abf3f07f166964a1122c4e091babbc0e;7;1632353174395;;0;0;0;TJPE;G1;;2021/TJPE/09/G1/TJPE31255202109221632353174374;False;2021-09-22 20:26:14.395;Erro no arquivo
3;650405932;TJPE94246202109221632353168182;591b3f89251915ad79fc3c69c0090b80aafe6d79dabc06c179c67f70cf4c1767;7;1632353168191;;0;0;0;TJPE;G1;;2021/TJPE/09/G1/TJPE94246202109221632353168182;False;2021-09-22 20:26:08.191;Erro no arquivo
4;650405919;TJPE78307202109221632353160411;9e0689af9da794038f000f2c7deb434a80652f3c919975ca2997c8362c3c9d8b;7;1632353160420;;0;0;0;TJPE;G1;;2021/TJPE/09/G1/TJPE78307202109221632353160411;False;2021-09-22 20:26:00.420;Erro no arquivo
5;650405913;TJPE56063202109221632353156644;5910ca2fdeedc939f6c9f7ecd93c521f9d37a9dafc08317e2d8a7a8eb3b3d49f;7;1632353156659;;0;0;0;TJPE;G1;;2021/TJPE/09/G1/TJPE56063202109221632353156644;False;2021-09-22 20:25:56.659;Erro no arquivo
6;650405909;TJPE38405202109221632353154907;6495272eed0c467edc1bf1576a40918d87ed46e90f418a0604938dd5ea5c4247;7;1632353154918;;0;0;0;TJPE;G1;;2021/TJPE/09/G1/TJPE38405202109221632353154907;False;2021-09-22 20:25:54.918;Erro no arquivo
7;650405902;TJPE48921202109221632353152623;2c8dd0a8e29aa6009063078fe1cf513ee7c45fea083df71321b542621f5c07f1;7;1632353152637;;0;0;0;TJPE;G1;;2021/TJPE/09/G1/TJPE48921202109221632353152623;False;2021-09-22 20:25:52.637;Erro no arquivo
8;650405893;TJPE51259202109221632353150692;edba6691d9d6c045ec81e9a1a16e7a9899eb1bba5a7581f3c0415541c2eea764;7;1632353150714;;0;0;0;TJPE;G1;;2021/TJPE/09/G1/TJPE51259202109221632353150692;False;2021-09-22 20:25:50.714;Erro no arquivo
9;650405883;TJPE43589202109221632353148504;494353b2c191fc5a381102bf32870268a6547a126623473083a1fd8dee06b140;7;1632353148513;;0;0;0;TJPE;G1;;2021/TJPE/09/G1/TJPE43589202109221632353148504;False;2021-09-22 20:25:48.513;Erro no arquivo
10;650405880;TJPE60074202109221632353146320;5d5ca03c5ac043abcfc953977ec7fb8591b1215d4e48c53bcf87bc6ea8147f16;7;1632353146363;;0;0;0;TJPE;G1;;2021/TJPE/09/G1/TJPE60074202109221632353146320;False;2021-09-22 20:25:46.363;Erro no arquivo
11;650405876;TJPE68609202109221632353144295;4e2fe8cb498965357604ed04f1d67ca5f266b6ccb737d12fb6aed2821bb55236;7;1632353144304;;0;0;0;TJPE;G1;;2021/TJPE/09/G1/TJPE68609202109221632353144295;False;2021-09-22 20:25:44.304;Erro no arquivo
12;650405870;TJPE13362202109221632353141941;2a0975beedd7f9e9cfcd12882dacd8921299399a93f43e5ba78303b441376bb9;7;1632353141950;;0;0;0;TJPE;G1;;2021/TJPE/09/G1/TJPE13362202109221632353141941;False;2021-09-22 20:25:41.950;Erro no arquivo
13;650405864;TJPE19523202109221632353139173;d3c06580e1d27928c900b5ed314de7826d94267a2d14fc0eb244d263604fbab7;7;1632353139187;;0;0;0;TJPE;G1;;2021/TJPE/09/G1/TJPE19523202109221632353139173;False;2021-09-22 20:25:39.187;Erro no arquivo
14;650405860;TJPE47285202109221632353137183;06f9fc29ee4f2c675b9dd4d30ab803debcd91364ce61b412fd4cd4acaa9bd2e1;3;1632353137206;;100;100;0;TJPE;JE;1205121.0;2021/TJPE/09/JE/TJPE47285202109221632353137183;False;2021-09-22 20:25:37.206;Processado com sucesso
15;650405853;TJPE60257202109221632353135007;5b32fdb340fa671f79e58af01bfd721a40dfef1449d6b3a610b187bac011bd79;7;1632353135014;;0;0;0;TJPE;G1;;2021/TJPE/09/G1/TJPE60257202109221632353135007;False;2021-09-22 20:25:35.014;Erro no arquivo
16;650405848;TJPE46090202109221632353133275;90fc48d4843eeaa7f8b1e9a858ba1fc4d6ae146e0ebd6f6b8e5375b31a25322b;3;1632353133315;;100;100;0;TJPE;G1;1775673.0;2021/TJPE/09/G1/TJPE46090202109221632353133275;False;2021-09-22 20:25:33.315;Processado com sucesso
17;650405844;TJPE65281202109221632353130496;a1f6f2842c76cd2f9793e542dbe8cebc2e513d7a7616c355fa6cf46ab19dc478;7;1632353130509;;0;0;0;TJPE;G1;;2021/TJPE/09/G1/TJPE65281202109221632353130496;False;2021-09-22 20:25:30.509;Erro no arquivo
18;650405839;TJPE72521202109221632353128473;b5cb34f61de102f8f08dd11ce858d5b2681e11d1b7f36660a0d6f37cde5e4e66;7;1632353128482;;0;0;0;TJPE;G1;;2021/TJPE/09/G1/TJPE72521202109221632353128473;False;2021-09-22 20:25:28.482;Erro no arquivo
19;650405834;TJPE69122202109221632353126525;ce3cd07ab99902a45c4625089fec190d268ec1c3388c729587dedb36a77ddfd0;7;1632353126565;;0;0;0;TJPE;G1;;2021/TJPE/09/G1/TJPE69122202109221632353126525;False;2021-09-22 20:25:26.565;Erro no arquivo
20;650405818;TJPE78123202109221632353119270;02f28add3e60065af198d1aaee9bf3dc01ab295d8f83a73ebd911c798bd3eabf;7;1632353119279;;0;0;0;TJPE;G1;;2021/TJPE/09/G1/TJPE78123202109221632353119270;False;2021-09-22 20:25:19.279;Erro no arquivo
21;650405806;TJPE90021202109221632353115913;45a2bb62844efb2e78e3e9fd80c0e2ad4bfe967e27b875b319cdb73c44e93c3d;7;1632353115922;;0;0;0;TJPE;G1;;2021/TJPE/09/G1/TJPE90021202109221632353115913;False;2021-09-22 20:25:15.922;Erro no arquivo
22;650405792;TJPE14913202109221632353110698;d3d4faed8eece704207342129bac364f72b98b774d9045091a8c0d44442ea9a0;3;1632353110709;;100;100;0;TJPE;JE;1145837.0;2021/TJPE/09/JE/TJPE14913202109221632353110698;False;2021-09-22 20:25:10.709;Processado com sucesso
23;650405784;TJPE65119202109221632353107701;3e6e7077546b1daad001df89cd94bf1db2d0c0af68aad6aabbca14cbdc9f06e8;7;1632353107721;;0;0;0;TJPE;G1;;2021/TJPE/09/G1/TJPE65119202109221632353107701;False;2021-09-22 20:25:07.721;Erro no arquivo
24;650405770;TJPE29866202109221632353100712;ec7e479d62412b57578656d36f993ac7c91a72abe6d3d054b100f024fc3df5f6;3;1632353100721;;97;97;0;TJPE;G1;1176300.0;2021/TJPE/09/G1/TJPE29866202109221632353100712;False;2021-09-22 20:25:00.721;Processado com sucesso
25;650405757;TJPE34165202109221632353094799;0362d2e97e3d95c7e30601d5503f7e71cae168bd33e7a4d9ef28f7a5509f27e8;7;1632353094804;;0;0;0;TJPE;G1;;2021/TJPE/09/G1/TJPE34165202109221632353094799;False;2021-09-22 20:24:54.804;Erro no arquivo
26;650405748;TJPE17673202109221632353091500;f196a35bb4a2846436432399ba04658f9f89a909f4020adcb29802bf8afb3efb;7;1632353091513;;0;0;0;TJPE;G1;;2021/TJPE/09/G1/TJPE17673202109221632353091500;False;2021-09-22 20:24:51.513;Erro no arquivo
27;650405736;TJPE88600202109221632353086672;03b9bae7da99fd0677ea54aa9f4d431e54e8f15c88f52ec36c45af3cc3890164;7;1632353086680;;0;0;0;TJPE;G1;;2021/TJPE/09/G1/TJPE88600202109221632353086672;False;2021-09-22 20:24:46.680;Erro no arquivo
28;650405717;TJPE23783202109221632353080365;40b11dcf0be932b4a47656dd1d79456f78534d25edd17713fa6916f8a7ecda38;7;1632353080374;;0;0;0;TJPE;G1;;2021/TJPE/09/G1/TJPE23783202109221632353080365;False;2021-09-22 20:24:40.374;Erro no arquivo
29;650405705;TJPE52456202109221632353073451;a765d7b5ee7cbdc893fb76d3ab62b54e070ac76cb0583e3dc884020d2b8310af;7;1632353073464;;0;0;0;TJPE;G1;;2021/TJPE/09/G1/TJPE52456202109221632353073451;False;2021-09-22 20:24:33.464;Erro no arquivo
30;650405695;TJPE61573202109221632353070121;54704c9763c7dcf9d01d145d2004c5633e6baceb9b39cc1238e80da5370a5448;7;1632353070128;;0;0;0;TJPE;G1;;2021/TJPE/09/G1/TJPE61573202109221632353070121;False;2021-09-22 20:24:30.128;Erro no arquivo
31;650405690;TJPE35442202109221632353067863;5ea9c0ba9a26d16beaae805888612a496ee203ba3285bc5414e4944ff3a0ad97;7;1632353067873;;0;0;0;TJPE;G1;;2021/TJPE/09/G1/TJPE35442202109221632353067863;False;2021-09-22 20:24:27.873;Erro no arquivo
32;650405678;TJPE50366202109221632353063458;cd43824d072bfa194bb4009d6f48b9d0d937f4fdbbfa75af9f4354c77a63b1fa;7;1632353063470;;0;0;0;TJPE;G1;;2021/TJPE/09/G1/TJPE50366202109221632353063458;False;2021-09-22 20:24:23.470;Erro no arquivo
33;650405616;TJPE48070202109221632353043301;4c4f813d15c785f151409a90ac5f638b03b51b07ef720741a43f9e5dce1e0a9e;7;1632353043310;;0;0;0;TJPE;G1;;2021/TJPE/09/G1/TJPE48070202109221632353043301;False;2021-09-22 20:24:03.310;Erro no arquivo
34;650405611;TJPE86065202109221632353040484;ea48103c143bb7d3e3eac055c035c4190f4119fa2b6d793c8163ac59a958b36f;7;1632353040506;;0;0;0;TJPE;G1;;2021/TJPE/09/G1/TJPE86065202109221632353040484;False;2021-09-22 20:24:00.506;Erro no arquivo
35;650405607;TJPE86673202109221632353038267;918817bf961dc5e8dc32c232f487820dd72017a2d593691282fa3773171b2a6f;7;1632353038280;;0;0;0;TJPE;G1;;2021/TJPE/09/G1/TJPE86673202109221632353038267;False;2021-09-22 20:23:58.280;Erro no arquivo
36;650405603;TJPE19841202109221632353035853;629aacf5808c21f9623e73624bc022b5d19629586a1d85ecab7dc89926267825;7;1632353035861;;0;0;0;TJPE;G1;;2021/TJPE/09/G1/TJPE19841202109221632353035853;False;2021-09-22 20:23:55.861;Erro no arquivo
37;650405599;TJPE81385202109221632353033798;87f93df707e3721581685e7c123447298cd132d130e2e0288fce87b0991d5cff;7;1632353033806;;0;0;0;TJPE;G1;;2021/TJPE/09/G1/TJPE81385202109221632353033798;False;2021-09-22 20:23:53.806;Erro no arquivo
38;650405591;TJPE50085202109221632353030737;79bd91d98c80ae6cc60b80d26164ddd0098eaadaffff7a5fd5c419e62daadd0f;7;1632353030746;;0;0;0;TJPE;G1;;2021/TJPE/09/G1/TJPE50085202109221632353030737;False;2021-09-22 20:23:50.746;Erro no arquivo
39;650405585;TJPE69278202109221632353028599;5d4e8403225f2a7aa3a30f39802b12425144c0042355e7567b44026df15a3f90;7;1632353028613;;0;0;0;TJPE;G1;;2021/TJPE/09/G1/TJPE69278202109221632353028599;False;2021-09-22 20:23:48.613;Erro no arquivo
0;650405580;TJPE50037202109221632353026135;886f475dd325b065b2ed070b9fe3466ed89eb03f638f6367613836ee5b60ace8;7;1632353026143;;0;0;0;TJPE;G1;;2021/TJPE/09/G1/TJPE50037202109221632353026135;False;2021-09-22 20:23:46.143;Erro no arquivo
1;650405574;TJPE63477202109221632353023836;fcddcd1ba8c2df14a782a307bfe299d9f07a3429ddd031e864d8f5660e685c5f;7;1632353023841;;0;0;0;TJPE;G1;;2021/TJPE/09/G1/TJPE63477202109221632353023836;False;2021-09-22 20:23:43.841;Erro no arquivo
2;650405569;TJPE37336202109221632353022424;cbe0a54ae383b3d5bf9bf43a26c7e26762eba5e21ecfed55c3d071ce1c652172;7;1632353022433;;0;0;0;TJPE;G1;;2021/TJPE/09/G1/TJPE37336202109221632353022424;False;2021-09-22 20:23:42.433;Erro no arquivo
3;650405565;TJPE10028202109221632353020419;571c10556f81fe10ac218a610ee86249db4f1e38cad02fe43719e56ecbadd4d9;7;1632353020429;;0;0;0;TJPE;G1;;2021/TJPE/09/G1/TJPE10028202109221632353020419;False;2021-09-22 20:23:40.429;Erro no arquivo
4;650405560;TJPE73248202109221632353018322;f3d0025f24d8d0e4650ba9ec26151d903d0e856e42577b6742ff9a4315612312;7;1632353018330;;0;0;0;TJPE;G1;;2021/TJPE/09/G1/TJPE73248202109221632353018322;False;2021-09-22 20:23:38.330;Erro no arquivo
5;650405555;TJPE51456202109221632353016112;7629812adec02f456178bba72d07deec0f0ed7e4317c209653e88d777f16676e;7;1632353016134;;0;0;0;TJPE;G1;;2021/TJPE/09/G1/TJPE51456202109221632353016112;False;2021-09-22 20:23:36.134;Erro no arquivo
6;650405550;TJPE45699202109221632353013850;0784934a24efbb4b3936102e924580f6976294beedc388defc69bd4098205aa5;7;1632353013856;;0;0;0;TJPE;G1;;2021/TJPE/09/G1/TJPE45699202109221632353013850;False;2021-09-22 20:23:33.856;Erro no arquivo
7;650405546;TJPE88698202109221632353011641;b9ff682247a393aaa1cc38c98b450adf5f14913a58bfea849fca1b93edde51c2;7;1632353011652;;0;0;0;TJPE;G1;;2021/TJPE/09/G1/TJPE88698202109221632353011641;False;2021-09-22 20:23:31.652;Erro no arquivo
8;650405541;TJPE56316202109221632353009318;5ac6a32dc94207ed93d0ef4421830ddf7a019b1b689c68d88147405b8e2944bb;7;1632353009330;;0;0;0;TJPE;G1;;2021/TJPE/09/G1/TJPE56316202109221632353009318;False;2021-09-22 20:23:29.330;Erro no arquivo
9;650405534;TJPE74770202109221632353006826;db1d823677831b23e265b53aaf036b2017671ca9d0ad2d8e5aa9eccac667983e;7;1632353006840;;0;0;0;TJPE;G1;;2021/TJPE/09/G1/TJPE74770202109221632353006826;False;2021-09-22 20:23:26.840;Erro no arquivo
10;650405525;TJPE80368202109221632353004471;8a08e3b38a85888bbe145e306d5d7d19850e22fca113999277b8b16e349f9c69;7;1632353004484;;0;0;0;TJPE;G1;;2021/TJPE/09/G1/TJPE80368202109221632353004471;False;2021-09-22 20:23:24.484;Erro no arquivo
11;650405521;TJPE19922202109221632353002025;697df869665c23354f7d83a52809416f7452b3885c1f857f10ea0da54283ac62;7;1632353002035;;0;0;0;TJPE;G1;;2021/TJPE/09/G1/TJPE19922202109221632353002025;False;2021-09-22 20:23:22.035;Erro no arquivo
12;650405512;TJPE51595202109221632352999413;404b168822e2b34bf72a559d0b98af807ed4558f018166fc7b8716dafea1ea00;7;1632352999421;;0;0;0;TJPE;G1;;2021/TJPE/09/G1/TJPE51595202109221632352999413;False;2021-09-22 20:23:19.421;Erro no arquivo
13;650405505;TJPE93777202109221632352997539;0cad8268fc9b231da67f7fbf9852e80b46ab966b6b449bf40930c84196aa6feb;7;1632352997552;;0;0;0;TJPE;G1;;2021/TJPE/09/G1/TJPE93777202109221632352997539;False;2021-09-22 20:23:17.552;Erro no arquivo
14;650405500;TJPE45760202109221632352995078;6e453a12fb3fe0567329444a778cd71eb43ed861d4c5942af8accd7ae95de54b;7;1632352995090;;0;0;0;TJPE;G1;;2021/TJPE/09/G1/TJPE45760202109221632352995078;False;2021-09-22 20:23:15.090;Erro no arquivo
15;650405496;TJPE32753202109221632352993342;607224ee384248fbe53c6069f119ff43b957a4ba37c34f44132c835d77eeee7c;7;1632352993355;;0;0;0;TJPE;G1;;2021/TJPE/09/G1/TJPE32753202109221632352993342;False;2021-09-22 20:23:13.355;Erro no arquivo
16;650405491;TJPE73649202109221632352990761;e30ecb3a77b8e961ee6529201fcc8dcfaa8592a9944c6ff0ef4f28863e14d994;7;1632352990770;;0;0;0;TJPE;JE;;2021/TJPE/09/JE/TJPE73649202109221632352990761;False;2021-09-22 20:23:10.770;Erro no arquivo
17;650405483;TJPE99868202109221632352987648;3a8e4a4cfc22fb00661af69a2cc7ef68afe0756fadc37cd73c77f992ee02d9a5;7;1632352987656;;0;0;0;TJPE;G1;;2021/TJPE/09/G1/TJPE99868202109221632352987648;False;2021-09-22 20:23:07.656;Erro no arquivo
18;650405476;TJPE24481202109221632352984043;4cc7af094120fcd79a270c701daef2a04f3408408c7108b0afced75651dc9422;7;1632352984052;;0;0;0;TJPE;G1;;2021/TJPE/09/G1/TJPE24481202109221632352984043;False;2021-09-22 20:23:04.052;Erro no arquivo
19;650405472;TJPE46660202109221632352981687;97f7e6a442239d6f24c7d309f22596a5d935798699d601bb20673f5bbe079621;3;1632352981697;;100;100;0;TJPE;JE;1302880.0;2021/TJPE/09/JE/TJPE46660202109221632352981687;False;2021-09-22 20:23:01.697;Processado com sucesso
20;650405466;TJPE46190202109221632352979059;af7ff9a9c172e00cc51c55efc5fb381b7fa27d4cc4e2156b086f183cf532b542;7;1632352979067;;0;0;0;TJPE;G1;;2021/TJPE/09/G1/TJPE46190202109221632352979059;False;2021-09-22 20:22:59.067;Erro no arquivo
21;650405461;TJPE22660202109221632352976554;23687b53a4cc76e97c386b791f8525a93e3df50abdaa961f5bdd3fc5651c04e4;7;1632352976558;;0;0;0;TJPE;G1;;2021/TJPE/09/G1/TJPE22660202109221632352976554;False;2021-09-22 20:22:56.558;Erro no arquivo
22;650405457;TJPE55425202109221632352974705;6b4c5eec9810535820e02ee4b3f73227b6de8a3ccc99f8048f8d422222f6d974;7;1632352974728;;0;0;0;TJPE;G1;;2021/TJPE/09/G1/TJPE55425202109221632352974705;False;2021-09-22 20:22:54.728;Erro no arquivo
23;650405450;TJPE27003202109221632352972196;9ce54ac7b4b868d133e976863cd354ac0d418b5e8b1f91e08dfa4949f7f7a591;7;1632352972206;;0;0;0;TJPE;G1;;2021/TJPE/09/G1/TJPE27003202109221632352972196;False;2021-09-22 20:22:52.206;Erro no arquivo
24;650405443;TJPE73224202109221632352970176;30f3fcfc2987afa925dad741a4d018b71d1fbf63dfc672c56ad52175e8fd3204;7;1632352970185;;0;0;0;TJPE;G1;;2021/TJPE/09/G1/TJPE73224202109221632352970176;False;2021-09-22 20:22:50.185;Erro no arquivo
25;650405439;TJPE17130202109221632352967445;71cc21b45f6a18bbe73ab9a3b30abb113d3547ac0b34751bdea87051ac155896;7;1632352967460;;0;0;0;TJPE;G1;;2021/TJPE/09/G1/TJPE17130202109221632352967445;False;2021-09-22 20:22:47.460;Erro no arquivo
26;650405432;TJPE97806202109221632352965463;d56a5014967a06faafb4ac82af0510939060fce678164d6846295f9e53466865;7;1632352965476;;0;0;0;TJPE;G1;;2021/TJPE/09/G1/TJPE97806202109221632352965463;False;2021-09-22 20:22:45.476;Erro no arquivo
27;650405429;TJPE36453202109221632352963127;9a9cbf39c0a31154640827393ea941e11d508e5a3b06fa484b673dcb4cf13b85;7;1632352963135;;0;0;0;TJPE;G1;;2021/TJPE/09/G1/TJPE36453202109221632352963127;False;2021-09-22 20:22:43.135;Erro no arquivo
28;650405425;TJPE95485202109221632352960871;1bf1e07e9a0c088f2ba1f535cd0fa2667b2160fb48987ce9e3058df77a9d122a;7;1632352960885;;0;0;0;TJPE;G1;;2021/TJPE/09/G1/TJPE95485202109221632352960871;False;2021-09-22 20:22:40.885;Erro no arquivo
29;650405420;TJPE55872202109221632352958324;b82ee207945ad550bee7712b821b2cbeb78e644bdd488f0451448a26594a5602;7;1632352958333;;0;0;0;TJPE;G1;;2021/TJPE/09/G1/TJPE55872202109221632352958324;False;2021-09-22 20:22:38.333;Erro no arquivo
30;650405414;TJPE29926202109221632352955537;275d19086d69643759873b99b60fc1ae4d96f0a0f52fd101489ef51ae881b759;7;1632352955545;;0;0;0;TJPE;G1;;2021/TJPE/09/G1/TJPE29926202109221632352955537;False;2021-09-22 20:22:35.545;Erro no arquivo
31;650405408;TJPE85112202109221632352953375;ef58d9e48ec6b1256a0037ba3c52396b816831cfe82b6eabc91bfc76ba09d222;7;1632352953386;;0;0;0;TJPE;G1;;2021/TJPE/09/G1/TJPE85112202109221632352953375;False;2021-09-22 20:22:33.386;Erro no arquivo
32;650405389;TJPE10101202109221632352944944;1dbebf9f04b0f310b668b68f8a6e2954739373ead35ca2d54b31c1f956b90f0d;7;1632352944952;;0;0;0;TJPE;JE;;2021/TJPE/09/JE/TJPE10101202109221632352944944;False;2021-09-22 20:22:24.952;Erro no arquivo
33;650405374;TJPE49840202109221632352938743;2b22b02e4f4f4ecf8cbacbb1c90d7321cf1af557246d1aafb204f03a8c3cf781;7;1632352938752;;0;0;0;TJPE;G1;;2021/TJPE/09/G1/TJPE49840202109221632352938743;False;2021-09-22 20:22:18.752;Erro no arquivo
34;650405367;TJPE61707202109221632352934677;56e81013e5f47b7601e20f81967e771aae3da2c8a40ad5c1e2954bf59335b646;7;1632352934687;;0;0;0;TJPE;G1;;2021/TJPE/09/G1/TJPE61707202109221632352934677;False;2021-09-22 20:22:14.687;Erro no arquivo
35;650405352;TJPE13871202109221632352927596;9a401bfb54a846a199567b84d86754778e3780fd46a15d40794d9f6d3a88b689;7;1632352927605;;0;0;0;TJPE;G1;;2021/TJPE/09/G1/TJPE13871202109221632352927596;False;2021-09-22 20:22:07.605;Erro no arquivo
36;650405342;TJPE47868202109221632352922891;7c9a012eb06cbdc1bffa26ea94323e1b51aef1e724b8cbbaddd7da26a2e7757b;3;1632352922899;;87;87;0;TJPE;G1;691240.0;2021/TJPE/09/G1/TJPE47868202109221632352922891;False;2021-09-22 20:22:02.899;Processado com sucesso
37;650405336;TJPE23457202109221632352919495;608672c31442768b5f07edb15ab37536929e3995af49a4818b63b73c85930168;7;1632352919506;;0;0;0;TJPE;G1;;2021/TJPE/09/G1/TJPE23457202109221632352919495;False;2021-09-22 20:21:59.506;Erro no arquivo
38;650405331;TJPE54721202109221632352916828;9a89014c6c71f264750f2560f11b674f11b681c0cef791941a2ba3f39615aa20;7;1632352916838;;0;0;0;TJPE;G1;;2021/TJPE/09/G1/TJPE54721202109221632352916828;False;2021-09-22 20:21:56.838;Erro no arquivo
39;650405324;TJPE25245202109221632352914056;5179f8859f7224263c8a22225c726db4706187363a4d17d63cf784a619575bad;7;1632352914064;;0;0;0;TJPE;G1;;2021/TJPE/09/G1/TJPE25245202109221632352914056;False;2021-09-22 20:21:54.064;Erro no arquivo
0;650405321;TJPE87389202109221632352911765;43d1055a9f4c83f7a8515f790d05dfd1558735e314f770bed5a0c0511911fba0;7;1632352911776;;0;0;0;TJPE;G1;;2021/TJPE/09/G1/TJPE87389202109221632352911765;False;2021-09-22 20:21:51.776;Erro no arquivo
1;650405314;TJPE98070202109221632352908861;6eaccf36465e2d0f340eb5b8cf44345a0a64e6f7fb57f015936e5ca0dc2b2f3f;7;1632352908870;;0;0;0;TJPE;G1;;2021/TJPE/09/G1/TJPE98070202109221632352908861;False;2021-09-22 20:21:48.870;Erro no arquivo
2;650405308;TJPE98513202109221632352906367;4aa0fd817d7e9fd420a96a8551887c55313cffdfb6669333d00d4624def6ab11;7;1632352906383;;0;0;0;TJPE;G1;;2021/TJPE/09/G1/TJPE98513202109221632352906367;False;2021-09-22 20:21:46.383;Erro no arquivo
3;650405304;TJPE68671202109221632352903965;4e4435f3c54a243647412adef778473188fb1ff7e25bf6f971b961d90e31f231;7;1632352903974;;0;0;0;TJPE;G1;;2021/TJPE/09/G1/TJPE68671202109221632352903965;False;2021-09-22 20:21:43.974;Erro no arquivo
4;650405297;TJPE17076202109221632352901349;90d9981407e5f57b204ace526a559bda5c82c587e80cc45e00959dff9da8d5ff;7;1632352901355;;0;0;0;TJPE;G1;;2021/TJPE/09/G1/TJPE17076202109221632352901349;False;2021-09-22 20:21:41.355;Erro no arquivo
5;650405289;TJPE21457202109221632352899017;99168afb1e1015d2eb1d10b0c6a3ddae51cd3acbe9a208accc26671302b529f8;7;1632352899023;;0;0;0;TJPE;G1;;2021/TJPE/09/G1/TJPE21457202109221632352899017;False;2021-09-22 20:21:39.023;Erro no arquivo
6;650405285;TJPE57375202109221632352897085;e5b2c368d70f1cb47b19bac219cf180d1ea5b75eb8cf0e21abe15f62269815e9;7;1632352897093;;0;0;0;TJPE;G1;;2021/TJPE/09/G1/TJPE57375202109221632352897085;False;2021-09-22 20:21:37.093;Erro no arquivo
7;650405280;TJPE50779202109221632352894853;64f9195cbda13857ea655254aac9b631807d2e492452bf584fe7a9c2a4a97a21;7;1632352894862;;0;0;0;TJPE;G1;;2021/TJPE/09/G1/TJPE50779202109221632352894853;False;2021-09-22 20:21:34.862;Erro no arquivo
8;650405275;TJPE95261202109221632352892597;6ebfa9d541dee8b50bb65e9e8e42d46faadcf53d1d245b3d122272285740b735;7;1632352892610;;0;0;0;TJPE;G1;;2021/TJPE/09/G1/TJPE95261202109221632352892597;False;2021-09-22 20:21:32.610;Erro no arquivo
9;650405270;TJPE60000202109221632352890606;828c3fd3c53521c4508b9d5d85d5b2291c1615b3934a868b40fe8b41405796ba;7;1632352890615;;0;0;0;TJPE;G1;;2021/TJPE/09/G1/TJPE60000202109221632352890606;False;2021-09-22 20:21:30.615;Erro no arquivo
10;650405266;TJPE55138202109221632352888021;ca34b9b8d658a070c5198dc0e7f0c8ba2a169fa1d7c07024e8aa9ffa99b67646;7;1632352888042;;0;0;0;TJPE;G1;;2021/TJPE/09/G1/TJPE55138202109221632352888021;False;2021-09-22 20:21:28.042;Erro no arquivo
11;650405246;TJPE35507202109221632352879138;d9324a0a0d539886c3af2fd795682bcc3d366848068ed012017c2d770e5c2c13;7;1632352879147;;0;0;0;TJPE;G1;;2021/TJPE/09/G1/TJPE35507202109221632352879138;False;2021-09-22 20:21:19.147;Erro no arquivo
12;650405232;TJPE57902202109221632352872548;010fcbc0d9c03872407bc058b4debf192eec7e58014c67d67e54c249f3985fe6;7;1632352872560;;0;0;0;TJPE;G1;;2021/TJPE/09/G1/TJPE57902202109221632352872548;False;2021-09-22 20:21:12.560;Erro no arquivo
13;650405216;TJPE63750202109221632352863905;75cd3fa1089495651577163d41cabb068ebe95c11907e795b8409dd025eccda1;7;1632352863916;;0;0;0;TJPE;G1;;2021/TJPE/09/G1/TJPE63750202109221632352863905;False;2021-09-22 20:21:03.916;Erro no arquivo
14;650405195;TJPE86190202109221632352853255;9eede200ba70cc63d404a2f8e5e97ee2b17f0c03dfba41f26b8d719b2c6fab32;7;1632352853269;;0;0;0;TJPE;G1;;2021/TJPE/09/G1/TJPE86190202109221632352853255;False;2021-09-22 20:20:53.269;Erro no arquivo
15;650405180;TJPE44122202109221632352846357;1ef0b6f137afaf4d707c22103ef5de6c63bb0e6b6d2237024c16021daed0aed6;3;1632352846367;;100;100;0;TJPE;JE;1073615.0;2021/TJPE/09/JE/TJPE44122202109221632352846357;False;2021-09-22 20:20:46.367;Processado com sucesso
16;650405172;TJPE79462202109221632352841672;4bf017e04d8e4f88cc55b733ac75d1cbe68da53028fb98b067d4b0cb79b6a749;7;1632352841686;;0;0;0;TJPE;G1;;2021/TJPE/09/G1/TJPE79462202109221632352841672;False;2021-09-22 20:20:41.686;Erro no arquivo
17;650405153;TJPE92456202109221632352834633;f97f2cc165737e358e99c0c1c785d0af79c374c69b8e5a1b9aa3c1628e41c1eb;7;1632352834643;;0;0;0;TJPE;G1;;2021/TJPE/09/G1/TJPE92456202109221632352834633;False;2021-09-22 20:20:34.643;Erro no arquivo
18;650405136;TJPE78790202109221632352826982;106deb5bb7978bfd3a4d8411a9424b2cee0e48d381bb8afd696f4a9502bad9a4;7;1632352827001;;0;0;0;TJPE;G1;;2021/TJPE/09/G1/TJPE78790202109221632352826982;False;2021-09-22 20:20:27.001;Erro no arquivo
19;650405125;TJPE99487202109221632352820561;8424ba77f9c683978683bbc828afb5aacce2ccbd8d38554cf4dfaefddbba9f9c;7;1632352820569;;0;0;0;TJPE;G1;;2021/TJPE/09/G1/TJPE99487202109221632352820561;False;2021-09-22 20:20:20.569;Erro no arquivo
20;650405116;TJPE72359202109221632352815006;fd6132cb6061eed507eedd0c8448967ed98cce9a258f89568d6d94ae3fd04ddd;7;1632352815014;;0;0;0;TJPE;G1;;2021/TJPE/09/G1/TJPE72359202109221632352815006;False;2021-09-22 20:20:15.014;Erro no arquivo
21;650405100;TJPE20927202109221632352809077;320640340c419b459760544a23e390392ba58d9b5e4041e9dc7146eef069ba36;7;1632352809087;;0;0;0;TJPE;G1;;2021/TJPE/09/G1/TJPE20927202109221632352809077;False;2021-09-22 20:20:09.087;Erro no arquivo
22;650405090;TJPE78710202109221632352802144;b2a2bc6f28256ed37ec0ff165015ea0ef980aeb2f726e33401c8f32e52139e52;7;1632352802160;;0;0;0;TJPE;G1;;2021/TJPE/09/G1/TJPE78710202109221632352802144;False;2021-09-22 20:20:02.160;Erro no arquivo
23;650405079;TJPE53909202109221632352794963;2013c004252d2036725fd46039bab71c68b67ce4fe8c54b40e349645df3327ad;7;1632352794969;;0;0;0;TJPE;G1;;2021/TJPE/09/G1/TJPE53909202109221632352794963;False;2021-09-22 20:19:54.969;Erro no arquivo
24;650405063;TJPE81303202109221632352785674;7295c33ea30d00e2942ce21812e37d388be58856a6c0ae2dfebbf81b2c18deed;7;1632352785687;;0;0;0;TJPE;G1;;2021/TJPE/09/G1/TJPE81303202109221632352785674;False;2021-09-22 20:19:45.687;Erro no arquivo
25;650405045;TJPE62795202109221632352779497;293932fe3116950c40b06443c90bbfdf4eeb017b93a4227632e60e023718e166;7;1632352779504;;0;0;0;TJPE;G1;;2021/TJPE/09/G1/TJPE62795202109221632352779497;False;2021-09-22 20:19:39.504;Erro no arquivo
26;650405038;TJPE57585202109221632352775305;151d6c4d6fc5e2e924a997dbaf35703c61f938fd79cb903a541ec19550e12dd8;7;1632352775316;;0;0;0;TJPE;G1;;2021/TJPE/09/G1/TJPE57585202109221632352775305;False;2021-09-22 20:19:35.316;Erro no arquivo
27;650405026;TJPE11650202109221632352771383;3e7b089ed73442f1d1ecb714d31c9366d833b8222dbf579617d1ca3d55879c9b;7;1632352771396;;0;0;0;TJPE;G1;;2021/TJPE/09/G1/TJPE11650202109221632352771383;False;2021-09-22 20:19:31.396;Erro no arquivo
28;650405011;TJPE55655202109221632352765175;66fcd9fb240f8b31788c240731973fb36a22e31ef988575cf3697dd470a4c8c3;7;1632352765188;;0;0;0;TJPE;G1;;2021/TJPE/09/G1/TJPE55655202109221632352765175;False;2021-09-22 20:19:25.188;Erro no arquivo
29;650404993;TJPE54180202109221632352758803;0e017d23ec39cfc0c45053b8f6b7c88fc06dca7690566de6105cff046679dad9;7;1632352758812;;0;0;0;TJPE;G1;;2021/TJPE/09/G1/TJPE54180202109221632352758803;False;2021-09-22 20:19:18.812;Erro no arquivo
30;650404984;TJPE54614202109221632352754068;038e64348de170ba945f43dac22d5c116598dd46d352b91e0fb3073e43bd240f;3;1632352754077;;100;100;0;TJPE;JE;1096788.0;2021/TJPE/09/JE/TJPE54614202109221632352754068;False;2021-09-22 20:19:14.077;Processado com sucesso
31;650404979;TJPE96957202109221632352751440;1da4860a5ee9aa3f14d80ac46bf4c95eba183691d0e0681581d700731396fff6;7;1632352751447;;0;0;0;TJPE;G1;;2021/TJPE/09/G1/TJPE96957202109221632352751440;False;2021-09-22 20:19:11.447;Erro no arquivo
32;650404976;TJPE40364202109221632352749156;bd8c28b84f970265771f644fb2d7494207e2c56fe82e06c307142899ed6a9772;7;1632352749165;;0;0;0;TJPE;G1;;2021/TJPE/09/G1/TJPE40364202109221632352749156;False;2021-09-22 20:19:09.165;Erro no arquivo
33;650404970;TJPE49674202109221632352746871;cbb021eae2e26d9e0d7b9170858cb839b8455454fede9f62a810253292c4f73d;7;1632352746879;;0;0;0;TJPE;G1;;2021/TJPE/09/G1/TJPE49674202109221632352746871;False;2021-09-22 20:19:06.879;Erro no arquivo
34;650404959;TJPE29754202109221632352742897;59e12540290e90f05abac04899aacbbaab428e536ac4abf2f15f45a969fea1f2;7;1632352742905;;0;0;0;TJPE;G1;;2021/TJPE/09/G1/TJPE29754202109221632352742897;False;2021-09-22 20:19:02.905;Erro no arquivo
35;650404953;TJPE74171202109221632352740874;c93a9864d0e146c3c467f8ce6fdb6067f46b3a72c05d07b368bd3e98454217f3;7;1632352740886;;0;0;0;TJPE;G1;;2021/TJPE/09/G1/TJPE74171202109221632352740874;False;2021-09-22 20:19:00.886;Erro no arquivo
36;650404946;TJPE66320202109221632352738505;1db0112d9bb7123161f550bfedc2575317bc1a712e9804639d37b2715d4d41f4;7;1632352738516;;0;0;0;TJPE;G1;;2021/TJPE/09/G1/TJPE66320202109221632352738505;False;2021-09-22 20:18:58.516;Erro no arquivo
37;650404939;TJPE65529202109221632352735980;7f42e0c333bcc9e57f5050657c4e6293d6e9d1b8a11297a16e8ca22f758d0ce7;7;1632352735987;;0;0;0;TJPE;G1;;2021/TJPE/09/G1/TJPE65529202109221632352735980;False;2021-09-22 20:18:55.987;Erro no arquivo
38;650404936;TJPE31356202109221632352733971;bd4b38489fada8828c0abdef65fb35e43efc6ad1ec40acdeb3e4b97000d9de91;7;1632352733980;;0;0;0;TJPE;G1;;2021/TJPE/09/G1/TJPE31356202109221632352733971;False;2021-09-22 20:18:53.980;Erro no arquivo
39;650404930;TJPE63210202109221632352731508;0f191fd721bc6b342e4cba9eab85635401e937ec271853c0ee7131f4a5469f40;7;1632352731517;;0;0;0;TJPE;G1;;2021/TJPE/09/G1/TJPE63210202109221632352731508;False;2021-09-22 20:18:51.517;Erro no arquivo
0;650404927;TJPE54949202109221632352729010;9ba579aee30bf2689c7384c16e4d202ad81edce08de7e7675ae6fcde421b51bf;7;1632352729022;;0;0;0;TJPE;G1;;2021/TJPE/09/G1/TJPE54949202109221632352729010;False;2021-09-22 20:18:49.022;Erro no arquivo
1;650404919;TJPE24887202109221632352726324;0925c8732cb17737d4c9808c0100f7348cfd94d4c3485090102aca2b5880e0fc;7;1632352726337;;0;0;0;TJPE;G1;;2021/TJPE/09/G1/TJPE24887202109221632352726324;False;2021-09-22 20:18:46.337;Erro no arquivo
2;650404912;TJPE36971202109221632352724381;bead3b74bf077dce3fa5df44b93e80ce4c34c6b6e545d516ff0f9a9c3d0ddefe;3;1632352724389;;100;100;0;TJPE;JE;1140273.0;2021/TJPE/09/JE/TJPE36971202109221632352724381;False;2021-09-22 20:18:44.389;Processado com sucesso
3;650404908;TJPE84016202109221632352722118;1e91a7fc8c8c4115d5b224c9618b881fc64e26c5232e01b29a40317a2d62ada0;7;1632352722130;;0;0;0;TJPE;G1;;2021/TJPE/09/G1/TJPE84016202109221632352722118;False;2021-09-22 20:18:42.130;Erro no arquivo
4;650404892;TJPE82690202109221632352712099;e8d1522ede403f6d3e91a32c6189970db97903bcf854e17ce3e600ae05c73471;3;1632352712115;;100;100;0;TJPE;G1;2079879.0;2021/TJPE/09/G1/TJPE82690202109221632352712099;False;2021-09-22 20:18:32.115;Processado com sucesso
5;650404870;TJPE18450202109221632352697800;99a1139429c503a1e33250e95f916b238d123758cdee944c90bbd9546b9ce34a;7;1632352697808;;0;0;0;TJPE;G1;;2021/TJPE/09/G1/TJPE18450202109221632352697800;False;2021-09-22 20:18:17.808;Erro no arquivo
6;650404858;TJPE77162202109221632352690057;a3df19f648000b07d269c2a16c3e7bfdf1c3ab3419a894d05eb5dd88843d235c;7;1632352690071;;0;0;0;TJPE;G1;;2021/TJPE/09/G1/TJPE77162202109221632352690057;False;2021-09-22 20:18:10.071;Erro no arquivo
7;650404848;TJPE93394202109221632352685324;d137c8d4749a762ebea8658add72e7733b708fcaba5b9ea82fd8f86272d01b92;3;1632352685343;;100;100;0;TJPE;G1;1585559.0;2021/TJPE/09/G1/TJPE93394202109221632352685324;False;2021-09-22 20:18:05.343;Processado com sucesso
8;650404823;TJPE40614202109221632352671982;16373cad7e5bd698ca1ccdb1df123df9c8d51086aff122b0c99971bb821a0ca3;3;1632352671990;;100;100;0;TJPE;JE;1116741.0;2021/TJPE/09/JE/TJPE40614202109221632352671982;False;2021-09-22 20:17:51.990;Processado com sucesso
9;650404808;TJPE82502202109221632352664530;677a1ed88974f77b4c7b32f3e1ccc148f109a6023013ad75d64ee6c7244b8a27;7;1632352664538;;0;0;0;TJPE;G1;;2021/TJPE/09/G1/TJPE82502202109221632352664530;False;2021-09-22 20:17:44.538;Erro no arquivo
10;650404802;TJPE99239202109221632352660315;9196a5603991d6631c185f14828ca90f9a6721e87a96f9ede194e03c81c04124;7;1632352660323;;0;0;0;TJPE;G1;;2021/TJPE/09/G1/TJPE99239202109221632352660315;False;2021-09-22 20:17:40.323;Erro no arquivo
11;650404793;TJPE85478202109221632352656847;d739ddc6633936f5dd8f4947ee9b8a8b78ed977016a15ccf0c9bef861293c46a;7;1632352656861;;0;0;0;TJPE;G1;;2021/TJPE/09/G1/TJPE85478202109221632352656847;False;2021-09-22 20:17:36.861;Erro no arquivo
12;650404781;TJPE15699202109221632352651412;b43b366fe1e7f48ecabe1139b6793c42d095cd0a897315adf27cc3d986e38b79;7;1632352651420;;0;0;0;TJPE;G1;;2021/TJPE/09/G1/TJPE15699202109221632352651412;False;2021-09-22 20:17:31.420;Erro no arquivo
13;650404744;TJPE29928202109221632352635431;fc92be2073792ff2cc5b61c4b8ef11b6aec433045835ee14bd7436f1c921bce5;7;1632352635446;;0;0;0;TJPE;G1;;2021/TJPE/09/G1/TJPE29928202109221632352635431;False;2021-09-22 20:17:15.446;Erro no arquivo
14;650404741;TJPE40053202109221632352633227;783ae0a4c9c831d26c5799a34327319df8c5e2f2fd478227c74e5749829c707d;7;1632352633243;;0;0;0;TJPE;G1;;2021/TJPE/09/G1/TJPE40053202109221632352633227;False;2021-09-22 20:17:13.243;Erro no arquivo
15;650404735;TJPE52473202109221632352630485;ab266aac1b4f40644472dcc2f0794a1164d28f15661f1563eae8884d532be8fb;7;1632352630502;;0;0;0;TJPE;G1;;2021/TJPE/09/G1/TJPE52473202109221632352630485;False;2021-09-22 20:17:10.502;Erro no arquivo
16;650404730;TJPE38845202109221632352628243;dbd2130ab2806ad646aa558d9eb80e4421daec2be3bbd991391bb3fd0291bd2f;7;1632352628250;;0;0;0;TJPE;G1;;2021/TJPE/09/G1/TJPE38845202109221632352628243;False;2021-09-22 20:17:08.250;Erro no arquivo
17;650404725;TJPE38943202109221632352626417;c67e27a794ce648f08cbee57ae4eff3eb1bef5d6a6161208aec236cc11124e80;3;1632352626430;;100;100;0;TJPE;JE;1147999.0;2021/TJPE/09/JE/TJPE38943202109221632352626417;False;2021-09-22 20:17:06.430;Processado com sucesso
18;650404722;TJPE17514202109221632352624387;fe020b66c419ae76f16f158ac13fad804341da68f264ab668ac46c01039c0350;7;1632352624395;;0;0;0;TJPE;G1;;2021/TJPE/09/G1/TJPE17514202109221632352624387;False;2021-09-22 20:17:04.395;Erro no arquivo
19;650404716;TJPE44940202109221632352622311;825ab72705f4e9a79e3a1507ab0153fc2b59ed34eeaf6321342d9ca67ee51a3f;7;1632352622319;;0;0;0;TJPE;G1;;2021/TJPE/09/G1/TJPE44940202109221632352622311;False;2021-09-22 20:17:02.319;Erro no arquivo
20;650404714;TJPE52136202109221632352619730;c2ca2cba6c5ad2df5f4506315c5802f6c8ff402859533d6ce8810b227feef4db;7;1632352619745;;0;0;0;TJPE;G1;;2021/TJPE/09/G1/TJPE52136202109221632352619730;False;2021-09-22 20:16:59.745;Erro no arquivo
21;650404706;TJPE12065202109221632352617019;7e16fbe92805cc6fedefa3fdb367c45fbca18d4580251ab9f6632ff627fc9e91;7;1632352617024;;0;0;0;TJPE;G1;;2021/TJPE/09/G1/TJPE12065202109221632352617019;False;2021-09-22 20:16:57.024;Erro no arquivo
22;650404702;TJPE65218202109221632352614922;270cf538d4bd0dbb6a2e93ae30ee8c27952a8afa47c77eb253d7991ef5e552fa;3;1632352614932;;100;100;0;TJPE;G1;1314356.0;2021/TJPE/09/G1/TJPE65218202109221632352614922;False;2021-09-22 20:16:54.932;Processado com sucesso
23;650404697;TJPE38446202109221632352612096;ebbe930e31c7314d3b7d893822c01aac3a1f02dca89aadc992b9b4f33ae7cf72;7;1632352612105;;0;0;0;TJPE;G1;;2021/TJPE/09/G1/TJPE38446202109221632352612096;False;2021-09-22 20:16:52.105;Erro no arquivo
24;650404690;TJPE76994202109221632352609789;3f17727e06cc74fc52c52c595e9ff415d2999ef87cdd3891102645e80ad3fe49;7;1632352609794;;0;0;0;TJPE;G1;;2021/TJPE/09/G1/TJPE76994202109221632352609789;False;2021-09-22 20:16:49.794;Erro no arquivo
25;650404681;TJPE92642202109221632352607735;9e2bc2d886775902c682537fe0924bafa0adcecbc53cda2e811f4195b28fc9a6;7;1632352607746;;0;0;0;TJPE;G1;;2021/TJPE/09/G1/TJPE92642202109221632352607735;False;2021-09-22 20:16:47.746;Erro no arquivo
26;650404676;TJPE37033202109221632352605362;138fe09915244f28f73be27d944a4e8430a927f3ba3facca5353c89e025065e2;7;1632352605372;;0;0;0;TJPE;G1;;2021/TJPE/09/G1/TJPE37033202109221632352605362;False;2021-09-22 20:16:45.372;Erro no arquivo
27;650404670;TJPE44673202109221632352603445;4a7bf752aa478af5ceeec43b587bbe811279d2f632235ede998049fcbb891e56;7;1632352603455;;0;0;0;TJPE;G1;;2021/TJPE/09/G1/TJPE44673202109221632352603445;False;2021-09-22 20:16:43.455;Erro no arquivo
28;650404668;TJPE40701202109221632352601149;b1e9da980a1718435642f609bdf7a62a787f3133ecf87ff82c91550d1f1e6633;7;1632352601166;;0;0;0;TJPE;G1;;2021/TJPE/09/G1/TJPE40701202109221632352601149;False;2021-09-22 20:16:41.166;Erro no arquivo
29;650404661;TJPE97888202109221632352598910;c927ba1006ba0b26e6312c282c55133fac07dcd13db688e893d93345c7a7e577;3;1632352598921;;100;100;0;TJPE;JE;1332445.0;2021/TJPE/09/JE/TJPE97888202109221632352598910;False;2021-09-22 20:16:38.921;Processado com sucesso
30;650404656;TJPE96933202109221632352596479;ed863e0e4d1918372a3c4c58f5cef942237191b0743bab01857ce19bd7ebe7b4;7;1632352596487;;0;0;0;TJPE;JE;;2021/TJPE/09/JE/TJPE96933202109221632352596479;False;2021-09-22 20:16:36.487;Erro no arquivo
31;650404650;TJPE38757202109221632352593986;f59477f64c21992095d688fe4a0ac2796d848f53b41215041dfafcfdefe919d1;7;1632352594004;;0;0;0;TJPE;G1;;2021/TJPE/09/G1/TJPE38757202109221632352593986;False;2021-09-22 20:16:34.004;Erro no arquivo
32;650404643;TJPE80132202109221632352591772;29631101b716358e0c4013d2085980b458579adb1d035380b4f7d3f322c800d2;7;1632352591781;;0;0;0;TJPE;G1;;2021/TJPE/09/G1/TJPE80132202109221632352591772;False;2021-09-22 20:16:31.781;Erro no arquivo
33;650404638;TJPE38790202109221632352589385;a3e35134113493da2405b02071f285f5dcf2720d646d376e90d65fc316dab16c;7;1632352589393;;0;0;0;TJPE;G1;;2021/TJPE/09/G1/TJPE38790202109221632352589385;False;2021-09-22 20:16:29.393;Erro no arquivo
34;650404635;TJPE63157202109221632352586318;5f609672acbf0b31d9d5a2465c26ecd763eb0164146b1c469a3b458dc5a5f9ab;7;1632352586330;;0;0;0;TJPE;G1;;2021/TJPE/09/G1/TJPE63157202109221632352586318;False;2021-09-22 20:16:26.330;Erro no arquivo
35;650404625;TJPE61408202109221632352583895;688747e4dca67bda3c8952a01f95119840e5b1b0232cef96f5e36198dd4560fa;7;1632352583903;;0;0;0;TJPE;G1;;2021/TJPE/09/G1/TJPE61408202109221632352583895;False;2021-09-22 20:16:23.903;Erro no arquivo
36;650404619;TJPE14921202109221632352582145;9f96cb7da03ac63b6f65762b3a672d96862a309cbf797a31068baf9ddac469d7;7;1632352582155;;0;0;0;TJPE;G1;;2021/TJPE/09/G1/TJPE14921202109221632352582145;False;2021-09-22 20:16:22.155;Erro no arquivo
37;650404613;TJPE16767202109221632352578434;b755f2ea4129327c10cf50bfe3102b35ab4ca6dd4d1b5b9400516b05e8fbf413;7;1632352578442;;0;0;0;TJPE;G1;;2021/TJPE/09/G1/TJPE16767202109221632352578434;False;2021-09-22 20:16:18.442;Erro no arquivo
38;650404606;TJPE21346202109221632352575987;d8f539db5711ce17e50593a2a659a1467d01388cad11070d2b07e66588d7f704;7;1632352575994;;0;0;0;TJPE;G1;;2021/TJPE/09/G1/TJPE21346202109221632352575987;False;2021-09-22 20:16:15.994;Erro no arquivo
39;650404601;TJPE45566202109221632352573976;5bec25fb1f71aac1006738bdb4b209489c15ef5fb7c35275556ae67c930e3a54;7;1632352573983;;0;0;0;TJPE;G1;;2021/TJPE/09/G1/TJPE45566202109221632352573976;False;2021-09-22 20:16:13.983;Erro no arquivo
0;650404595;TJPE32513202109221632352571762;f0e60fc82d93ac67943b7b1aa68ba6c0418f87f40c0160822d8ca0a42e2591d8;7;1632352571771;;0;0;0;TJPE;G1;;2021/TJPE/09/G1/TJPE32513202109221632352571762;False;2021-09-22 20:16:11.771;Erro no arquivo
1;650404589;TJPE89071202109221632352569598;3ef8602d24f890396e42e9676b0e4f3b9607011272477e23bda646d0ed47d0ba;7;1632352569604;;0;0;0;TJPE;G1;;2021/TJPE/09/G1/TJPE89071202109221632352569598;False;2021-09-22 20:16:09.604;Erro no arquivo
2;650404585;TJPE25961202109221632352567694;6914d36dd8e1a7e533f3504ce08ff82ff9f0f8f08c8c222f78c03d1c1bbe0f4d;7;1632352567700;;0;0;0;TJPE;G1;;2021/TJPE/09/G1/TJPE25961202109221632352567694;False;2021-09-22 20:16:07.700;Erro no arquivo
3;650404581;TJPE73177202109221632352565699;d5da6807f6b57a7b44bf645b3b0f154e55448b0473eb0edf0db0cebff457873c;7;1632352565709;;0;0;0;TJPE;G1;;2021/TJPE/09/G1/TJPE73177202109221632352565699;False;2021-09-22 20:16:05.709;Erro no arquivo
4;650404572;TJPE20331202109221632352562954;6360493290c287552334f1e471bf97b72112f9576c17dfb826e2992684249a14;7;1632352562963;;0;0;0;TJPE;G1;;2021/TJPE/09/G1/TJPE20331202109221632352562954;False;2021-09-22 20:16:02.963;Erro no arquivo
5;650404564;TJPE94028202109221632352560460;6688d78568fe9aed0325840b40c2ee22bec265f2b51023850516fd4aa701e782;7;1632352560474;;0;0;0;TJPE;G1;;2021/TJPE/09/G1/TJPE94028202109221632352560460;False;2021-09-22 20:16:00.474;Erro no arquivo
6;650404557;TJPE26705202109221632352558085;1fd57fc807c7462c9fcf95f0180a7f452ff1ada2447a94b4d29958446f70e956;7;1632352558098;;0;0;0;TJPE;G1;;2021/TJPE/09/G1/TJPE26705202109221632352558085;False;2021-09-22 20:15:58.098;Erro no arquivo
7;650404554;TJPE14876202109221632352556446;3bfed5c5863a4558bf0a9eb72d4a18ab795107e0e3766348e73b731fcfc0e795;7;1632352556454;;0;0;0;TJPE;G1;;2021/TJPE/09/G1/TJPE14876202109221632352556446;False;2021-09-22 20:15:56.454;Erro no arquivo
8;650404548;TJPE39160202109221632352553242;cdbfc1f102e5098971787a04203217b7b77be3c610702cee97f60b16fa5fcee3;7;1632352553250;;0;0;0;TJPE;G1;;2021/TJPE/09/G1/TJPE39160202109221632352553242;False;2021-09-22 20:15:53.250;Erro no arquivo
9;650404529;TJPE59237202109221632352543299;cf7c93bbd3ae7676165be87ce179d4bb55c00df21624afe78e5c1a352dc6e32d;3;1632352543309;;100;100;0;TJPE;JE;1211400.0;2021/TJPE/09/JE/TJPE59237202109221632352543299;False;2021-09-22 20:15:43.309;Processado com sucesso
10;650404512;TJPE36351202109221632352535382;839a02072a7d59f97ae35ff75836c23bedadaa39e6fc5329808325349b298f66;7;1632352535391;;0;0;0;TJPE;G1;;2021/TJPE/09/G1/TJPE36351202109221632352535382;False;2021-09-22 20:15:35.391;Erro no arquivo
11;650404505;TJPE70517202109221632352530538;4bf11db4cb3c84d9489848b55144979e57dff1d806819e8f7f0e9146b259a0aa;3;1632352530547;;100;100;0;TJPE;JE;1112773.0;2021/TJPE/09/JE/TJPE70517202109221632352530538;False;2021-09-22 20:15:30.547;Processado com sucesso
12;650404494;TJPE93440202109221632352525890;6613f67bd1931e1fee7db6adf05124717a29ae3cc9505ee975ebd897ef1fed80;7;1632352525902;;0;0;0;TJPE;G1;;2021/TJPE/09/G1/TJPE93440202109221632352525890;False;2021-09-22 20:15:25.902;Erro no arquivo
13;650404486;TJPE81754202109221632352521144;dfd9c17b6921f86b8e09bfb8bb724588d9e3293c370cbaa5f24e6070501a3d6f;3;1632352521154;;100;100;0;TJPE;JE;1294372.0;2021/TJPE/09/JE/TJPE81754202109221632352521144;False;2021-09-22 20:15:21.154;Processado com sucesso
14;650404464;TJPE15154202109221632352512346;0a0e3c90822d6d0fbb94685041bcdc8c08248e35ab50c9b62681ebfeabaceb6f;7;1632352512376;;0;0;0;TJPE;G1;;2021/TJPE/09/G1/TJPE15154202109221632352512346;False;2021-09-22 20:15:12.376;Erro no arquivo
15;650404449;TJPE78758202109221632352501223;484720571157651fd10eaf1f08513b57c49fafb2079a10fa9e5e332aa3dd2813;7;1632352501232;;0;0;0;TJPE;G1;;2021/TJPE/09/G1/TJPE78758202109221632352501223;False;2021-09-22 20:15:01.232;Erro no arquivo
16;650404431;TJPE64152202109221632352495400;7d255d18f6e48c8d625fab68dc5d0d6b1a25741cf29cd2e52f67744e6ff97b72;7;1632352495408;;0;0;0;TJPE;JE;;2021/TJPE/09/JE/TJPE64152202109221632352495400;False;2021-09-22 20:14:55.408;Erro no arquivo
17;650404424;TJPE29407202109221632352492191;7b43dd78ce34a156dbe6820acc63246b84ee750f0d1356f2a9d0437e8166249e;3;1632352492207;;90;90;0;TJPE;G1;809163.0;2021/TJPE/09/G1/TJPE29407202109221632352492191;False;2021-09-22 20:14:52.207;Processado com sucesso
18;650404409;TJPE19560202109221632352485012;1490dc69ae52f41a936fe97aeb9a87b3aed3880fa7e6aad39bb728741d66f696;7;1632352485020;;0;0;0;TJPE;G1;;2021/TJPE/09/G1/TJPE19560202109221632352485012;False;2021-09-22 20:14:45.020;Erro no arquivo
19;650404403;TJPE13279202109221632352481564;b09b550c554e99971e53f13536a9b4e8326a550131dae9f03a60061cd251d6a7;7;1632352481581;;0;0;0;TJPE;G1;;2021/TJPE/09/G1/TJPE13279202109221632352481564;False;2021-09-22 20:14:41.581;Erro no arquivo
20;650404390;TJPE84819202109221632352472637;c760efef0b81d52c816774e70b165ced38c90dfdbe2e77fd612cc60280a7d524;3;1632352472642;;96;96;0;TJPE;G1;699480.0;2021/TJPE/09/G1/TJPE84819202109221632352472637;False;2021-09-22 20:14:32.642;Processado com sucesso
21;650404386;TJPE46063202109221632352469622;1538c14bc198fd8d3c519a0a9636c50aa15eecb50963aa9bca06c9826ec777a8;7;1632352469643;;0;0;0;TJPE;G1;;2021/TJPE/09/G1/TJPE46063202109221632352469622;False;2021-09-22 20:14:29.643;Erro no arquivo
22;650404375;TJPE55395202109221632352463960;479ec28af8b02cb8b2a992200917fecbc742b6951404a30193d0f79141a3a589;7;1632352463968;;0;0;0;TJPE;G1;;2021/TJPE/09/G1/TJPE55395202109221632352463960;False;2021-09-22 20:14:23.968;Erro no arquivo
23;650404364;TJPE46018202109221632352458685;29730f4e3b229fb96915e72a8ea76d73285be796bb5e17e4f89003688bb749a2;7;1632352458695;;0;0;0;TJPE;G1;;2021/TJPE/09/G1/TJPE46018202109221632352458685;False;2021-09-22 20:14:18.695;Erro no arquivo
24;650404351;TJPE58224202109221632352452574;a5702f1c47d673e2681756edaeda16695197db61d26f943ca065f4219e160acc;7;1632352452582;;0;0;0;TJPE;G1;;2021/TJPE/09/G1/TJPE58224202109221632352452574;False;2021-09-22 20:14:12.582;Erro no arquivo
25;650404336;TJPE27766202109221632352444080;695a086e70469000a6a1dc09fde7eda27fef4c6b189df988f385da8088e1997e;7;1632352444091;;0;0;0;TJPE;G1;;2021/TJPE/09/G1/TJPE27766202109221632352444080;False;2021-09-22 20:14:04.091;Erro no arquivo
26;650404324;TJPE26832202109221632352439248;c65a42e85107a18b96918519029214435f6bc4ab99805b52d0c46d821d1b8f39;7;1632352439257;;0;0;0;TJPE;G1;;2021/TJPE/09/G1/TJPE26832202109221632352439248;False;2021-09-22 20:13:59.257;Erro no arquivo
27;650404313;TJPE50886202109221632352431050;b86c7db6923fbe45a295482d20b539a8c8a03095c69974b3e9b044021fdcba8a;7;1632352431063;;0;0;0;TJPE;G1;;2021/TJPE/09/G1/TJPE50886202109221632352431050;False;2021-09-22 20:13:51.063;Erro no arquivo
28;650404307;TJPE25492202109221632352428157;3c1677186fe1b7ab4e02db62df91417a9e3ba02839e5510d5b008789b7b66943;7;1632352428170;;0;0;0;TJPE;G1;;2021/TJPE/09/G1/TJPE25492202109221632352428157;False;2021-09-22 20:13:48.170;Erro no arquivo
29;650404301;TJPE14282202109221632352425576;654f674753a5974740445703f67e660895672645dd0b51fdfbecbdc8a23740a2;7;1632352425584;;0;0;0;TJPE;G1;;2021/TJPE/09/G1/TJPE14282202109221632352425576;False;2021-09-22 20:13:45.584;Erro no arquivo
30;650404297;TJPE64612202109221632352423195;dccb48feb708cdb75a6070f14b21a495a792ae2513f7d9fbb26f18f9098ed14c;7;1632352423210;;0;0;0;TJPE;G1;;2021/TJPE/09/G1/TJPE64612202109221632352423195;False;2021-09-22 20:13:43.210;Erro no arquivo
31;650404293;TJPE43145202109221632352420808;20a8b468346824b26e8f36f74cf79d42c241ba7e64b5343ccae916a8c3aa5637;7;1632352420817;;0;0;0;TJPE;G1;;2021/TJPE/09/G1/TJPE43145202109221632352420808;False;2021-09-22 20:13:40.817;Erro no arquivo
32;650404289;TJPE22976202109221632352418418;69e607940b4f244addedc53f1ba1609ea79720ec9a0d4f0a1bc71523cf3daaec;7;1632352418428;;0;0;0;TJPE;G1;;2021/TJPE/09/G1/TJPE22976202109221632352418418;False;2021-09-22 20:13:38.428;Erro no arquivo
33;650404285;TJPE70878202109221632352416329;705c9d808fddf501850dbc0edf86306c583436e55e0fbcfc288fae52e7686610;7;1632352416341;;0;0;0;TJPE;JE;;2021/TJPE/09/JE/TJPE70878202109221632352416329;False;2021-09-22 20:13:36.341;Erro no arquivo
34;650404281;TJPE50640202109221632352413840;8700061b97158def82849022c06853c314487830ce2f0cee23383082b2ce6dd5;7;1632352413850;;0;0;0;TJPE;G1;;2021/TJPE/09/G1/TJPE50640202109221632352413840;False;2021-09-22 20:13:33.850;Erro no arquivo
35;650404276;TJPE55959202109221632352411092;ed54aef37c26434d181889a58937be4945abdf65f1a718cbb141cf92d7c39a9e;7;1632352411101;;0;0;0;TJPE;G1;;2021/TJPE/09/G1/TJPE55959202109221632352411092;False;2021-09-22 20:13:31.101;Erro no arquivo
36;650404272;TJPE67125202109221632352408942;6c7944922c1e0d89f682fd85bb41e17dec620c350d99cd778798db280fc37f9f;7;1632352408955;;0;0;0;TJPE;G1;;2021/TJPE/09/G1/TJPE67125202109221632352408942;False;2021-09-22 20:13:28.955;Erro no arquivo
37;650404266;TJPE75074202109221632352405856;b453cd82a3cd909dd19e4cbaaf289d563d772fcdc9db0061c1ddc51136765b2d;7;1632352405869;;0;0;0;TJPE;G1;;2021/TJPE/09/G1/TJPE75074202109221632352405856;False;2021-09-22 20:13:25.869;Erro no arquivo
38;650404261;TJPE91484202109221632352403629;f9f2a492e841295c7b5af3ca0002fc8dd2c9eb410de1b76c778c3ba6aefa35d4;7;1632352403637;;0;0;0;TJPE;G1;;2021/TJPE/09/G1/TJPE91484202109221632352403629;False;2021-09-22 20:13:23.637;Erro no arquivo
39;650404257;TJPE23542202109221632352401150;865e2388b18e0fe2e31a00b2b88d7ee8155ccc977d55d1621e7a0f112795f3b1;7;1632352401158;;0;0;0;TJPE;G1;;2021/TJPE/09/G1/TJPE23542202109221632352401150;False;2021-09-22 20:13:21.158;Erro no arquivo
0;650404252;TJPE72256202109221632352398826;d02f023381ca5849da8967e1f5417555fdd3dc0a9ee63a562e47e0654b0d594d;7;1632352398831;;0;0;0;TJPE;G1;;2021/TJPE/09/G1/TJPE72256202109221632352398826;False;2021-09-22 20:13:18.831;Erro no arquivo
1;650404241;TJPE81876202109221632352391465;cd3beb9ac4e5724a0bd492d495eae448a0a13533e07cbd142a08158063f1d206;7;1632352391487;;0;0;0;TJPE;G1;;2021/TJPE/09/G1/TJPE81876202109221632352391465;False;2021-09-22 20:13:11.487;Erro no arquivo
2;650404224;TJPE39869202109221632352381697;a876d4e7ed390f4466f65f5a52e6f453fed1d76222b55715c0669c91d9fcfcc0;7;1632352381706;;0;0;0;TJPE;G1;;2021/TJPE/09/G1/TJPE39869202109221632352381697;False;2021-09-22 20:13:01.706;Erro no arquivo
3;650404217;TJPE29526202109221632352377985;386d7c5cf52a29f8ba5dc0f74a67a618cbc94e035ae3efc78e1337f73cf6d8f7;7;1632352377993;;0;0;0;TJPE;G1;;2021/TJPE/09/G1/TJPE29526202109221632352377985;False;2021-09-22 20:12:57.993;Erro no arquivo
4;650404203;TJPE21799202109221632352369935;89cef3b2bc09fcb5ca8cdf896c9bec34004420b1aea1a2b977a2b7d10792b8bb;7;1632352369960;;0;0;0;TJPE;G1;;2021/TJPE/09/G1/TJPE21799202109221632352369935;False;2021-09-22 20:12:49.960;Erro no arquivo
5;650404143;TJPE95300202109221632352332401;b82831e5205bd06789951f5198f94cdd1061caac45b4e37b1e8806e319a379c1;7;1632352332416;;0;0;0;TJPE;G1;;2021/TJPE/09/G1/TJPE95300202109221632352332401;False;2021-09-22 20:12:12.416;Erro no arquivo
6;650404139;TJPE60664202109221632352330094;9b1cb03e51976a3026bc23f65834a65b3c9dca13daad3d4718c5ceac8d781e55;7;1632352330106;;0;0;0;TJPE;G1;;2021/TJPE/09/G1/TJPE60664202109221632352330094;False;2021-09-22 20:12:10.106;Erro no arquivo
7;650404134;TJPE43539202109221632352327138;f704d7bdb3e7aa0c8ccf232c1a8a99da516aaad04a7046a10dc8fcc169fbc4d4;7;1632352327146;;0;0;0;TJPE;G1;;2021/TJPE/09/G1/TJPE43539202109221632352327138;False;2021-09-22 20:12:07.146;Erro no arquivo
8;650404130;TJPE45679202109221632352324803;059834cb7b2937e7b14282ef26553f7a3cfab97c0842b2c38d7962356e341951;3;1632352324814;;100;100;0;TJPE;G1;1307033.0;2021/TJPE/09/G1/TJPE45679202109221632352324803;False;2021-09-22 20:12:04.814;Processado com sucesso
9;650404124;TJPE44631202109221632352322006;28a4b1ff1bdbf363f7595a6471bb29e031407669f96e8261cfaff81a8d51c45b;7;1632352322016;;0;0;0;TJPE;G1;;2021/TJPE/09/G1/TJPE44631202109221632352322006;False;2021-09-22 20:12:02.016;Erro no arquivo
10;650404117;TJPE26142202109221632352320231;093347f751a54fae65a334e9edf01ca245e006e4abac7122575f76cd3edd38a8;7;1632352320247;;0;0;0;TJPE;G1;;2021/TJPE/09/G1/TJPE26142202109221632352320231;False;2021-09-22 20:12:00.247;Erro no arquivo
11;650404112;TJPE14252202109221632352318511;6268d47bacbf37d9178f04146263378eeefec9efa61c6120e6d22d3842b80bb9;7;1632352318519;;0;0;0;TJPE;G1;;2021/TJPE/09/G1/TJPE14252202109221632352318511;False;2021-09-22 20:11:58.519;Erro no arquivo
12;650404108;TJPE87188202109221632352315954;3ddde589aced2a94cf2d193a888a1473d600ed5fefd4cf2b571097dd3611619b;7;1632352315966;;0;0;0;TJPE;G1;;2021/TJPE/09/G1/TJPE87188202109221632352315954;False;2021-09-22 20:11:55.966;Erro no arquivo
13;650404102;TJPE74218202109221632352313914;f9e5719cbafb3658419ae0715b9c1ddfd8401fd5daaaf06b794f7e63776f165f;3;1632352313924;;100;100;0;TJPE;JE;1121589.0;2021/TJPE/09/JE/TJPE74218202109221632352313914;False;2021-09-22 20:11:53.924;Processado com sucesso
14;650404100;TJPE80701202109221632352311641;4a02dc38daf4075571b9e32753da0abb7fa822ab52f1fd71cc45d2a91e58b0b3;7;1632352311650;;0;0;0;TJPE;G1;;2021/TJPE/09/G1/TJPE80701202109221632352311641;False;2021-09-22 20:11:51.650;Erro no arquivo
15;650404096;TJPE32870202109221632352309562;1309fd83a86c041c7f4cf47a6643b7b00127c1eb07f53d6167e64ce114cecb54;7;1632352309574;;0;0;0;TJPE;G1;;2021/TJPE/09/G1/TJPE32870202109221632352309562;False;2021-09-22 20:11:49.574;Erro no arquivo
16;650404091;TJPE32808202109221632352307002;d15c7f56914bc2bafa75f52cd2fcbb4dd7c212e9e8ad2dae25ccf5a311bc744e;7;1632352307012;;0;0;0;TJPE;G1;;2021/TJPE/09/G1/TJPE32808202109221632352307002;False;2021-09-22 20:11:47.012;Erro no arquivo
17;650404086;TJPE31671202109221632352303028;0218442c4fcd6e3a450ed57f4a5878389bd367b930d660f29fb6d039be5e9971;7;1632352303039;;0;0;0;TJPE;G1;;2021/TJPE/09/G1/TJPE31671202109221632352303028;False;2021-09-22 20:11:43.039;Erro no arquivo
18;650404079;TJPE65985202109221632352300616;c552eda5271b4bff848a39965cc814faf77208654c7e87f13e5e6ebc9dd934d6;7;1632352300624;;0;0;0;TJPE;G1;;2021/TJPE/09/G1/TJPE65985202109221632352300616;False;2021-09-22 20:11:40.624;Erro no arquivo
19;650404076;TJPE70286202109221632352298295;58a2333e915495c30f4197f0c9fe3665ef50cf9dbccd910640a536cb252422ba;7;1632352298318;;0;0;0;TJPE;G1;;2021/TJPE/09/G1/TJPE70286202109221632352298295;False;2021-09-22 20:11:38.318;Erro no arquivo
20;650404071;TJPE26794202109221632352295823;0de19bde9084ca2f5f4beea45f11a157b03fdbea02f58b8161273847ebb36e6b;7;1632352295832;;0;0;0;TJPE;G1;;2021/TJPE/09/G1/TJPE26794202109221632352295823;False;2021-09-22 20:11:35.832;Erro no arquivo
21;650404067;TJPE80295202109221632352293548;a3a73d0fdc0b387a45feeb4b5a9cd21b6090aaea30e7ff8c7b4da121a303c5d4;7;1632352293557;;0;0;0;TJPE;G1;;2021/TJPE/09/G1/TJPE80295202109221632352293548;False;2021-09-22 20:11:33.557;Erro no arquivo
22;650404063;TJPE38601202109221632352291410;cdd8a033a3bafb86c454916d57bd8f2d9fae622ce79b634645f7a121780800cb;7;1632352291422;;0;0;0;TJPE;G1;;2021/TJPE/09/G1/TJPE38601202109221632352291410;False;2021-09-22 20:11:31.422;Erro no arquivo
23;650404055;TJPE66702202109221632352289178;948b52cedb4c3008e53eadca3dceca03a7336cafb4a648e5f2d1865a9268af9c;7;1632352289195;;0;0;0;TJPE;G1;;2021/TJPE/09/G1/TJPE66702202109221632352289178;False;2021-09-22 20:11:29.195;Erro no arquivo
24;650404050;TJPE43038202109221632352286577;39cf81b90fbec59d7796cc54a41d7bff64939d56f956a19be8038073eadaf0ca;3;1632352286585;;100;100;0;TJPE;JE;975360.0;2021/TJPE/09/JE/TJPE43038202109221632352286577;False;2021-09-22 20:11:26.585;Processado com sucesso
25;650404045;TJPE33569202109221632352284173;26e6450348ed4475f38582ac59fc8edb2d597ce5a5e2d27268db580fbf94d7e1;7;1632352284182;;0;0;0;TJPE;G1;;2021/TJPE/09/G1/TJPE33569202109221632352284173;False;2021-09-22 20:11:24.182;Erro no arquivo
26;650404036;TJPE69289202109221632352281745;ca7c8bc498dacf50b41c307a3ffe447aed826cff0b678c3565fdae7f19d12f4f;7;1632352281753;;0;0;0;TJPE;G1;;2021/TJPE/09/G1/TJPE69289202109221632352281745;False;2021-09-22 20:11:21.753;Erro no arquivo
27;650404032;TJPE11420202109221632352278304;a2cb2cce5ccfa28df0647675ed0eff11feab06c270e6e9d4cb3848bb6e91f77d;7;1632352278315;;0;0;0;TJPE;G1;;2021/TJPE/09/G1/TJPE11420202109221632352278304;False;2021-09-22 20:11:18.315;Erro no arquivo
28;650404020;TJPE46248202109221632352275748;6f8fde8408ef298621966c83abd2582cf524f73aca32c9412284686fd92c3f1a;7;1632352275778;;0;0;0;TJPE;G1;;2021/TJPE/09/G1/TJPE46248202109221632352275748;False;2021-09-22 20:11:15.778;Erro no arquivo
29;650403993;TJPE61141202109221632352263969;374ab49167fa42aefcd47513b36fbf39742c9ffeb809356030aac07f5c0ee0d5;7;1632352263977;;0;0;0;TJPE;G1;;2021/TJPE/09/G1/TJPE61141202109221632352263969;False;2021-09-22 20:11:03.977;Erro no arquivo
30;650403975;TJPE41223202109221632352255268;68d3059235f78189d3b735b8e59384d25766d133b7ac85e59bbb491954664572;7;1632352255279;;0;0;0;TJPE;G1;;2021/TJPE/09/G1/TJPE41223202109221632352255268;False;2021-09-22 20:10:55.279;Erro no arquivo
31;650403960;TJPE48576202109221632352247375;7add2f82e3c58b1f6e1c335c39feb5cf706efb6a7529fd3e0a109b4468bbfb27;7;1632352247383;;0;0;0;TJPE;G1;;2021/TJPE/09/G1/TJPE48576202109221632352247375;False;2021-09-22 20:10:47.383;Erro no arquivo
32;650403924;TJPE16032202109221632352226427;cd8a717aa4068f42bc6334ab9d4da69bebeb6c27b4c81f84208fab386e89f4fa;7;1632352226436;;0;0;0;TJPE;G1;;2021/TJPE/09/G1/TJPE16032202109221632352226427;False;2021-09-22 20:10:26.436;Erro no arquivo
33;650403920;TJPE72719202109221632352224410;6a9755faefe870dd3eec4676bf899c1f4faf42d9611aaed21655ce5b89c83fa1;7;1632352224418;;0;0;0;TJPE;G1;;2021/TJPE/09/G1/TJPE72719202109221632352224410;False;2021-09-22 20:10:24.418;Erro no arquivo
34;650403913;TJPE71966202109221632352222235;dc28ce0376628de1f508c166b6e1e5c9cc06d975593642cb8fcd26ac64985bec;7;1632352222245;;0;0;0;TJPE;G1;;2021/TJPE/09/G1/TJPE71966202109221632352222235;False;2021-09-22 20:10:22.245;Erro no arquivo
35;650403908;TJPE24819202109221632352220106;bff61936e107cce682ed824979fee7692af712f35772123e8cd4e475205d9d48;7;1632352220114;;0;0;0;TJPE;G1;;2021/TJPE/09/G1/TJPE24819202109221632352220106;False;2021-09-22 20:10:20.114;Erro no arquivo
36;650403905;TJPE43083202109221632352218155;2d33758f48ea28bee4b781e11e1f28f5d586dc6e7c4c5abe21468261f7f471cc;7;1632352218219;;0;0;0;TJPE;G1;;2021/TJPE/09/G1/TJPE43083202109221632352218155;False;2021-09-22 20:10:18.219;Erro no arquivo
37;650403899;TJPE23084202109221632352215858;b489862a8ca2c31b0d90a627d833f9a00582b73b8e4b4964516c62c6728857c0;7;1632352215867;;0;0;0;TJPE;G1;;2021/TJPE/09/G1/TJPE23084202109221632352215858;False;2021-09-22 20:10:15.867;Erro no arquivo
38;650403896;TJPE18650202109221632352213712;b47d34394dfe5f222b07c38af2a12e54a03d81c10853a385ce6d07da56dec075;7;1632352213722;;0;0;0;TJPE;G1;;2021/TJPE/09/G1/TJPE18650202109221632352213712;False;2021-09-22 20:10:13.722;Erro no arquivo
39;650403890;TJPE43130202109221632352211378;0a7a34ee2c4eb095a5b61e16c2237e721e201bcf8ae0ec962f53d78ce533c32a;7;1632352211385;;0;0;0;TJPE;G1;;2021/TJPE/09/G1/TJPE43130202109221632352211378;False;2021-09-22 20:10:11.385;Erro no arquivo
0;650403886;TJPE43031202109221632352209581;3fc2b516bb35e36cbd5f98edd46e426a57a63560e45adacc76aa831ea7058bfb;3;1632352209589;;91;91;0;TJPE;G1;986169.0;2021/TJPE/09/G1/TJPE43031202109221632352209581;False;2021-09-22 20:10:09.589;Processado com sucesso
1;650403881;TJPE72980202109221632352207274;2cc85784d3aac70ef9931311938f60a672de17bfb896510ae4f966ee996e9717;7;1632352207282;;0;0;0;TJPE;G1;;2021/TJPE/09/G1/TJPE72980202109221632352207274;False;2021-09-22 20:10:07.282;Erro no arquivo
2;650403875;TJPE78337202109221632352205242;ad786b8021a43fe973efe8f7bb9fb91bc08fb1c960d2ffcaad43a800c416a18b;7;1632352205250;;0;0;0;TJPE;G1;;2021/TJPE/09/G1/TJPE78337202109221632352205242;False;2021-09-22 20:10:05.250;Erro no arquivo
3;650403857;TJPE92821202109221632352196370;829ebd8a6885d5915528da4126e6027eb2a3d67cdce48127d850ad650e2699d1;7;1632352196382;;0;0;0;TJPE;G1;;2021/TJPE/09/G1/TJPE92821202109221632352196370;False;2021-09-22 20:09:56.382;Erro no arquivo
4;650403852;TJPE44326202109221632352192811;7ec57843aca46ef9d90a661a61d04e8c5ea38996d0273a7644c18da5afdaa1bf;7;1632352192819;;0;0;0;TJPE;G1;;2021/TJPE/09/G1/TJPE44326202109221632352192811;False;2021-09-22 20:09:52.819;Erro no arquivo
5;650403840;TJPE87442202109221632352185617;da503bec52a3b2aadccb39b9a81ef278caae0c1fd42b5e8ccf38cea3bdb0e8c8;7;1632352185626;;0;0;0;TJPE;G1;;2021/TJPE/09/G1/TJPE87442202109221632352185617;False;2021-09-22 20:09:45.626;Erro no arquivo
6;650403827;TJPE86554202109221632352179184;b69ab865b55622311221ed29ed6209f94d1fa9233ca22d5bb7eeb367443a8f1c;7;1632352179197;;0;0;0;TJPE;G1;;2021/TJPE/09/G1/TJPE86554202109221632352179184;False;2021-09-22 20:09:39.197;Erro no arquivo
7;650403814;TJPE15714202109221632352171536;0987e36f888a4019f71c7357053bec6cdd53595e34c2435d6cb1521b0784bc75;7;1632352171552;;0;0;0;TJPE;G1;;2021/TJPE/09/G1/TJPE15714202109221632352171536;False;2021-09-22 20:09:31.552;Erro no arquivo
8;650403810;TJPE13858202109221632352169386;6b463b2a7359e1c337c141b49a9f3877f0192703d1cc434de5525cd2f58119e9;7;1632352169407;;0;0;0;TJPE;G1;;2021/TJPE/09/G1/TJPE13858202109221632352169386;False;2021-09-22 20:09:29.407;Erro no arquivo
9;650403805;TJPE28805202109221632352166985;00ac997aaaea8fd4851ee6fc137f4c20e460c0faf95ba63c69471f57f4ca2d71;7;1632352166993;;0;0;0;TJPE;G1;;2021/TJPE/09/G1/TJPE28805202109221632352166985;False;2021-09-22 20:09:26.993;Erro no arquivo
10;650403797;TJPE72324202109221632352164303;8437a6facb5beeece8010061d832f8239c85675a3e699b2f24b3ce276517f2b8;7;1632352164310;;0;0;0;TJPE;G1;;2021/TJPE/09/G1/TJPE72324202109221632352164303;False;2021-09-22 20:09:24.310;Erro no arquivo
11;650403790;TJPE28789202109221632352162126;41de43ea047264b926eff69503608de0f2c2cd3c83de179cb5b8f69ca0f81d0a;3;1632352162134;;97;97;0;TJPE;G1;1000630.0;2021/TJPE/09/G1/TJPE28789202109221632352162126;False;2021-09-22 20:09:22.134;Processado com sucesso
12;650403783;TJPE51782202109221632352160073;ae41cdd9c8e4c0cbb6ebc523edcd32f45b219b7c420fa621b9d13ec61bea8bda;7;1632352160082;;0;0;0;TJPE;G1;;2021/TJPE/09/G1/TJPE51782202109221632352160073;False;2021-09-22 20:09:20.082;Erro no arquivo
13;650403778;TJPE49477202109221632352157897;a2baa896686a15e97327d93a09fd6712cd99e8704a4ba74881b357ca020a244f;7;1632352157906;;0;0;0;TJPE;G1;;2021/TJPE/09/G1/TJPE49477202109221632352157897;False;2021-09-22 20:09:17.906;Erro no arquivo
14;650403773;TJPE18000202109221632352155967;96523deee6ec4da8d05e4c487a84ed5f467d4318982dc13344014db49a366c11;7;1632352155985;;0;0;0;TJPE;G1;;2021/TJPE/09/G1/TJPE18000202109221632352155967;False;2021-09-22 20:09:15.985;Erro no arquivo
15;650403770;TJPE57749202109221632352153904;2293d42c5bcbf59992fc06e31cb2f508a01e1d36af36a5f85f6f8bc44a03834a;7;1632352153913;;0;0;0;TJPE;G1;;2021/TJPE/09/G1/TJPE57749202109221632352153904;False;2021-09-22 20:09:13.913;Erro no arquivo
16;650403765;TJPE83897202109221632352151646;5deaec6a5267864df8fa1e189171930f03868a6790fde1727544ee7ff03a19b2;7;1632352151660;;0;0;0;TJPE;G1;;2021/TJPE/09/G1/TJPE83897202109221632352151646;False;2021-09-22 20:09:11.660;Erro no arquivo
17;650403757;TJPE52191202109221632352149251;34bb45b313969a408804dca2b7a1c86c22bbc940dd6e8f39787f12e8e1377779;7;1632352149260;;0;0;0;TJPE;G1;;2021/TJPE/09/G1/TJPE52191202109221632352149251;False;2021-09-22 20:09:09.260;Erro no arquivo
18;650403753;TJPE28992202109221632352144365;287bbdbd3d435aa134b93b9f5b086a786db7bbb1a87b3278b2d1d8b1e43bea2f;7;1632352144375;;0;0;0;TJPE;G1;;2021/TJPE/09/G1/TJPE28992202109221632352144365;False;2021-09-22 20:09:04.375;Erro no arquivo
19;650403745;TJPE12135202109221632352141406;08a3e91b56516352a5d698bbb9dca4e0aeab5cac3d396a22869287c7d3e4dcbe;7;1632352141414;;0;0;0;TJPE;G1;;2021/TJPE/09/G1/TJPE12135202109221632352141406;False;2021-09-22 20:09:01.414;Erro no arquivo
20;650403732;TJPE69315202109221632352135272;8eb0108202592a87cf8c2714feb2c5a9f4db75ee08107fd5c9ccd781758117ac;7;1632352135282;;0;0;0;TJPE;G1;;2021/TJPE/09/G1/TJPE69315202109221632352135272;False;2021-09-22 20:08:55.282;Erro no arquivo
21;650403715;TJPE28313202109221632352126374;295e5d9787ba8a1ca65abee84e1f3db2a7b119247d377c333f74a6e615dcb05f;7;1632352126383;;0;0;0;TJPE;G1;;2021/TJPE/09/G1/TJPE28313202109221632352126374;False;2021-09-22 20:08:46.383;Erro no arquivo
22;650403702;TJPE33840202109221632352120119;51499ee89a3ede1fe613acb9dae04811a78ea21d083a876a259d39453ed30c25;7;1632352120130;;0;0;0;TJPE;G1;;2021/TJPE/09/G1/TJPE33840202109221632352120119;False;2021-09-22 20:08:40.130;Erro no arquivo
23;650403691;TJPE75927202109221632352112238;411ced050accbb48c45a8d76453769a5a3fe65b9fdf71e67120fc37ce10b3799;7;1632352112249;;0;0;0;TJPE;G1;;2021/TJPE/09/G1/TJPE75927202109221632352112238;False;2021-09-22 20:08:32.249;Erro no arquivo
24;650403681;TJPE60811202109221632352106903;061858c8b0c7b5b1e2047ca3f368d35b14133f0080d986f43ce15b59e98a318a;7;1632352106913;;0;0;0;TJPE;G1;;2021/TJPE/09/G1/TJPE60811202109221632352106903;False;2021-09-22 20:08:26.913;Erro no arquivo
25;650403672;TJPE98199202109221632352100801;5a17cb529595775be6b1d0f3667d06e887add7c32e0542998996d895bef9f75c;7;1632352100825;;0;0;0;TJPE;G1;;2021/TJPE/09/G1/TJPE98199202109221632352100801;False;2021-09-22 20:08:20.825;Erro no arquivo
26;650403656;TJPE67644202109221632352092605;419b57241e9686c35e7096ff4a8a04eabf3e43a1d7218ad6b4a861601d472434;3;1632352092621;;100;100;0;TJPE;JE;1347478.0;2021/TJPE/09/JE/TJPE67644202109221632352092605;False;2021-09-22 20:08:12.621;Processado com sucesso
27;650403647;TJPE94836202109221632352088469;129bf8e5150bc65a77580ffe5fdd148b31bccce1e027774c48b0d66dc9c9658b;7;1632352088479;;0;0;0;TJPE;G1;;2021/TJPE/09/G1/TJPE94836202109221632352088469;False;2021-09-22 20:08:08.479;Erro no arquivo
28;650403620;TJPE95261202109221632352073451;34fdc7ed6f67985edd4df3679a530fc15757aa9a4f9e874759ec543e7c7d21a1;7;1632352073456;;0;0;0;TJPE;G1;;2021/TJPE/09/G1/TJPE95261202109221632352073451;False;2021-09-22 20:07:53.456;Erro no arquivo
29;650403609;TJPE41862202109221632352066384;43ddcfbce023c44a5a0241a32db7762702fa9ba0e706b5a69c6a49eeff480c2c;7;1632352066392;;0;0;0;TJPE;G1;;2021/TJPE/09/G1/TJPE41862202109221632352066384;False;2021-09-22 20:07:46.392;Erro no arquivo
30;650403597;TJPE62390202109221632352059876;b328c82c8fbcde083993bfcb761696c3e007cc38f71d0d71c90e826d671d9591;3;1632352059898;;100;100;0;TJPE;JE;1308810.0;2021/TJPE/09/JE/TJPE62390202109221632352059876;False;2021-09-22 20:07:39.898;Processado com sucesso
31;650403582;TJPE87068202109221632352052535;36fbe8c4545e38b37f697b9e4cae2f86ea9404f245f2ff71a943dede37d2e4e1;7;1632352052556;;0;0;0;TJPE;G1;;2021/TJPE/09/G1/TJPE87068202109221632352052535;False;2021-09-22 20:07:32.556;Erro no arquivo
32;650403572;TJPE47598202109221632352047807;55bf0bf592314e8a84297b3f8e0f9a2230f6ca5fefc3aa8104a51b17245ddc0e;7;1632352047816;;0;0;0;TJPE;G1;;2021/TJPE/09/G1/TJPE47598202109221632352047807;False;2021-09-22 20:07:27.816;Erro no arquivo
33;650403565;TJPE25676202109221632352042400;0b394ea3afd5a5abb804d1eb4b719bba4b48b9283d1213fbba874c0e8703da88;3;1632352042409;;100;100;0;TJPE;JE;1180408.0;2021/TJPE/09/JE/TJPE25676202109221632352042400;False;2021-09-22 20:07:22.409;Processado com sucesso
34;650403555;TJPE53919202109221632352036689;bb9e5b4308d8d21d024d7ff1d042315e8990447f23ba69d73308c750e4ecbf15;7;1632352036697;;0;0;0;TJPE;G1;;2021/TJPE/09/G1/TJPE53919202109221632352036689;False;2021-09-22 20:07:16.697;Erro no arquivo
35;650403550;TJPE70890202109221632352034607;41f738add565a87b6ababd14cedb467cca8fe94edb01e670657e661fe48a9855;7;1632352034621;;0;0;0;TJPE;G1;;2021/TJPE/09/G1/TJPE70890202109221632352034607;False;2021-09-22 20:07:14.621;Erro no arquivo
36;650403544;TJPE96342202109221632352032011;bae5835911824d294d25ab0d6e82609dfb63f9b4902aec0e02aa4d039c6bc14a;7;1632352032019;;0;0;0;TJPE;G1;;2021/TJPE/09/G1/TJPE96342202109221632352032011;False;2021-09-22 20:07:12.019;Erro no arquivo
37;650403537;TJPE41981202109221632352029790;29ce196454754cc8b797aae35b394b8339ea9845d8bf72239551307269267e4f;7;1632352029826;;0;0;0;TJPE;G1;;2021/TJPE/09/G1/TJPE41981202109221632352029790;False;2021-09-22 20:07:09.826;Erro no arquivo
38;650403533;TJPE80052202109221632352027528;2157cdb40512b4fd079c369f8f4210e22f6bbb7c87a33b186a76c496712cb9fd;7;1632352027542;;0;0;0;TJPE;G1;;2021/TJPE/09/G1/TJPE80052202109221632352027528;False;2021-09-22 20:07:07.542;Erro no arquivo
39;650403528;TJPE70984202109221632352024842;468cc1e91511b12f33a973ebc7eee44393ec019290508b6e36a80cd91e41e255;7;1632352024852;;0;0;0;TJPE;G1;;2021/TJPE/09/G1/TJPE70984202109221632352024842;False;2021-09-22 20:07:04.852;Erro no arquivo
0;650403522;TJPE62630202109221632352022608;78e11a4d196b97c4ee7cffdca581cad375752a718c7b83c9cd2b9b67c0474492;7;1632352022639;;0;0;0;TJPE;G1;;2021/TJPE/09/G1/TJPE62630202109221632352022608;False;2021-09-22 20:07:02.639;Erro no arquivo
1;650403514;TJPE43654202109221632352020049;86be63b393f409bdeadaa3011a2d1e49ef4b3a36421fa1330045cd84bdb99b0b;7;1632352020059;;0;0;0;TJPE;G1;;2021/TJPE/09/G1/TJPE43654202109221632352020049;False;2021-09-22 20:07:00.059;Erro no arquivo
2;650403506;TJPE99183202109221632352018011;f039464eb575590d808721bebc19e268f3649dc2488d7c260eb3256e898e4fea;7;1632352018019;;0;0;0;TJPE;G1;;2021/TJPE/09/G1/TJPE99183202109221632352018011;False;2021-09-22 20:06:58.019;Erro no arquivo
3;650403492;TJPE60259202109221632352008958;82cad645548105a8d8e4175e9f532607a73ccd0440faeadb05766c03e7687e07;7;1632352008966;;0;0;0;TJPE;G1;;2021/TJPE/09/G1/TJPE60259202109221632352008958;False;2021-09-22 20:06:48.966;Erro no arquivo
4;650403483;TJPE12006202109221632352006848;0aa935b35d59a185b64348867200d66be01386fbabe86a0622f52831ff5ca0c6;7;1632352006857;;0;0;0;TJPE;G1;;2021/TJPE/09/G1/TJPE12006202109221632352006848;False;2021-09-22 20:06:46.857;Erro no arquivo
5;650403468;TJPE86630202109221632351998509;32216046ed02306a6395da136bd22c52dd412bfc24486c2d3c5df6eb544698b8;7;1632351998516;;0;0;0;TJPE;G1;;2021/TJPE/09/G1/TJPE86630202109221632351998509;False;2021-09-22 20:06:38.516;Erro no arquivo
6;650403459;TJPE56158202109221632351994640;e6f6c1f955c083c390fd46d05b055bd1da180c5f5fbd3ce14d6afa7a4d62d82d;7;1632351994650;;0;0;0;TJPE;G1;;2021/TJPE/09/G1/TJPE56158202109221632351994640;False;2021-09-22 20:06:34.650;Erro no arquivo
7;650403431;TJPE40616202109221632351983016;cfb28cab746f78a72f69977f8c1ef874f5e7e189b3dfa722f5fda2336d9220d8;7;1632351983024;;0;0;0;TJPE;G1;;2021/TJPE/09/G1/TJPE40616202109221632351983016;False;2021-09-22 20:06:23.024;Erro no arquivo
8;650403413;TJPE52872202109221632351975710;d80e7cf59130ab1df76bf96b2e3f09e049bbdb51c8608b3dd23588d6df674601;7;1632351975724;;0;0;0;TJPE;G1;;2021/TJPE/09/G1/TJPE52872202109221632351975710;False;2021-09-22 20:06:15.724;Erro no arquivo
9;650403403;TJPE24592202109221632351970175;2e4ea0c5a550692a8354d95c99655ec875723ca1d7c592317e618878a4710944;7;1632351970185;;0;0;0;TJPE;G1;;2021/TJPE/09/G1/TJPE24592202109221632351970175;False;2021-09-22 20:06:10.185;Erro no arquivo
10;650403394;TJPE88606202109221632351966059;a2a20d7024ca42de3548853e3b9e40aa66b885d37d55d67c03e3aa90b92fdfda;7;1632351966072;;0;0;0;TJPE;G1;;2021/TJPE/09/G1/TJPE88606202109221632351966059;False;2021-09-22 20:06:06.072;Erro no arquivo
11;650403388;TJPE69091202109221632351962305;5a662e087d2f14990723c374c30c4e2d40f0845fb1a72985cc3ed709a38e7eaf;7;1632351962315;;0;0;0;TJPE;G1;;2021/TJPE/09/G1/TJPE69091202109221632351962305;False;2021-09-22 20:06:02.315;Erro no arquivo
12;650403372;TJPE24121202109221632351953183;b654960cd692174fa8075537ada1b5c2dc01b820c7642cbf5953133d98a7e63c;7;1632351953190;;0;0;0;TJPE;G1;;2021/TJPE/09/G1/TJPE24121202109221632351953183;False;2021-09-22 20:05:53.190;Erro no arquivo
13;650403358;TJPE68640202109221632351946645;ff5d71eadf68732f12626069f3fefbcad9035ca83b5d2764d4850de2fc0a7d3f;7;1632351946649;;0;0;0;TJPE;G1;;2021/TJPE/09/G1/TJPE68640202109221632351946645;False;2021-09-22 20:05:46.649;Erro no arquivo
14;650403348;TJPE31833202109221632351943434;4b1e11bf37402cc8dca74b5a19352939e36e8f39347475400131daf021473c22;7;1632351943442;;0;0;0;TJPE;G1;;2021/TJPE/09/G1/TJPE31833202109221632351943434;False;2021-09-22 20:05:43.442;Erro no arquivo
15;650403337;TJPE24239202109221632351938534;fdbf22c14e245cb7feddc5f336c59c9a7ccac54122fc5eb10cee834a811f6aa3;7;1632351938543;;0;0;0;TJPE;G1;;2021/TJPE/09/G1/TJPE24239202109221632351938534;False;2021-09-22 20:05:38.543;Erro no arquivo
16;650403331;TJPE10551202109221632351936424;32e749ababca18306e1c48ed3e5c9d3b22327e384a6154b6330689a77c0f5d72;7;1632351936431;;0;0;0;TJPE;G1;;2021/TJPE/09/G1/TJPE10551202109221632351936424;False;2021-09-22 20:05:36.431;Erro no arquivo
17;650403322;TJPE91903202109221632351933869;09c85728f73371946ee7f750e0ccaf87c875213dd2f74788c16003f22367e20b;7;1632351933883;;0;0;0;TJPE;G1;;2021/TJPE/09/G1/TJPE91903202109221632351933869;False;2021-09-22 20:05:33.883;Erro no arquivo
18;650403319;TJPE61100202109221632351931674;265f22a3be6c823db1b16e09c71a99e681d56705861554b8a1f55f39231b485b;7;1632351931684;;0;0;0;TJPE;G1;;2021/TJPE/09/G1/TJPE61100202109221632351931674;False;2021-09-22 20:05:31.684;Erro no arquivo
19;650403314;TJPE75816202109221632351929239;17a314c002ab12a875a7fca8283d214db555b4950bb88126bb0343edf1b9366a;7;1632351929248;;0;0;0;TJPE;G1;;2021/TJPE/09/G1/TJPE75816202109221632351929239;False;2021-09-22 20:05:29.248;Erro no arquivo
20;650403304;TJPE43379202109221632351925317;1f42b1aa66f144eccb438c63a109de4d31b8aa11adac57eadf0b5f6ae3173cfd;7;1632351925327;;0;0;0;TJPE;G1;;2021/TJPE/09/G1/TJPE43379202109221632351925317;False;2021-09-22 20:05:25.327;Erro no arquivo
21;650403300;TJPE34412202109221632351923286;083f472de607562c788d305c42492b6467261e1a63f23b7354d4104ce1aedd82;7;1632351923301;;0;0;0;TJPE;G1;;2021/TJPE/09/G1/TJPE34412202109221632351923286;False;2021-09-22 20:05:23.301;Erro no arquivo
22;650403296;TJPE66886202109221632351920783;310f4c1d402c2b418c5b77c1ca5a9662fb00d04c9601ce1ad457bc93b771155c;7;1632351920797;;0;0;0;TJPE;G1;;2021/TJPE/09/G1/TJPE66886202109221632351920783;False;2021-09-22 20:05:20.797;Erro no arquivo
23;650403292;TJPE67388202109221632351918288;317e6ecc49732b7fa9bebf81967f209e2eb12d1b42f9d12637f3a0c94a0d615b;7;1632351918297;;0;0;0;TJPE;G1;;2021/TJPE/09/G1/TJPE67388202109221632351918288;False;2021-09-22 20:05:18.297;Erro no arquivo
24;650403288;TJPE28708202109221632351915830;262caf417c41145859e0183772538163fe2aba908e7940c4515fb46c283a698d;7;1632351915844;;0;0;0;TJPE;G1;;2021/TJPE/09/G1/TJPE28708202109221632351915830;False;2021-09-22 20:05:15.844;Erro no arquivo
25;650403283;TJPE64884202109221632351913495;e842796d2496940ea5a8bc3c75615d21a44f251d1cb34287bf616a6ce8fc916d;7;1632351913502;;0;0;0;TJPE;G1;;2021/TJPE/09/G1/TJPE64884202109221632351913495;False;2021-09-22 20:05:13.502;Erro no arquivo
26;650403278;TJPE36485202109221632351911472;3b27de2e8537dd44a94eade8e3bf00350e95e8ddd904cab2f4b5d9167dedcc22;7;1632351911479;;0;0;0;TJPE;G1;;2021/TJPE/09/G1/TJPE36485202109221632351911472;False;2021-09-22 20:05:11.479;Erro no arquivo
27;650403275;TJPE15385202109221632351909522;0d4a205b4309b9e2954ce8db247b525f7beedac97a6b21d0d4a2fcc135a28fbe;7;1632351909530;;0;0;0;TJPE;G1;;2021/TJPE/09/G1/TJPE15385202109221632351909522;False;2021-09-22 20:05:09.530;Erro no arquivo
28;650403271;TJPE10035202109221632351907672;03c4bbd63ef12a36cd28696f6a309992f309e1ac19398b77da2456560823468c;7;1632351907681;;0;0;0;TJPE;G1;;2021/TJPE/09/G1/TJPE10035202109221632351907672;False;2021-09-22 20:05:07.681;Erro no arquivo
29;650403259;TJPE91775202109221632351900221;54a9c43bf2de9eb5b7ed2f85c972ed713c695613edc4ecc4498ae362ee1f1414;7;1632351900230;;0;0;0;TJPE;G1;;2021/TJPE/09/G1/TJPE91775202109221632351900221;False;2021-09-22 20:05:00.230;Erro no arquivo
30;650403248;TJPE87403202109221632351894809;4d3df6c3008d2f6b6004d72ece801d8fc0e3403b993ce81d38a80f15c2ba8d76;7;1632351894821;;0;0;0;TJPE;G1;;2021/TJPE/09/G1/TJPE87403202109221632351894809;False;2021-09-22 20:04:54.821;Erro no arquivo
31;650403242;TJPE87531202109221632351891466;a42deed56efb53d420211268728223496a7c11700b77d50cdd6e0fba7b6344c0;7;1632351891475;;0;0;0;TJPE;G1;;2021/TJPE/09/G1/TJPE87531202109221632351891466;False;2021-09-22 20:04:51.475;Erro no arquivo
32;650403231;TJPE17200202109221632351885901;8a124e45172d6a511bf929d9623b5e76db8edd1a5670d3ad11595945ad237dc2;7;1632351885912;;0;0;0;TJPE;G1;;2021/TJPE/09/G1/TJPE17200202109221632351885901;False;2021-09-22 20:04:45.912;Erro no arquivo
33;650403218;TJPE99568202109221632351877962;bcd80e8036a5a8507ddba11807ffa785d8e3f21727d469207bdfe8d730e881df;7;1632351877970;;0;0;0;TJPE;G1;;2021/TJPE/09/G1/TJPE99568202109221632351877962;False;2021-09-22 20:04:37.970;Erro no arquivo
34;650403213;TJPE33029202109221632351874520;744e655bf3be50bc8e30feda8cc5654771344fa39912a0d8c9016ebdadf08e2a;7;1632351874532;;0;0;0;TJPE;G1;;2021/TJPE/09/G1/TJPE33029202109221632351874520;False;2021-09-22 20:04:34.532;Erro no arquivo
35;650403205;TJPE62320202109221632351869037;89ebebd67b129bcabbe95803362a0342551c0d202c7f5e202d35f4f81a19198f;7;1632351869051;;0;0;0;TJPE;G1;;2021/TJPE/09/G1/TJPE62320202109221632351869037;False;2021-09-22 20:04:29.051;Erro no arquivo
36;650403182;TJPE30832202109221632351861135;c17f67213d2abfc5a9074c0d741a4d57bde462c51c76627c70fe89677e64ac1b;7;1632351861144;;0;0;0;TJPE;G1;;2021/TJPE/09/G1/TJPE30832202109221632351861135;False;2021-09-22 20:04:21.144;Erro no arquivo
37;650403175;TJPE37186202109221632351857467;8a38b1b829db7a86ea85352e39eb3138cb2cb323cd58f60759d05005d9e66e48;7;1632351857476;;0;0;0;TJPE;G1;;2021/TJPE/09/G1/TJPE37186202109221632351857467;False;2021-09-22 20:04:17.476;Erro no arquivo
38;650403168;TJPE22316202109221632351853853;be9f2c44b523d5b91ccb25401155041f2a271644e7bd75f3cd3b81b89a0c6a7d;7;1632351853872;;0;0;0;TJPE;G1;;2021/TJPE/09/G1/TJPE22316202109221632351853853;False;2021-09-22 20:04:13.872;Erro no arquivo
39;650403161;TJPE71698202109221632351850302;af8a029e3ac30f78b82ef9bd299dffea796fff09e116f5f91993b4e881a7ec28;7;1632351850310;;0;0;0;TJPE;G1;;2021/TJPE/09/G1/TJPE71698202109221632351850302;False;2021-09-22 20:04:10.310;Erro no arquivo
0;650403149;TJPE84745202109221632351844117;56f7c3ba1b607907eac4908e2306172f7b14ff0571549d757dbd6a8f7b6ea87e;7;1632351844126;;0;0;0;TJPE;G1;;2021/TJPE/09/G1/TJPE84745202109221632351844117;False;2021-09-22 20:04:04.126;Erro no arquivo
1;650403138;TJPE90803202109221632351840149;76a4c516539cb69949f284d24c83db0cca7d1c54f51ecd8185c0076edc81243d;7;1632351840158;;0;0;0;TJPE;G1;;2021/TJPE/09/G1/TJPE90803202109221632351840149;False;2021-09-22 20:04:00.158;Erro no arquivo
2;650403132;TJPE23899202109221632351836739;46618b5f6ac0a82d970ef53b45e534db74f0cef772439361bb6133547a47acd4;7;1632351836760;;0;0;0;TJPE;G1;;2021/TJPE/09/G1/TJPE23899202109221632351836739;False;2021-09-22 20:03:56.760;Erro no arquivo
3;650403119;TJPE26502202109221632351828825;7923cb4c94cdd5a733633f2f9698e218dace02d64c95bac6eed39a29377cc251;7;1632351828831;;0;0;0;TJPE;G1;;2021/TJPE/09/G1/TJPE26502202109221632351828825;False;2021-09-22 20:03:48.831;Erro no arquivo
4;650403111;TJPE25834202109221632351823791;da3aeabe2d205a9458c535e71b90409441b1a3bba02c4e6b72ef7afdd9a60c2c;7;1632351823830;;0;0;0;TJPE;G1;;2021/TJPE/09/G1/TJPE25834202109221632351823791;False;2021-09-22 20:03:43.830;Erro no arquivo
5;650403098;TJPE86635202109221632351818432;7e3f5395f89e989d6b726fbd40da68bf9e7ab9a6447630e377c02671dc5d2eab;7;1632351818448;;0;0;0;TJPE;G1;;2021/TJPE/09/G1/TJPE86635202109221632351818432;False;2021-09-22 20:03:38.448;Erro no arquivo
6;650403084;TJPE95682202109221632351811203;0d952e54dfe63aea5cbe0c3dff9c02f6c2636ec607af76a86c2b09ad81295ec7;7;1632351811214;;0;0;0;TJPE;G1;;2021/TJPE/09/G1/TJPE95682202109221632351811203;False;2021-09-22 20:03:31.214;Erro no arquivo
7;650403075;TJPE78666202109221632351807378;66660558094eaf16ef32dc9d07c08eaf5156cd601452ab700e1371d1b8fb1637;7;1632351807391;;0;0;0;TJPE;G1;;2021/TJPE/09/G1/TJPE78666202109221632351807378;False;2021-09-22 20:03:27.391;Erro no arquivo
8;650403066;TJPE77422202109221632351803604;1006a5d8fe64dc057ab35d7d339f0e6537170baf0bbc2a19efd9939dc15b74f3;7;1632351803612;;0;0;0;TJPE;G1;;2021/TJPE/09/G1/TJPE77422202109221632351803604;False;2021-09-22 20:03:23.612;Erro no arquivo
9;650403057;TJPE58939202109221632351798954;77c6583799839b7766436fedca313ab509726bc02a055c16fd330ac418857ac3;7;1632351798977;;0;0;0;TJPE;G1;;2021/TJPE/09/G1/TJPE58939202109221632351798954;False;2021-09-22 20:03:18.977;Erro no arquivo
10;650403048;TJPE77684202109221632351794338;36517fe42cc602eae7b3613a806fcdbba2fb18696eead392f2bc6e25feb167a9;7;1632351794346;;0;0;0;TJPE;JE;;2021/TJPE/09/JE/TJPE77684202109221632351794338;False;2021-09-22 20:03:14.346;Erro no arquivo
11;650403038;TJPE89467202109221632351786922;8c58735b405632f3882fcd39e7f6c3c2ebc0e6808fce9e552c7ef2e1cf2e6089;3;1632351786939;;92;92;0;TJPE;G1;914312.0;2021/TJPE/09/G1/TJPE89467202109221632351786922;False;2021-09-22 20:03:06.939;Processado com sucesso
12;650403002;TJPE67682202109221632351764113;0db5fde13893d0dc682e19c683f6f0ee09ffbc2301bba805dd34afffb321c43a;7;1632351764127;;0;0;0;TJPE;G1;;2021/TJPE/09/G1/TJPE67682202109221632351764113;False;2021-09-22 20:02:44.127;Erro no arquivo
13;650402996;TJPE23727202109221632351761704;4d7278cb4d13a7e6a88bf8b4cfeda50dd2a7a0e45c5824dc3781049caf3d87c8;3;1632351761725;;100;100;0;TJPE;G1;2347633.0;2021/TJPE/09/G1/TJPE23727202109221632351761704;False;2021-09-22 20:02:41.725;Processado com sucesso
14;650402988;TJPE32011202109221632351758361;b05032b92a49cd6edbb0c19c97d72822b4dfeeafea8bc31db33a91d043c31b52;7;1632351758370;;0;0;0;TJPE;G1;;2021/TJPE/09/G1/TJPE32011202109221632351758361;False;2021-09-22 20:02:38.370;Erro no arquivo
15;650402983;TJPE42735202109221632351756081;d54b8015b3b646b1f823c84d2760562db7d4b89058975455c4dee22bd1fc698e;7;1632351756092;;0;0;0;TJPE;G1;;2021/TJPE/09/G1/TJPE42735202109221632351756081;False;2021-09-22 20:02:36.092;Erro no arquivo
16;650402974;TJPE33133202109221632351752336;0541f225908376855f747adcea218df0a1d2481e5821ef821c724ccfff675ea5;7;1632351752357;;0;0;0;TJPE;G1;;2021/TJPE/09/G1/TJPE33133202109221632351752336;False;2021-09-22 20:02:32.357;Erro no arquivo
17;650402971;TJPE16088202109221632351750030;93eb3f79aedf73c57ab7ee8a23a97fedfd2a599dd53dafc343cf0df192edc4da;7;1632351750037;;0;0;0;TJPE;G1;;2021/TJPE/09/G1/TJPE16088202109221632351750030;False;2021-09-22 20:02:30.037;Erro no arquivo
18;650402968;TJPE57445202109221632351747858;9df76b322c732acc13dcc5d45b1ca69fff30aa6ff0cfef06064cd3852c0effce;7;1632351747988;;0;0;0;TJPE;G1;;2021/TJPE/09/G1/TJPE57445202109221632351747858;False;2021-09-22 20:02:27.988;Erro no arquivo
19;650402963;TJPE92475202109221632351745317;29366ffd20bc1eaf2d2b19a0b99c9c431b8e8ee5da926a11405e4c8ec7e6a22d;7;1632351745325;;0;0;0;TJPE;G1;;2021/TJPE/09/G1/TJPE92475202109221632351745317;False;2021-09-22 20:02:25.325;Erro no arquivo
20;650402957;TJPE59663202109221632351741337;02d686fcd1d89a789a8b899a3061738640ba4547625dbbda97dda80c66b44c98;7;1632351741359;;0;0;0;TJPE;G1;;2021/TJPE/09/G1/TJPE59663202109221632351741337;False;2021-09-22 20:02:21.359;Erro no arquivo
21;650402951;TJPE54288202109221632351738972;7a829a3e3c02007d5230d10de4a25604e4bb5380085e1974236d8e8d117e0710;7;1632351738980;;0;0;0;TJPE;G1;;2021/TJPE/09/G1/TJPE54288202109221632351738972;False;2021-09-22 20:02:18.980;Erro no arquivo
22;650402948;TJPE65012202109221632351736828;7195fbf56c65527e8378f3d01277681c346d38641794e8c3b80b8619fdaad8cb;7;1632351736840;;0;0;0;TJPE;G1;;2021/TJPE/09/G1/TJPE65012202109221632351736828;False;2021-09-22 20:02:16.840;Erro no arquivo
23;650402932;TJPE79734202109221632351728022;1de9fc034802373d51b553c73a56116519ea64cddfea975d75c33dda5db01dbb;7;1632351728029;;0;0;0;TJPE;G1;;2021/TJPE/09/G1/TJPE79734202109221632351728022;False;2021-09-22 20:02:08.029;Erro no arquivo
24;650402928;TJPE80084202109221632351725917;225de10dc5e57bc1ef68d98c8e6bc8f244030313c02dfb38f32f1eb1f894c8a4;7;1632351725927;;0;0;0;TJPE;G1;;2021/TJPE/09/G1/TJPE80084202109221632351725917;False;2021-09-22 20:02:05.927;Erro no arquivo
25;650402923;TJPE32228202109221632351723024;37ff2bc176c12c72d55ac976d7c96449b38d2cd507e7bda0b8cee968d4c9060f;7;1632351723031;;0;0;0;TJPE;G1;;2021/TJPE/09/G1/TJPE32228202109221632351723024;False;2021-09-22 20:02:03.031;Erro no arquivo
26;650402905;TJPE64920202109221632351711972;be33700e38a79916cff700da6ef6e4cc75484528fc9f5edd6c936a17dc22965b;7;1632351711982;;0;0;0;TJPE;G1;;2021/TJPE/09/G1/TJPE64920202109221632351711972;False;2021-09-22 20:01:51.982;Erro no arquivo
27;650402899;TJPE55655202109221632351709093;269acb49a26ac0863567467595d6533b3d2b9292b985f099185f896ee0222a9d;7;1632351709108;;0;0;0;TJPE;G1;;2021/TJPE/09/G1/TJPE55655202109221632351709093;False;2021-09-22 20:01:49.108;Erro no arquivo
28;650402892;TJPE54731202109221632351705998;95537c8164fea84c862cfcf2e5a5ecfda7a730e5f4c9b882a1c61a74fc8c76fb;7;1632351706014;;0;0;0;TJPE;G1;;2021/TJPE/09/G1/TJPE54731202109221632351705998;False;2021-09-22 20:01:46.014;Erro no arquivo
29;650402885;TJPE83664202109221632351701312;1317d060a0f26aa93230f67f18a410a7626721b6306a7161e7cdd7f04de96e79;7;1632351701328;;0;0;0;TJPE;G1;;2021/TJPE/09/G1/TJPE83664202109221632351701312;False;2021-09-22 20:01:41.328;Erro no arquivo
30;650402873;TJPE60254202109221632351697378;e5b7fc6f785fc9ac35390bac6cde5d0214e4f0a7e1351c323d0abbc70dbf8aef;7;1632351697390;;0;0;0;TJPE;G1;;2021/TJPE/09/G1/TJPE60254202109221632351697378;False;2021-09-22 20:01:37.390;Erro no arquivo
31;650402869;TJPE70802202109221632351694319;b51963b9814a431f7d793ad10c1271592e16e7ea60a84501fa990a7425da6d12;7;1632351694342;;0;0;0;TJPE;G1;;2021/TJPE/09/G1/TJPE70802202109221632351694319;False;2021-09-22 20:01:34.342;Erro no arquivo
32;650402864;TJPE28958202109221632351691875;46429cfe158124c0d74e6422aacc19f41c9540160665e628ae6a64d0ffd24f5f;7;1632351691889;;0;0;0;TJPE;G1;;2021/TJPE/09/G1/TJPE28958202109221632351691875;False;2021-09-22 20:01:31.889;Erro no arquivo
33;650402857;TJPE64422202109221632351689195;ad3bb459a675dcf23114af81bc9add95a19e7004078422c9db26f7f1b39b4727;7;1632351689208;;0;0;0;TJPE;G1;;2021/TJPE/09/G1/TJPE64422202109221632351689195;False;2021-09-22 20:01:29.208;Erro no arquivo
34;650402852;TJPE37469202109221632351686247;2d5393b2d486651df887a9713d595517a02c866713c19e264fd2d9df48477208;7;1632351686263;;0;0;0;TJPE;G1;;2021/TJPE/09/G1/TJPE37469202109221632351686247;False;2021-09-22 20:01:26.263;Erro no arquivo
35;650402846;TJPE41148202109221632351683351;74e191931ceb728d3d6bf9b1ceb33fe4e5d21a5a8e875f10549b03594c539a4a;7;1632351683360;;0;0;0;TJPE;G1;;2021/TJPE/09/G1/TJPE41148202109221632351683351;False;2021-09-22 20:01:23.360;Erro no arquivo
36;650402842;TJPE43587202109221632351681021;9353840c4c3906ee538dc07d1301e5f08453ee9139260b64e23e606cb04da58e;7;1632351681034;;0;0;0;TJPE;G1;;2021/TJPE/09/G1/TJPE43587202109221632351681021;False;2021-09-22 20:01:21.034;Erro no arquivo
37;650402835;TJPE29007202109221632351678656;bb6e929c00e547b7c2b926a9718e01abb638684ce983694ef1bcb23bfaf8fef9;7;1632351678667;;0;0;0;TJPE;G1;;2021/TJPE/09/G1/TJPE29007202109221632351678656;False;2021-09-22 20:01:18.667;Erro no arquivo
38;650402829;TJPE86549202109221632351672680;dab4930db440c408acaabe4f1f069ad7f7769fbd1e59387ac909638d39d58120;7;1632351672687;;0;0;0;TJPE;G1;;2021/TJPE/09/G1/TJPE86549202109221632351672680;False;2021-09-22 20:01:12.687;Erro no arquivo
39;650402807;TJPE13163202109221632351661624;1cd2db1e2f91c19492bcc5135b7dbb7f53567a5197f39132e2895ba8c6946d81;7;1632351661632;;0;0;0;TJPE;G1;;2021/TJPE/09/G1/TJPE13163202109221632351661624;False;2021-09-22 20:01:01.632;Erro no arquivo
0;650402790;TJPE18044202109221632351654870;e9f94ec1b771fd31814ef6671e965a8bef7833d150d37907697be2c2b839a339;7;1632351654880;;0;0;0;TJPE;G1;;2021/TJPE/09/G1/TJPE18044202109221632351654870;False;2021-09-22 20:00:54.880;Erro no arquivo
1;650402778;TJPE11226202109221632351649823;3ba42b2caf49ca86be2b4e1790251d80f3f6ad0d953e420d5b803656dd13ce5b;7;1632351649847;;0;0;0;TJPE;G1;;2021/TJPE/09/G1/TJPE11226202109221632351649823;False;2021-09-22 20:00:49.847;Erro no arquivo
2;650402770;TJPE43198202109221632351646719;96f12f95d39b9dcc8f6423ee5d10abd689d44079bbeb4892889a5d450955604b;7;1632351646740;;0;0;0;TJPE;G1;;2021/TJPE/09/G1/TJPE43198202109221632351646719;False;2021-09-22 20:00:46.740;Erro no arquivo
3;650402760;TJPE26850202109221632351643572;e3e581d63bfe62dbea38b94ba16c5c83acb20231763358e7d681fa43c9fff864;7;1632351643585;;0;0;0;TJPE;G1;;2021/TJPE/09/G1/TJPE26850202109221632351643572;False;2021-09-22 20:00:43.585;Erro no arquivo
4;650402752;TJPE99013202109221632351636868;95b028d16bed9df582763849234443a0354b1059b9658ee4306df8e983a56eb4;7;1632351636881;;0;0;0;TJPE;G1;;2021/TJPE/09/G1/TJPE99013202109221632351636868;False;2021-09-22 20:00:36.881;Erro no arquivo
5;650402736;TJPE37720202109221632351628705;de98c3f6b99f0848d4addd71bf6e9b386dd2e715c02238c4f163a6d067b739f1;7;1632351628713;;0;0;0;TJPE;G1;;2021/TJPE/09/G1/TJPE37720202109221632351628705;False;2021-09-22 20:00:28.713;Erro no arquivo
6;650402720;TJPE70624202109221632351621758;ea4550c4f21b387ab457b58fb47cbb77a60a7e087bb5a6433a592c07f7c5536b;7;1632351621766;;0;0;0;TJPE;G1;;2021/TJPE/09/G1/TJPE70624202109221632351621758;False;2021-09-22 20:00:21.766;Erro no arquivo
7;650402710;TJPE16659202109221632351615688;4f5dbe1d5359108f243e8c0afd8d49c1a455343f0a22af64a624c5999a679aba;7;1632351615696;;0;0;0;TJPE;G1;;2021/TJPE/09/G1/TJPE16659202109221632351615688;False;2021-09-22 20:00:15.696;Erro no arquivo
8;650402702;TJPE83362202109221632351611099;0355a03bebc4b0f509bba73938811f70fd450eb41940a1149e214ee2ea3113e8;7;1632351611125;;0;0;0;TJPE;G1;;2021/TJPE/09/G1/TJPE83362202109221632351611099;False;2021-09-22 20:00:11.125;Erro no arquivo
9;650402658;TJPE43299202109221632351588028;455af1a789785e46ca5e03a68b19aae5d30cae850b146bb53727d0f0b83d947d;7;1632351588040;;0;0;0;TJPE;G1;;2021/TJPE/09/G1/TJPE43299202109221632351588028;False;2021-09-22 19:59:48.040;Erro no arquivo
10;650402647;TJPE27858202109221632351582210;3ecb7cbb5be198e4d88cf0c2bb1d1380b1534b3e6859ddf6b7b57c90154c2934;3;1632351582225;;100;100;0;TJPE;G1;1975544.0;2021/TJPE/09/G1/TJPE27858202109221632351582210;False;2021-09-22 19:59:42.225;Processado com sucesso
11;650402635;TJPE24655202109221632351575029;aecdba52127620cc7fd3de1b58356fed8aaae3590d8ae48f43e8d29e133776ed;7;1632351575040;;0;0;0;TJPE;G1;;2021/TJPE/09/G1/TJPE24655202109221632351575029;False;2021-09-22 19:59:35.040;Erro no arquivo
12;650402631;TJPE35663202109221632351572802;e24fb486ea232dda81af6f173263dcec95aee4dce5966c138dec35f5bdfdb3d5;3;1632351572818;;100;100;0;TJPE;JE;1318253.0;2021/TJPE/09/JE/TJPE35663202109221632351572802;False;2021-09-22 19:59:32.818;Processado com sucesso
13;650402616;TJPE81109202109221632351564000;d9233a47263a5128cdf55df16b4cb01e3830bc500c19137b10c1f841a6d4a85d;7;1632351564012;;0;0;0;TJPE;G1;;2021/TJPE/09/G1/TJPE81109202109221632351564000;False;2021-09-22 19:59:24.012;Erro no arquivo
14;650402611;TJPE24388202109221632351562077;8261691a6934e1f46c1201db4132fcba3e1fe3ffced2c7554b693a39bfd1d33d;7;1632351562091;;0;0;0;TJPE;G1;;2021/TJPE/09/G1/TJPE24388202109221632351562077;False;2021-09-22 19:59:22.091;Erro no arquivo
15;650402605;TJPE53970202109221632351560087;bb40defda356acde0fc68735427cc4b20da446c604db21100440fc43852e4fb5;7;1632351560095;;0;0;0;TJPE;G1;;2021/TJPE/09/G1/TJPE53970202109221632351560087;False;2021-09-22 19:59:20.095;Erro no arquivo
16;650402601;TJPE67029202109221632351558115;cda4a724e12226fa0e456ad37774a76a2462181fd0429fb96565b54349e30bbb;3;1632351558128;;100;100;0;TJPE;JE;1154390.0;2021/TJPE/09/JE/TJPE67029202109221632351558115;False;2021-09-22 19:59:18.128;Processado com sucesso
17;650402597;TJPE53194202109221632351555986;26f4d3aa795b87a995718a906698ad1844fc90364bbf759b15c00727fa774b06;7;1632351555996;;0;0;0;TJPE;G1;;2021/TJPE/09/G1/TJPE53194202109221632351555986;False;2021-09-22 19:59:15.996;Erro no arquivo
18;650402589;TJPE55952202109221632351553085;c3e07bd6103b0eb127daea0c076515ef4c9dd77b114b93160a9ecf46ac7742d2;3;1632351553108;;100;100;0;TJPE;JE;1199658.0;2021/TJPE/09/JE/TJPE55952202109221632351553085;False;2021-09-22 19:59:13.108;Processado com sucesso
19;650402582;TJPE48095202109221632351550680;4258870a58a78e45a88c8754a8f5e318e30c682910e6a7c35136c6f1ea984503;7;1632351550707;;0;0;0;TJPE;G1;;2021/TJPE/09/G1/TJPE48095202109221632351550680;False;2021-09-22 19:59:10.707;Erro no arquivo
20;650402574;TJPE77381202109221632351547938;f7c87f79ac22bf71b0484694f69b22e5d8f9a51cd49f75bcc7ae7347a8a10b18;7;1632351547946;;0;0;0;TJPE;G1;;2021/TJPE/09/G1/TJPE77381202109221632351547938;False;2021-09-22 19:59:07.946;Erro no arquivo
21;650402571;TJPE66494202109221632351546055;86265f81c5ff31c8e35a5620864f67b5078e17f17a25e02f0953564ee7f8f50b;7;1632351546064;;0;0;0;TJPE;G1;;2021/TJPE/09/G1/TJPE66494202109221632351546055;False;2021-09-22 19:59:06.064;Erro no arquivo
22;650402568;TJPE21779202109221632351544080;a0d673b7c3e56c0257bf6e6ad407032583d066bb09910b1f667c6c04c9cb962b;3;1632351544096;;100;100;0;TJPE;JE;1397687.0;2021/TJPE/09/JE/TJPE21779202109221632351544080;False;2021-09-22 19:59:04.096;Processado com sucesso
23;650402542;TJPE83402202109221632351532986;f6729d99af784353f90d3e270f130438524e451c61c18ea9cf085fcc3d66842c;7;1632351533082;;0;0;0;TJPE;G1;;2021/TJPE/09/G1/TJPE83402202109221632351532986;False;2021-09-22 19:58:53.082;Erro no arquivo
24;650402538;TJPE10036202109221632351531256;5ea6ae67f2479ef9d1748a9f09a11ce005be57ce8463b10d6cf10d7a8827315a;7;1632351531269;;0;0;0;TJPE;G1;;2021/TJPE/09/G1/TJPE10036202109221632351531256;False;2021-09-22 19:58:51.269;Erro no arquivo
25;650402531;TJPE97826202109221632351529195;576f403c039087b946f46aec1874c6ab877ced822497b40200549a49c8112c71;7;1632351529204;;0;0;0;TJPE;G1;;2021/TJPE/09/G1/TJPE97826202109221632351529195;False;2021-09-22 19:58:49.204;Erro no arquivo
26;650402523;TJPE45851202109221632351527151;47f38c8673283f9026ab0fcf6d6bfc4a48aa380fa5510fd64e3d22f5d70ce7c8;7;1632351527163;;0;0;0;TJPE;G1;;2021/TJPE/09/G1/TJPE45851202109221632351527151;False;2021-09-22 19:58:47.163;Erro no arquivo
27;650402512;TJPE71571202109221632351524476;a2a1aa8d99e6cf38352be95049168ea6fb0cdf4384f16f31f84a0a3e252be6e6;7;1632351524484;;0;0;0;TJPE;G1;;2021/TJPE/09/G1/TJPE71571202109221632351524476;False;2021-09-22 19:58:44.484;Erro no arquivo
28;650402488;TJPE17025202109221632351513620;2865601a400f10c48d446114211d02c0beac9334c6ae5864153440645efc9fb7;7;1632351513636;;0;0;0;TJPE;G1;;2021/TJPE/09/G1/TJPE17025202109221632351513620;False;2021-09-22 19:58:33.636;Erro no arquivo
29;650402483;TJPE95419202109221632351510722;ce870c954f78c2fd08233d1d4d5d9191d26e783f4d26d582b58534bac41ac256;7;1632351510730;;0;0;0;TJPE;G1;;2021/TJPE/09/G1/TJPE95419202109221632351510722;False;2021-09-22 19:58:30.730;Erro no arquivo
30;650402480;TJPE98910202109221632351508925;bf36f77ee98ae20e0c4883ac0b8dabb813363a7d7a7dca12b34a8d47158e6b02;7;1632351508933;;0;0;0;TJPE;G1;;2021/TJPE/09/G1/TJPE98910202109221632351508925;False;2021-09-22 19:58:28.933;Erro no arquivo
31;650402475;TJPE74722202109221632351507169;f723f0a659c804d73a1ca323e61b91e505dbd3e27cbe7154ef2b396a22ef8577;7;1632351507177;;0;0;0;TJPE;G1;;2021/TJPE/09/G1/TJPE74722202109221632351507169;False;2021-09-22 19:58:27.177;Erro no arquivo
32;650402461;TJPE72824202109221632351500695;a4dc8b1b13f46364769430ee95211abe55faf5e64c83fcff74787bdf8bbaa078;7;1632351500718;;0;0;0;TJPE;G1;;2021/TJPE/09/G1/TJPE72824202109221632351500695;False;2021-09-22 19:58:20.718;Erro no arquivo
33;650402443;TJPE51837202109221632351494482;6635abe31196785c7882c650bc17e9626baf2b7d3b296aa99fe005f918a2b9bc;7;1632351494489;;0;0;0;TJPE;G1;;2021/TJPE/09/G1/TJPE51837202109221632351494482;False;2021-09-22 19:58:14.489;Erro no arquivo
34;650402439;TJPE41777202109221632351491713;4d95da260a7a5ea4ea756a09535319fc844c56233d8532e4fbe424e4a902ded2;7;1632351491726;;0;0;0;TJPE;G1;;2021/TJPE/09/G1/TJPE41777202109221632351491713;False;2021-09-22 19:58:11.726;Erro no arquivo
35;650402414;TJPE18206202109221632351482102;1ccc494f9677e6fd4aa9f5cbce65748a06a32c01c478820c0ace6b964959b59a;7;1632351482116;;0;0;0;TJPE;G1;;2021/TJPE/09/G1/TJPE18206202109221632351482102;False;2021-09-22 19:58:02.116;Erro no arquivo
36;650402405;TJPE26598202109221632351476553;3a7016d9c8ec6530b483c721020cac28dfbdb9b90cb0607bdf16dcdebe4d3347;3;1632351476578;;100;100;0;TJPE;JE;1223353.0;2021/TJPE/09/JE/TJPE26598202109221632351476553;False;2021-09-22 19:57:56.578;Processado com sucesso
37;650402400;TJPE31049202109221632351473878;0b06ea3d406fc2bb340de2f34d0f5b7a2189226c228b9baa3d13c9e31d57dd7c;7;1632351473892;;0;0;0;TJPE;G1;;2021/TJPE/09/G1/TJPE31049202109221632351473878;False;2021-09-22 19:57:53.892;Erro no arquivo
38;650402396;TJPE57572202109221632351471907;c06a425a38891c2432315cdd864c0dfc7b767901d929b3f162de78d90ddad039;7;1632351471917;;0;0;0;TJPE;G1;;2021/TJPE/09/G1/TJPE57572202109221632351471907;False;2021-09-22 19:57:51.917;Erro no arquivo
39;650402390;TJPE24707202109221632351469933;8c147faf449fb292304fa4d24ac71338e6012131f3256aa12edb677c856dde34;7;1632351469937;;0;0;0;TJPE;G1;;2021/TJPE/09/G1/TJPE24707202109221632351469933;False;2021-09-22 19:57:49.937;Erro no arquivo
0;650402386;TJPE83774202109221632351468391;aab8bb739bdffd097f01f5ee17f994f5589a4f03d1426e45f3b9b429d7e91ad7;7;1632351468400;;0;0;0;TJPE;G1;;2021/TJPE/09/G1/TJPE83774202109221632351468391;False;2021-09-22 19:57:48.400;Erro no arquivo
1;650402382;TJPE10551202109221632351466348;8f717f331e04bdc00fe846655234381af1f45039525de9a556f4a53cbad3a764;7;1632351466356;;0;0;0;TJPE;G1;;2021/TJPE/09/G1/TJPE10551202109221632351466348;False;2021-09-22 19:57:46.356;Erro no arquivo
2;650402380;TJPE28451202109221632351464464;721de43ef748afdc4c3a13d7188e1a9c937cde756c95e40fb9cbd5bf92c99c1b;7;1632351464471;;0;0;0;TJPE;G1;;2021/TJPE/09/G1/TJPE28451202109221632351464464;False;2021-09-22 19:57:44.471;Erro no arquivo
3;650402375;TJPE77756202109221632351461668;68a7dfb71eba035210b7f961387d99e01cfbe62d9927fb0308ae51e2f1203d68;7;1632351461684;;0;0;0;TJPE;G1;;2021/TJPE/09/G1/TJPE77756202109221632351461668;False;2021-09-22 19:57:41.684;Erro no arquivo
4;650402356;TJPE85874202109221632351454807;9564bbf584e454d30ee6ce4af8fcb5814225d16c2dbc870d153bf6e76943fab6;7;1632351454815;;0;0;0;TJPE;G1;;2021/TJPE/09/G1/TJPE85874202109221632351454807;False;2021-09-22 19:57:34.815;Erro no arquivo
5;650402353;TJPE22975202109221632351452974;5293c713c83038fbb538af5328655ffc62995da3dc399775b15716de60ffcac5;3;1632351452993;;100;100;0;TJPE;JE;1057839.0;2021/TJPE/09/JE/TJPE22975202109221632351452974;False;2021-09-22 19:57:32.993;Processado com sucesso
6;650402346;TJPE93857202109221632351451025;88fe23b6f3daa8c0b664178f0d8d370d5d574a334b0be696b89ecd8a029f320a;7;1632351451035;;0;0;0;TJPE;G1;;2021/TJPE/09/G1/TJPE93857202109221632351451025;False;2021-09-22 19:57:31.035;Erro no arquivo
7;650402341;TJPE87013202109221632351449006;797041f5a14be9805f9b682cae8a3bf24e497a1d88b69d8b48c6c8725dd5f9ce;3;1632351449025;;100;100;0;TJPE;G1;1668030.0;2021/TJPE/09/G1/TJPE87013202109221632351449006;False;2021-09-22 19:57:29.025;Processado com sucesso
8;650402336;TJPE27374202109221632351446451;c36b4b83cd0ca9ffcae5f1d996d32486e754d2ef9a78db433eac0525317063fd;7;1632351446460;;0;0;0;TJPE;G1;;2021/TJPE/09/G1/TJPE27374202109221632351446451;False;2021-09-22 19:57:26.460;Erro no arquivo
9;650402332;TJPE45022202109221632351444654;7978bb432ce3e1a37776a93cf1ae04d42e57b859e51c823a5c6c9a5c93e689e4;7;1632351444668;;0;0;0;TJPE;G1;;2021/TJPE/09/G1/TJPE45022202109221632351444654;False;2021-09-22 19:57:24.668;Erro no arquivo
10;650402325;TJPE94519202109221632351442060;2d190048596ca9e150ae1ef9734f04265be8adea4ab6797f540616b8bd0acaee;7;1632351442067;;0;0;0;TJPE;G1;;2021/TJPE/09/G1/TJPE94519202109221632351442060;False;2021-09-22 19:57:22.067;Erro no arquivo
11;650402316;TJPE81806202109221632351437363;b559e66059e0f4b29b347775128ba27810886726248e69f4b24cdaa94ce9a1a0;7;1632351437368;;0;0;0;TJPE;G1;;2021/TJPE/09/G1/TJPE81806202109221632351437363;False;2021-09-22 19:57:17.368;Erro no arquivo
12;650402312;TJPE95676202109221632351434116;88b003a0306852aea8e3f0b3f4dce377bd13b86c9427a6d5363c769726bcdf7f;7;1632351434129;;0;0;0;TJPE;G1;;2021/TJPE/09/G1/TJPE95676202109221632351434116;False;2021-09-22 19:57:14.129;Erro no arquivo
13;650402307;TJPE96203202109221632351430715;a3a6094b6ec18d31dab2536389d5862fc67417cb2d977385439fc0cb0a605f1f;7;1632351430730;;0;0;0;TJPE;G1;;2021/TJPE/09/G1/TJPE96203202109221632351430715;False;2021-09-22 19:57:10.730;Erro no arquivo
14;650402289;TJPE27898202109221632351423501;39aa5189dd86003d9533cd57d4713d8df5019154ba939848d629543156fb128b;7;1632351423508;;0;0;0;TJPE;G1;;2021/TJPE/09/G1/TJPE27898202109221632351423501;False;2021-09-22 19:57:03.508;Erro no arquivo
15;650402278;TJPE87095202109221632351418850;633f8091377a3d6aa954569448869ac3f1869108c70ea136b6f81dc3658d7e77;7;1632351418857;;0;0;0;TJPE;G1;;2021/TJPE/09/G1/TJPE87095202109221632351418850;False;2021-09-22 19:56:58.857;Erro no arquivo
16;650402270;TJPE56674202109221632351414091;576e3c2df2a153ac7f2af927938676fddef0f16bbb1ea1e83bef58f6f02f70db;7;1632351414099;;0;0;0;TJPE;G1;;2021/TJPE/09/G1/TJPE56674202109221632351414091;False;2021-09-22 19:56:54.099;Erro no arquivo
17;650402260;TJPE23489202109221632351409326;ac959ab356bca50d543d5071f02a0ae22fc900816c0ffe76e20d27562db26baa;7;1632351409352;;0;0;0;TJPE;G1;;2021/TJPE/09/G1/TJPE23489202109221632351409326;False;2021-09-22 19:56:49.352;Erro no arquivo
18;650402254;TJPE32964202109221632351406406;3b091f1cfea9d0b0c13591db5ad0e3edab660707b2c49f5ca8a86af9fa32ba7d;3;1632351406415;;100;100;0;TJPE;G1;1271941.0;2021/TJPE/09/G1/TJPE32964202109221632351406406;False;2021-09-22 19:56:46.415;Processado com sucesso
19;650402250;TJPE18687202109221632351404352;f3a8b7fa915633b8a79ad9ddb79b0f9bb1cd32ee799109cd434a40c3bbc2ddba;7;1632351404361;;0;0;0;TJPE;JE;;2021/TJPE/09/JE/TJPE18687202109221632351404352;False;2021-09-22 19:56:44.361;Erro no arquivo
20;650402240;TJPE27458202109221632351402455;1ce1cff1b56e5b4e93bd8ca6ca9d041ffbb22ec1825724b7842e4a29cf0ba421;7;1632351402462;;0;0;0;TJPE;G1;;2021/TJPE/09/G1/TJPE27458202109221632351402455;False;2021-09-22 19:56:42.462;Erro no arquivo
21;650402239;TJPE41787202109221632351400656;6a588ec70121fc19279b441e0c5a10d8c7e71ead00a33cf3a8b1bb586953c9b8;3;1632351400671;;100;100;0;TJPE;G1;1370419.0;2021/TJPE/09/G1/TJPE41787202109221632351400656;False;2021-09-22 19:56:40.671;Processado com sucesso
22;650402233;TJPE40764202109221632351398303;8aa59b63721d841172f4d50f71e29b45e191e5ca033460b6e3731be954fd54b8;3;1632351398312;;100;100;0;TJPE;JE;1160812.0;2021/TJPE/09/JE/TJPE40764202109221632351398303;False;2021-09-22 19:56:38.312;Processado com sucesso
23;650402225;TJPE77890202109221632351396051;3aa28a4fbe7ce7ee21db7f3b1fb40e87d9c6998117822077b5a99c8a65ccf22c;3;1632351396059;;86;86;0;TJPE;G1;927748.0;2021/TJPE/09/G1/TJPE77890202109221632351396051;False;2021-09-22 19:56:36.059;Processado com sucesso
24;650402219;TJPE72967202109221632351393708;c4242bd2ce31abf9edbf8fa612274bd9375a1e9649713132833339a6038a2ab5;7;1632351393716;;0;0;0;TJPE;G1;;2021/TJPE/09/G1/TJPE72967202109221632351393708;False;2021-09-22 19:56:33.716;Erro no arquivo
25;650402214;TJPE99590202109221632351391725;bccaee65fd0dc6c5ad726fc1f9b0ae6f8181bbe1daf1aa33ab97cac145356ce7;7;1632351391733;;0;0;0;TJPE;G1;;2021/TJPE/09/G1/TJPE99590202109221632351391725;False;2021-09-22 19:56:31.733;Erro no arquivo
26;650402209;TJPE10278202109221632351389849;71ee06b42dc79f32d9112fb01c6e151b7de607e66bf1446a3bdbdc4760eb43eb;7;1632351389870;;0;0;0;TJPE;G1;;2021/TJPE/09/G1/TJPE10278202109221632351389849;False;2021-09-22 19:56:29.870;Erro no arquivo
27;650402204;TJPE22587202109221632351387925;fa669297e52475a0f882e6e3d3517f9a9b8fe4468790d8b501f93ccc9ed64ec7;7;1632351387935;;0;0;0;TJPE;G1;;2021/TJPE/09/G1/TJPE22587202109221632351387925;False;2021-09-22 19:56:27.935;Erro no arquivo
28;650402200;TJPE14919202109221632351386012;1d2794c019b345b60d9a09b987428438f737dfa0d8095c1c7b82bd41f31ce338;7;1632351386017;;0;0;0;TJPE;G1;;2021/TJPE/09/G1/TJPE14919202109221632351386012;False;2021-09-22 19:56:26.017;Erro no arquivo
29;650402194;TJPE85570202109221632351384533;941537037625121286f40ba043acc3df771d8a02a5a03c1a07c50d6a45530dbf;7;1632351384542;;0;0;0;TJPE;G1;;2021/TJPE/09/G1/TJPE85570202109221632351384533;False;2021-09-22 19:56:24.542;Erro no arquivo
30;650402188;TJPE86379202109221632351382036;17f7c7acb4f1a42f97e76782bcaf2557049a6026f16ce984acf058b05187dd84;7;1632351382053;;0;0;0;TJPE;G1;;2021/TJPE/09/G1/TJPE86379202109221632351382036;False;2021-09-22 19:56:22.053;Erro no arquivo
31;650402185;TJPE67583202109221632351380196;533a6d1b2be9e656871ed9d4121d5b3ebdcbdd444bb74bf69131a3a41b641119;7;1632351380208;;0;0;0;TJPE;G1;;2021/TJPE/09/G1/TJPE67583202109221632351380196;False;2021-09-22 19:56:20.208;Erro no arquivo
32;650402137;TJPE39156202109221632351355609;6755dc31f4876d3e66319a65bbb1fde795419f21b9665f2130155d785fc915a7;7;1632351355619;;0;0;0;TJPE;G1;;2021/TJPE/09/G1/TJPE39156202109221632351355609;False;2021-09-22 19:55:55.619;Erro no arquivo
33;650402132;TJPE92178202109221632351353503;2aa22e3e5ef9cc1ef7e652c53ffc072bdc9d15dfc234a37e08912830d6ce6abd;7;1632351353509;;0;0;0;TJPE;G1;;2021/TJPE/09/G1/TJPE92178202109221632351353503;False;2021-09-22 19:55:53.509;Erro no arquivo
34;650402128;TJPE70495202109221632351351604;9d37d6e1e0e597fa7266fd6663d04247941d90c385c3cb3e7f1f486669f72310;7;1632351351614;;0;0;0;TJPE;G1;;2021/TJPE/09/G1/TJPE70495202109221632351351604;False;2021-09-22 19:55:51.614;Erro no arquivo
35;650402124;TJPE49063202109221632351349475;ccad2d59b870e9675e0904b2be30e85a092e69f9a61b6b8b45aa1541921594cf;7;1632351349483;;0;0;0;TJPE;G1;;2021/TJPE/09/G1/TJPE49063202109221632351349475;False;2021-09-22 19:55:49.483;Erro no arquivo
36;650402118;TJPE59116202109221632351347728;155004da2606c3af2bfa58c4685ee77430ba15b037df0a44fec2c0fa3a983f1e;7;1632351347741;;0;0;0;TJPE;G1;;2021/TJPE/09/G1/TJPE59116202109221632351347728;False;2021-09-22 19:55:47.741;Erro no arquivo
37;650402115;TJPE18842202109221632351346172;41e450e2394199ba8e2144e0cdb2ffc58dbfd8221fb83ab1dc6904a16f346138;7;1632351346181;;0;0;0;TJPE;G1;;2021/TJPE/09/G1/TJPE18842202109221632351346172;False;2021-09-22 19:55:46.181;Erro no arquivo
38;650402110;TJPE50344202109221632351344287;2e68942bff678df31403c2d64c710320d1bb8aa15c54b5700a5f8da07c34f617;7;1632351344295;;0;0;0;TJPE;G1;;2021/TJPE/09/G1/TJPE50344202109221632351344287;False;2021-09-22 19:55:44.295;Erro no arquivo
39;650402099;TJPE34399202109221632351342387;a18a9f03726f50c07bbae4f7ad43afccdedbb88383aa91361259262498a7a486;7;1632351342403;;0;0;0;TJPE;G1;;2021/TJPE/09/G1/TJPE34399202109221632351342387;False;2021-09-22 19:55:42.403;Erro no arquivo
0;650402094;TJPE92000202109221632351340186;8fb0421a13ea76bb5ab7fba234fec4ef602f490960e582a1d9a80259a467974a;3;1632351340195;;100;100;0;TJPE;JE;1187129.0;2021/TJPE/09/JE/TJPE92000202109221632351340186;False;2021-09-22 19:55:40.195;Processado com sucesso
1;650402086;TJPE99156202109221632351338234;c4f77638ec875202920d85e0b33ac9250ac26d60620fe341e4d2469caf4888e1;7;1632351338242;;0;0;0;TJPE;G1;;2021/TJPE/09/G1/TJPE99156202109221632351338234;False;2021-09-22 19:55:38.242;Erro no arquivo
2;650402082;TJPE50126202109221632351335752;ded07a38e01fbcb1765b338802469ebb71493e9742dd7ca244df778dc7bd43a9;7;1632351335764;;0;0;0;TJPE;G1;;2021/TJPE/09/G1/TJPE50126202109221632351335752;False;2021-09-22 19:55:35.764;Erro no arquivo
3;650402076;TJPE33793202109221632351333788;e79149fc4b27615e90c8247d0d83b69d2af284d467245da506303f05987b78dc;7;1632351333811;;0;0;0;TJPE;G1;;2021/TJPE/09/G1/TJPE33793202109221632351333788;False;2021-09-22 19:55:33.811;Erro no arquivo
4;650402071;TJPE20888202109221632351331850;32b7e14670069c17303f0660b2d341d72971b545f41cf3344dca1c25a45c44a5;7;1632351331869;;0;0;0;TJPE;G1;;2021/TJPE/09/G1/TJPE20888202109221632351331850;False;2021-09-22 19:55:31.869;Erro no arquivo
5;650402068;TJPE94919202109221632351329920;ee5bc5250a2f7c3e7dcfbb2febeeb25c5201a6ecee5b9fbc86b2a7e0342c387b;7;1632351329933;;0;0;0;TJPE;G1;;2021/TJPE/09/G1/TJPE94919202109221632351329920;False;2021-09-22 19:55:29.933;Erro no arquivo
6;650402060;TJPE57930202109221632351328139;6f890dc049754602fe51515e3a9f137ec77a4fcf473b1982de51ba5218feaef5;7;1632351328153;;0;0;0;TJPE;G1;;2021/TJPE/09/G1/TJPE57930202109221632351328139;False;2021-09-22 19:55:28.153;Erro no arquivo
7;650402055;TJPE23409202109221632351325932;3fd56ddccd2fbf998bf1b4dbdff4ebf8bd5deef9af05ea0ed00454423a2aabd9;7;1632351325945;;0;0;0;TJPE;G1;;2021/TJPE/09/G1/TJPE23409202109221632351325932;False;2021-09-22 19:55:25.945;Erro no arquivo
8;650402050;TJPE35055202109221632351323829;ba371448ef7ef7293d778fed9e29142bbbf066061d8d67b341e3ca172f973c77;7;1632351323854;;0;0;0;TJPE;G1;;2021/TJPE/09/G1/TJPE35055202109221632351323829;False;2021-09-22 19:55:23.854;Erro no arquivo
9;650402046;TJPE57318202109221632351321861;8953dfeab448d56265fd02edf3bcdc177cfed624a97da01b00fbc713946f6d0e;7;1632351321876;;0;0;0;TJPE;G1;;2021/TJPE/09/G1/TJPE57318202109221632351321861;False;2021-09-22 19:55:21.876;Erro no arquivo
10;650402038;TJPE95558202109221632351318995;8d11132e64d75c4c688d856c397a46c8ccbcec649cb0c8ea00df31bb4b463a6c;7;1632351319010;;0;0;0;TJPE;G1;;2021/TJPE/09/G1/TJPE95558202109221632351318995;False;2021-09-22 19:55:19.010;Erro no arquivo
11;650402029;TJPE11927202109221632351316696;a8cb1af7130b68407c8c09658c35fcef2eff6dae77ec073c5bd5414c11ddb142;7;1632351316712;;0;0;0;TJPE;G1;;2021/TJPE/09/G1/TJPE11927202109221632351316696;False;2021-09-22 19:55:16.712;Erro no arquivo
12;650402026;TJPE34201202109221632351315010;3c60994f82099d426ca49f1350a5df3832e036bdeb8fdd9bab3ea2805a0498b2;7;1632351315019;;0;0;0;TJPE;G1;;2021/TJPE/09/G1/TJPE34201202109221632351315010;False;2021-09-22 19:55:15.019;Erro no arquivo
13;650402020;TJPE75656202109221632351313453;cb0c9c22b97ced70df92e15c9a97cd69010fe7304dc423e50b7aff9d0ade32f1;7;1632351313463;;0;0;0;TJPE;G1;;2021/TJPE/09/G1/TJPE75656202109221632351313453;False;2021-09-22 19:55:13.463;Erro no arquivo
14;650402015;TJPE86113202109221632351310209;c34628d0abb65f760ab7e75332e79a99803b13b7b89b1f763d15f68d3badf181;7;1632351310224;;0;0;0;TJPE;G1;;2021/TJPE/09/G1/TJPE86113202109221632351310209;False;2021-09-22 19:55:10.224;Erro no arquivo
15;650402008;TJPE59284202109221632351307071;c4f3e0a8a34a35d6603d75951c265be07bd3b047da09111f4a9241f11fe8b086;7;1632351307085;;0;0;0;TJPE;G1;;2021/TJPE/09/G1/TJPE59284202109221632351307071;False;2021-09-22 19:55:07.085;Erro no arquivo
16;650402004;TJPE48066202109221632351304945;a362bd2c029cd0293d47f5f722de246ca466c1e7ba145bf5c5b2678c62bd34ee;7;1632351304954;;0;0;0;TJPE;G1;;2021/TJPE/09/G1/TJPE48066202109221632351304945;False;2021-09-22 19:55:04.954;Erro no arquivo
17;650402000;TJPE21928202109221632351303238;c68cfe25d87a7482bb6b5072fd114979c4a1eafb82b00600a2d02efa2e8a2693;3;1632351303259;;100;100;0;TJPE;JE;968455.0;2021/TJPE/09/JE/TJPE21928202109221632351303238;False;2021-09-22 19:55:03.259;Processado com sucesso
18;650401997;TJPE77930202109221632351301473;b998290afc0a3f895f082c1f9fb0315f7f43d675f479dc2bc25a82d3d9b64812;7;1632351301480;;0;0;0;TJPE;G1;;2021/TJPE/09/G1/TJPE77930202109221632351301473;False;2021-09-22 19:55:01.480;Erro no arquivo
19;650401994;TJPE32786202109221632351299770;4c95fed28c89f72170f4d032c5533dda3fca35003d713ae52de6b61fc3f495b3;3;1632351299780;;94;94;0;TJPE;G1;1235071.0;2021/TJPE/09/G1/TJPE32786202109221632351299770;False;2021-09-22 19:54:59.780;Processado com sucesso
20;650401991;TJPE54632202109221632351297883;b98c0a04733b171fc38b63a3ee52b2fc3f33e5baf046acce1014eb4d49b90b51;7;1632351297890;;0;0;0;TJPE;G1;;2021/TJPE/09/G1/TJPE54632202109221632351297883;False;2021-09-22 19:54:57.890;Erro no arquivo
21;650401988;TJPE42259202109221632351296332;2b038cef0a480336a522772eafe2c4dfbeab790b612724b017ca520a52104983;7;1632351296342;;0;0;0;TJPE;G1;;2021/TJPE/09/G1/TJPE42259202109221632351296332;False;2021-09-22 19:54:56.342;Erro no arquivo
22;650401979;TJPE86951202109221632351293346;9bc1b5b67581b759647c8930f63853a9e30cf9ac8f5e8dcd0b7010599f7ef450;7;1632351293352;;0;0;0;TJPE;G1;;2021/TJPE/09/G1/TJPE86951202109221632351293346;False;2021-09-22 19:54:53.352;Erro no arquivo
23;650401977;TJPE20404202109221632351291492;7b4bca7f7471a885064a769bd4fe3af012df7c207e2fe0df2fe3762799e7260d;7;1632351291510;;0;0;0;TJPE;G1;;2021/TJPE/09/G1/TJPE20404202109221632351291492;False;2021-09-22 19:54:51.510;Erro no arquivo
24;650401973;TJPE22652202109221632351289700;6297d5c1be9d09d5d39ae8c17356077491b9c95cc8dc81042f5da15043152062;7;1632351289710;;0;0;0;TJPE;G1;;2021/TJPE/09/G1/TJPE22652202109221632351289700;False;2021-09-22 19:54:49.710;Erro no arquivo
25;650401969;TJPE45610202109221632351287702;09b408d99052d59b00c24661a477b6b5e91213fcdc87681f162d2fc483ed21e3;3;1632351287715;;100;100;0;TJPE;JE;1076028.0;2021/TJPE/09/JE/TJPE45610202109221632351287702;False;2021-09-22 19:54:47.715;Processado com sucesso
26;650401961;TJPE62273202109221632351283235;513ffc5edc861f7046d600ef15d1a56fe44d8b49ca2209b7da4184620b3aa324;7;1632351283245;;0;0;0;TJPE;G1;;2021/TJPE/09/G1/TJPE62273202109221632351283235;False;2021-09-22 19:54:43.245;Erro no arquivo
27;650401949;TJPE96322202109221632351277544;b9507f037e4003b648ba30f12b9efb8e1692da3fdfd94010baad74d4a09254f7;3;1632351277556;;100;100;0;TJPE;JE;1023412.0;2021/TJPE/09/JE/TJPE96322202109221632351277544;False;2021-09-22 19:54:37.556;Processado com sucesso
28;650401934;TJPE27885202109221632351270522;3885e8d19cd255271657b12863ec352d2a9f57a521ea8bd8d8b08f32d697442a;3;1632351270530;;100;100;0;TJPE;JE;1024459.0;2021/TJPE/09/JE/TJPE27885202109221632351270522;False;2021-09-22 19:54:30.530;Processado com sucesso
29;650401923;TJPE98569202109221632351265028;be0b55e623ae9ee0885a56d24d27099fee045e7b46f5861e815faad95894ba78;7;1632351265041;;0;0;0;TJPE;G1;;2021/TJPE/09/G1/TJPE98569202109221632351265028;False;2021-09-22 19:54:25.041;Erro no arquivo
30;650401907;TJPE26005202109221632351256930;54f6c6d16572725fcba3bdd5dd0a70024f8d0178e647f9fa3fac31a3a8038856;7;1632351256937;;0;0;0;TJPE;G1;;2021/TJPE/09/G1/TJPE26005202109221632351256930;False;2021-09-22 19:54:16.937;Erro no arquivo
31;650401892;TJPE66164202109221632351250149;b86fbdced5be005cf957ee8820355d2273528ca90d8262b460cd021b7452a5b4;7;1632351250163;;0;0;0;TJPE;G1;;2021/TJPE/09/G1/TJPE66164202109221632351250149;False;2021-09-22 19:54:10.163;Erro no arquivo
32;650401873;TJPE46272202109221632351238319;16d4cfb1d63869029a96a7ee3fed592256538fa71dc25aa8c0b89e3d9fa27cf8;7;1632351238327;;0;0;0;TJPE;G1;;2021/TJPE/09/G1/TJPE46272202109221632351238319;False;2021-09-22 19:53:58.327;Erro no arquivo
33;650401870;TJPE71936202109221632351236347;744eae6dbd889cb544c151fa48adcc41fa4beacbc3b7bcdb2b1b9dbb2a89d4f4;7;1632351236356;;0;0;0;TJPE;G1;;2021/TJPE/09/G1/TJPE71936202109221632351236347;False;2021-09-22 19:53:56.356;Erro no arquivo
34;650401864;TJPE27583202109221632351234322;d92df0004179f281add5bc99a72217ae2cc9ef9da414b3d3cdf2e59029070e57;7;1632351234336;;0;0;0;TJPE;G1;;2021/TJPE/09/G1/TJPE27583202109221632351234322;False;2021-09-22 19:53:54.336;Erro no arquivo
35;650401862;TJPE90977202109221632351232901;1be80c53fdd5fe0841f2544c6f8b67d63ff07367c7ca7283d3e50f78c88964ed;7;1632351232917;;0;0;0;TJPE;G1;;2021/TJPE/09/G1/TJPE90977202109221632351232901;False;2021-09-22 19:53:52.917;Erro no arquivo
36;650401858;TJPE92292202109221632351230927;41dc427c2d406c69943bb6980c934f6975d890bbba3c7d4a8732f342aa1dd828;7;1632351230936;;0;0;0;TJPE;G1;;2021/TJPE/09/G1/TJPE92292202109221632351230927;False;2021-09-22 19:53:50.936;Erro no arquivo
37;650401854;TJPE20048202109221632351228994;4ad2d7903f84b9dec06584a0ea6fcf1301240b43eedfa78f23e420ea431c30ed;7;1632351229008;;0;0;0;TJPE;G1;;2021/TJPE/09/G1/TJPE20048202109221632351228994;False;2021-09-22 19:53:49.008;Erro no arquivo
38;650401850;TJPE28969202109221632351227015;8028db092f7c96901580fb33be70f8f9fb0e5026b139b84ec88e5d6768d3edda;7;1632351227024;;0;0;0;TJPE;G1;;2021/TJPE/09/G1/TJPE28969202109221632351227015;False;2021-09-22 19:53:47.024;Erro no arquivo
39;650401846;TJPE51100202109221632351225335;2ecf810ca4eb5617fc177d02fbe221a9ba98b13a888b8a205215a28df9e3e315;7;1632351225343;;0;0;0;TJPE;G1;;2021/TJPE/09/G1/TJPE51100202109221632351225335;False;2021-09-22 19:53:45.343;Erro no arquivo
0;650401842;TJPE15462202109221632351223031;a6e98b92fadbd5ee345d1428822dc69a8df393a30355c51eed70d6c63218fe6c;7;1632351223037;;0;0;0;TJPE;G1;;2021/TJPE/09/G1/TJPE15462202109221632351223031;False;2021-09-22 19:53:43.037;Erro no arquivo
1;650401838;TJPE89242202109221632351221417;33d09a761b5192a00d1ae4e9fb8504989d44cca36b609530b46a0ef624a65231;7;1632351221438;;0;0;0;TJPE;G1;;2021/TJPE/09/G1/TJPE89242202109221632351221417;False;2021-09-22 19:53:41.438;Erro no arquivo
2;650401835;TJPE62929202109221632351218746;0246bcf89d6c2ff69d8560d2acf096b612f742abf134b4ca8faf45ef02fe4934;7;1632351218768;;0;0;0;TJPE;G1;;2021/TJPE/09/G1/TJPE62929202109221632351218746;False;2021-09-22 19:53:38.768;Erro no arquivo
3;650401829;TJPE37338202109221632351215926;b687295d64062e137b759e7e529ba095ef1a48dc17cfdd26c318d68725cf70da;7;1632351215951;;0;0;0;TJPE;G1;;2021/TJPE/09/G1/TJPE37338202109221632351215926;False;2021-09-22 19:53:35.951;Erro no arquivo
4;650401824;TJPE99510202109221632351213926;be5870d451900d504e5acd5979a3b8f5d16c577797c13582a5271beb72974a76;7;1632351213933;;0;0;0;TJPE;G1;;2021/TJPE/09/G1/TJPE99510202109221632351213926;False;2021-09-22 19:53:33.933;Erro no arquivo
5;650401808;TJPE27425202109221632351203488;b5e54e512bca6acc39da50294c2f57dca8c0a26686073b8c9ada6573311f2bd9;7;1632351203496;;0;0;0;TJPE;G1;;2021/TJPE/09/G1/TJPE27425202109221632351203488;False;2021-09-22 19:53:23.496;Erro no arquivo
6;650401799;TJPE96413202109221632351198114;a6e503618189817e3540a5a6bd1756cc4de5eba471b2d82e6c9c3fe461b96469;7;1632351198123;;0;0;0;TJPE;G1;;2021/TJPE/09/G1/TJPE96413202109221632351198114;False;2021-09-22 19:53:18.123;Erro no arquivo
7;650401786;TJPE38858202109221632351189647;017ac08f0e3e0a08430f8cca5f65f9019b2a52f2eade928cee7b5aaf314e795a;7;1632351189661;;0;0;0;TJPE;G1;;2021/TJPE/09/G1/TJPE38858202109221632351189647;False;2021-09-22 19:53:09.661;Erro no arquivo
8;650401779;TJPE15765202109221632351185327;b44f062a64ccffd4c819aad5e838a2703a7bc8b33737ccff407b3337d0b5fc10;7;1632351185351;;0;0;0;TJPE;G1;;2021/TJPE/09/G1/TJPE15765202109221632351185327;False;2021-09-22 19:53:05.351;Erro no arquivo
9;650401768;TJPE72106202109221632351178078;16bdc7a7f1c1b0a32090168b33c5468dcb112b9604bb95e41e6514b63123a5a9;7;1632351178086;;0;0;0;TJPE;G1;;2021/TJPE/09/G1/TJPE72106202109221632351178078;False;2021-09-22 19:52:58.086;Erro no arquivo
10;650401765;TJPE82591202109221632351176081;79cd8ee36f79fcfdb6645e38ea6a0e72136e2af3af8f120a3656a08023ac3d81;7;1632351176092;;0;0;0;TJPE;G1;;2021/TJPE/09/G1/TJPE82591202109221632351176081;False;2021-09-22 19:52:56.092;Erro no arquivo
11;650401762;TJPE80984202109221632351174360;c4d5ac1613c4f3c008046650531e8ad698f70ea9d51a3acdbe9a04da24488e8f;3;1632351174373;;100;100;0;TJPE;JE;1314432.0;2021/TJPE/09/JE/TJPE80984202109221632351174360;False;2021-09-22 19:52:54.373;Processado com sucesso
12;650401758;TJPE12100202109221632351172212;f9af88c55858c6618c5838a11e4c073d3827ed4d50123909829c21278ef1e6e8;7;1632351172221;;0;0;0;TJPE;G1;;2021/TJPE/09/G1/TJPE12100202109221632351172212;False;2021-09-22 19:52:52.221;Erro no arquivo
13;650401755;TJPE75772202109221632351170228;e32c2100618b6ef893019fd684e8886237b7f01c686fbaddd10932205a828715;7;1632351170237;;0;0;0;TJPE;G1;;2021/TJPE/09/G1/TJPE75772202109221632351170228;False;2021-09-22 19:52:50.237;Erro no arquivo
14;650401750;TJPE20740202109221632351168391;acb7c45c3fc7a133acf0f38314e89a2202e033db88934ff96cb7db0a76de7f62;7;1632351168401;;0;0;0;TJPE;G1;;2021/TJPE/09/G1/TJPE20740202109221632351168391;False;2021-09-22 19:52:48.401;Erro no arquivo
15;650401745;TJPE23996202109221632351166160;205f640b0bd116fd4de0dd3660e655459fca58d742ce43f6869c6719efc0ad93;7;1632351166173;;0;0;0;TJPE;G1;;2021/TJPE/09/G1/TJPE23996202109221632351166160;False;2021-09-22 19:52:46.173;Erro no arquivo
16;650401742;TJPE27321202109221632351164236;0034a603ea715a02c4908193396e99b4dfbd579102fbe1602c3898472b066cad;7;1632351164245;;0;0;0;TJPE;G1;;2021/TJPE/09/G1/TJPE27321202109221632351164236;False;2021-09-22 19:52:44.245;Erro no arquivo
17;650401738;TJPE12435202109221632351162277;4d3db521e1d6142d14972b36acd089b6b0ab4150c672b117de46117613ea0d80;7;1632351162287;;0;0;0;TJPE;G1;;2021/TJPE/09/G1/TJPE12435202109221632351162277;False;2021-09-22 19:52:42.287;Erro no arquivo
18;650401734;TJPE95732202109221632351160464;e16b05334ac261a03cfec1935274998b63978f52962821b43fd211bbd3b37c7e;3;1632351160472;;100;100;0;TJPE;JE;1032212.0;2021/TJPE/09/JE/TJPE95732202109221632351160464;False;2021-09-22 19:52:40.472;Processado com sucesso
19;650401731;TJPE99822202109221632351158630;f0287cf981cf056462417fa5af1780a13402646dd20f1f6781ffe37e3778ea9f;7;1632351158641;;0;0;0;TJPE;G1;;2021/TJPE/09/G1/TJPE99822202109221632351158630;False;2021-09-22 19:52:38.641;Erro no arquivo
20;650401728;TJPE26867202109221632351156894;d04549f96261b0b3dd9bc1f22bd307e0e0cfd61418edd18d44f503f2cc7b5ea3;7;1632351156903;;0;0;0;TJPE;G1;;2021/TJPE/09/G1/TJPE26867202109221632351156894;False;2021-09-22 19:52:36.903;Erro no arquivo
21;650401725;TJPE66366202109221632351155189;b9a20ab648ae4b9f5f7503d89f52296be2c447212b2fe90d3a5f2a82b16668db;7;1632351155197;;0;0;0;TJPE;G1;;2021/TJPE/09/G1/TJPE66366202109221632351155189;False;2021-09-22 19:52:35.197;Erro no arquivo
22;650401721;TJPE58320202109221632351153320;a6a9c9d6878e7c09b1a02606c0b7339fc16110124d01e11a6555bb6460992014;3;1632351153335;;100;100;0;TJPE;JE;1279615.0;2021/TJPE/09/JE/TJPE58320202109221632351153320;False;2021-09-22 19:52:33.335;Processado com sucesso
23;650401718;TJPE80410202109221632351151055;340097db119bc0e6030a523ed96452c8f2417497bc85f35498065e2bd9c5588a;3;1632351151064;;100;100;0;TJPE;JE;1244376.0;2021/TJPE/09/JE/TJPE80410202109221632351151055;False;2021-09-22 19:52:31.064;Processado com sucesso
24;650401714;TJPE36237202109221632351149063;b59175e2d68304ccaeb7e99b5069f652e223279486a4daff9a1df79f52de56c7;7;1632351149072;;0;0;0;TJPE;G1;;2021/TJPE/09/G1/TJPE36237202109221632351149063;False;2021-09-22 19:52:29.072;Erro no arquivo
25;650401708;TJPE59476202109221632351147133;1638be29bc662574020e057cedbb10d25d4c8b86e8516f2f2e1b22fa1ff4644e;7;1632351147141;;0;0;0;TJPE;G1;;2021/TJPE/09/G1/TJPE59476202109221632351147133;False;2021-09-22 19:52:27.141;Erro no arquivo
26;650401702;TJPE84152202109221632351143094;e78795c220c6ee107d03a82a67215ceb33aeaf192f726de88b52b891e6093713;7;1632351143107;;0;0;0;TJPE;G1;;2021/TJPE/09/G1/TJPE84152202109221632351143094;False;2021-09-22 19:52:23.107;Erro no arquivo
27;650401693;TJPE42900202109221632351138359;2ee08ae28ec6d9544230cf9527faf7ceb9c9be1772c4c6c6303898548ea746b5;7;1632351138368;;0;0;0;TJPE;G1;;2021/TJPE/09/G1/TJPE42900202109221632351138359;False;2021-09-22 19:52:18.368;Erro no arquivo
28;650401684;TJPE32567202109221632351134231;062f93245302e5799f3f976ce89d006c11f9e8ddcda98f45ffee3c3081bc4ce3;7;1632351134236;;0;0;0;TJPE;G1;;2021/TJPE/09/G1/TJPE32567202109221632351134231;False;2021-09-22 19:52:14.236;Erro no arquivo
29;650401674;TJPE42348202109221632351130024;58b9935df134d1069340352fda453ec2f23a6dc11c254c709359c6283ecaf144;7;1632351130033;;0;0;0;TJPE;G1;;2021/TJPE/09/G1/TJPE42348202109221632351130024;False;2021-09-22 19:52:10.033;Erro no arquivo
30;650401667;TJPE71117202109221632351125121;dc59d7175832155ea0ce6ec744c72e1ebe9a1f30ff126fe9d57cdc2b2de49133;7;1632351125126;;0;0;0;TJPE;G1;;2021/TJPE/09/G1/TJPE71117202109221632351125121;False;2021-09-22 19:52:05.126;Erro no arquivo
31;650401655;TJPE85710202109221632351117342;48b03461e1d7abb0f23bb1fd9c8fd37077f84d10e87a7c30f2824e7d94cab3da;3;1632351117350;;100;100;0;TJPE;JE;1080011.0;2021/TJPE/09/JE/TJPE85710202109221632351117342;False;2021-09-22 19:51:57.350;Processado com sucesso
32;650401648;TJPE27083202109221632351113590;db4950a058a0feb29571530bdee488a3e489009984874b8651fba11539487dcb;7;1632351113612;;0;0;0;TJPE;G1;;2021/TJPE/09/G1/TJPE27083202109221632351113590;False;2021-09-22 19:51:53.612;Erro no arquivo
33;650401638;TJPE61210202109221632351107466;18c03f5ab3aa3c870d7ce829bcb0b9aebd48b519127226f7348f8368b05931aa;7;1632351107476;;0;0;0;TJPE;G1;;2021/TJPE/09/G1/TJPE61210202109221632351107466;False;2021-09-22 19:51:47.476;Erro no arquivo
34;650401624;TJPE34198202109221632351101604;1274d3706fb2f5ec19c9b4a08b6db41c752813affb7833930d13a6dfadb6a858;7;1632351101615;;0;0;0;TJPE;G1;;2021/TJPE/09/G1/TJPE34198202109221632351101604;False;2021-09-22 19:51:41.615;Erro no arquivo
35;650401611;TJPE26546202109221632351096338;9f6a4a1257c49ee526fd147e8751f53d6f75f02196f3839f4c9a462475fe6b33;7;1632351096345;;0;0;0;TJPE;G1;;2021/TJPE/09/G1/TJPE26546202109221632351096338;False;2021-09-22 19:51:36.345;Erro no arquivo
36;650401605;TJPE18111202109221632351093285;044e217994018a371a81e75e2bc9658e368ff6e06346df992e099687a3aa9adb;7;1632351093294;;0;0;0;TJPE;G1;;2021/TJPE/09/G1/TJPE18111202109221632351093285;False;2021-09-22 19:51:33.294;Erro no arquivo
37;650401593;TJPE13297202109221632351086337;4b9945e04f280b95d8d18bcc12fd13edcaf59a599abe62f9549bc1a963a7189a;7;1632351086346;;0;0;0;TJPE;G1;;2021/TJPE/09/G1/TJPE13297202109221632351086337;False;2021-09-22 19:51:26.346;Erro no arquivo
38;650401584;TJPE55792202109221632351080909;07b7ce89d71314f74108087d3cda9a3ae9df4849f94478e8444548fbff0b8ace;7;1632351080918;;0;0;0;TJPE;G1;;2021/TJPE/09/G1/TJPE55792202109221632351080909;False;2021-09-22 19:51:20.918;Erro no arquivo
39;650401579;TJPE98982202109221632351079055;5092e3753bb39e779ca702e64d82f0f804e6130b01a9086796e9c53103a7e80a;7;1632351079080;;0;0;0;TJPE;G1;;2021/TJPE/09/G1/TJPE98982202109221632351079055;False;2021-09-22 19:51:19.080;Erro no arquivo
0;650401575;TJPE16917202109221632351076461;637370e09715f3d8178e339761a60415cae705ba3fbc8c241be16ce85e3a2b3e;7;1632351076469;;0;0;0;TJPE;G1;;2021/TJPE/09/G1/TJPE16917202109221632351076461;False;2021-09-22 19:51:16.469;Erro no arquivo
1;650401569;TJPE64458202109221632351074245;7d8126086d7e92cfc6268329739e75d3e7e75d1cbf0c18d746401be7c1e113d8;7;1632351074274;;0;0;0;TJPE;G1;;2021/TJPE/09/G1/TJPE64458202109221632351074245;False;2021-09-22 19:51:14.274;Erro no arquivo
2;650401564;TJPE85346202109221632351071976;8aa0af5312653ebd834c23de1f31570908994a9fbaf3567657e48670bb9d4cdd;7;1632351071986;;0;0;0;TJPE;G1;;2021/TJPE/09/G1/TJPE85346202109221632351071976;False;2021-09-22 19:51:11.986;Erro no arquivo
3;650401559;TJPE54806202109221632351069975;fd5af4a3cd9420c8e6d148da08aea6639d298d06b16752442a2af8895e629883;7;1632351069984;;0;0;0;TJPE;G1;;2021/TJPE/09/G1/TJPE54806202109221632351069975;False;2021-09-22 19:51:09.984;Erro no arquivo
4;650401556;TJPE81656202109221632351067961;7c158838cd3d91f585b5afee84da674897f472392bc42b0b9ff1e9571737f4c1;7;1632351067969;;0;0;0;TJPE;G1;;2021/TJPE/09/G1/TJPE81656202109221632351067961;False;2021-09-22 19:51:07.969;Erro no arquivo
5;650401551;TJPE88370202109221632351066092;1fd261461dabd172a7f355828ea97a355e1bf96d721a68d49470ddd58bebd6cc;7;1632351066101;;0;0;0;TJPE;G1;;2021/TJPE/09/G1/TJPE88370202109221632351066092;False;2021-09-22 19:51:06.101;Erro no arquivo
6;650401548;TJPE30848202109221632351064374;0960bea66cba5d650f35a091d49636a94963ab786684255c5cd9a3cea1289543;7;1632351064383;;0;0;0;TJPE;G1;;2021/TJPE/09/G1/TJPE30848202109221632351064374;False;2021-09-22 19:51:04.383;Erro no arquivo
7;650401543;TJPE36399202109221632351061580;4e22a7a67d4f0561ffba9e479670ad80d5d27d8a26ced15e4ac08a7f21ae66ee;7;1632351061588;;0;0;0;TJPE;G1;;2021/TJPE/09/G1/TJPE36399202109221632351061580;False;2021-09-22 19:51:01.588;Erro no arquivo
8;650401540;TJPE21378202109221632351059721;1c1c696d53b02c710edf15a3f6de361981e5a2abe1bd995b5c00c19a9c376ae0;7;1632351059730;;0;0;0;TJPE;JE;;2021/TJPE/09/JE/TJPE21378202109221632351059721;False;2021-09-22 19:50:59.730;Erro no arquivo
9;650401536;TJPE30086202109221632351057941;fce46090c75744c588917e9f521550d39dfc45a5f5eaae2867f24d9347f66c5d;7;1632351057956;;0;0;0;TJPE;G1;;2021/TJPE/09/G1/TJPE30086202109221632351057941;False;2021-09-22 19:50:57.956;Erro no arquivo
10;650401533;TJPE69553202109221632351055833;07366492eacfe8229e2e2f3d6b9f26ffadd229c1c62d9be47c5045f480791e35;7;1632351055839;;0;0;0;TJPE;G1;;2021/TJPE/09/G1/TJPE69553202109221632351055833;False;2021-09-22 19:50:55.839;Erro no arquivo
11;650401529;TJPE61658202109221632351053739;889edb782c62bbd22f1d11f7a04dd79b77bd267044d7faa57f0356b45452edeb;7;1632351053834;;0;0;0;TJPE;G1;;2021/TJPE/09/G1/TJPE61658202109221632351053739;False;2021-09-22 19:50:53.834;Erro no arquivo
12;650401486;TJPE32508202109221632351029560;1c2c9f61af840de6cf9610fc567c4decfd43708f2dd6bb0e0dfba2183c24a881;7;1632351029586;;0;0;0;TJPE;G1;;2021/TJPE/09/G1/TJPE32508202109221632351029560;False;2021-09-22 19:50:29.586;Erro no arquivo
13;650401481;TJPE56062202109221632351027259;c48ac55c0a3c18bcbb2199aa68ac9a499df07c2db9cc6b056febdaff77a7bc00;3;1632351027271;;100;100;0;TJPE;JE;1054970.0;2021/TJPE/09/JE/TJPE56062202109221632351027259;False;2021-09-22 19:50:27.271;Processado com sucesso
14;650401476;TJPE43097202109221632351025349;12e43912220fd9064183e3471937a0e1083edfe45b631ce7a5d5d5c7ccc546a9;7;1632351025357;;0;0;0;TJPE;G1;;2021/TJPE/09/G1/TJPE43097202109221632351025349;False;2021-09-22 19:50:25.357;Erro no arquivo
15;650401474;TJPE62448202109221632351023597;ea027babbb0bb9cc4a2472e362258a3f59236846814d0c4ab8990384965a218a;7;1632351023606;;0;0;0;TJPE;G1;;2021/TJPE/09/G1/TJPE62448202109221632351023597;False;2021-09-22 19:50:23.606;Erro no arquivo
16;650401470;TJPE86234202109221632351021723;7a059ca1276c85df3bcc49f7eaa106d07638c9e56cb527ab810138b8a8df0571;7;1632351021733;;0;0;0;TJPE;G1;;2021/TJPE/09/G1/TJPE86234202109221632351021723;False;2021-09-22 19:50:21.733;Erro no arquivo
17;650401467;TJPE31906202109221632351019748;27440312c646afc672a99ce0472fcc7ab2aff6d21c87587e08b4053cb2653925;7;1632351019753;;0;0;0;TJPE;G1;;2021/TJPE/09/G1/TJPE31906202109221632351019748;False;2021-09-22 19:50:19.753;Erro no arquivo
18;650401463;TJPE10669202109221632351018177;bc2247a8277e487ba42ba21c4056b64210ad656f47da8a8598328066a7608b17;7;1632351018185;;0;0;0;TJPE;G1;;2021/TJPE/09/G1/TJPE10669202109221632351018177;False;2021-09-22 19:50:18.185;Erro no arquivo
19;650401459;TJPE90168202109221632351016174;fe5b26a4e45401c701397368566d1fadf09621b74e2a6b11ba5b47e1bd24fbb8;3;1632351016186;;100;100;0;TJPE;G1;1523747.0;2021/TJPE/09/G1/TJPE90168202109221632351016174;False;2021-09-22 19:50:16.186;Processado com sucesso
20;650401455;TJPE44738202109221632351013683;13d9b1947f629a174aad6aee4d60662ab7042a2ebf26623d590df3e5e2e8299e;7;1632351013694;;0;0;0;TJPE;G1;;2021/TJPE/09/G1/TJPE44738202109221632351013683;False;2021-09-22 19:50:13.694;Erro no arquivo
21;650401452;TJPE75238202109221632351011558;8cc79e946cde75461162c3479d452b0a7e55efa17186597b419c6a0e597d6965;7;1632351011566;;0;0;0;TJPE;G1;;2021/TJPE/09/G1/TJPE75238202109221632351011558;False;2021-09-22 19:50:11.566;Erro no arquivo
22;650401446;TJPE36323202109221632351009557;25bb668c36f3e42103c9e3fdd1493595bfd23d32840f3969999b34974371d98b;7;1632351009566;;0;0;0;TJPE;G1;;2021/TJPE/09/G1/TJPE36323202109221632351009557;False;2021-09-22 19:50:09.566;Erro no arquivo
23;650401443;TJPE24048202109221632351007593;2a1c8569999a998083bdd7c5d170665a7b6d2f523c769616e056cc64a70c2ba5;7;1632351007605;;0;0;0;TJPE;G1;;2021/TJPE/09/G1/TJPE24048202109221632351007593;False;2021-09-22 19:50:07.605;Erro no arquivo
24;650401435;TJPE60408202109221632351003912;e8bcd52c7419c5c1d52cc0909a34e51afbbeb8dc25e6099c547c4fe9152788a2;3;1632351003922;;100;100;0;TJPE;JE;1076729.0;2021/TJPE/09/JE/TJPE60408202109221632351003912;False;2021-09-22 19:50:03.922;Processado com sucesso
25;650401429;TJPE59048202109221632351001785;fd3c9c7576f8dd419474b5b0891429e740c7ed80b143f38c5905038f8272dc02;7;1632351001792;;0;0;0;TJPE;G1;;2021/TJPE/09/G1/TJPE59048202109221632351001785;False;2021-09-22 19:50:01.792;Erro no arquivo
26;650401425;TJPE66242202109221632350999883;cc7a11b65e31191edece30b31bc6b9116ac6e9a755f265aa3f1d13bb1ddd97fd;3;1632350999892;;100;100;0;TJPE;JE;1116442.0;2021/TJPE/09/JE/TJPE66242202109221632350999883;False;2021-09-22 19:49:59.892;Processado com sucesso
27;650401421;TJPE30727202109221632350997895;20da3db4ec6b9e6a7fa93c3547ef1e4c73803fff0cbc80317603d255dd038dc5;7;1632350997904;;0;0;0;TJPE;G1;;2021/TJPE/09/G1/TJPE30727202109221632350997895;False;2021-09-22 19:49:57.904;Erro no arquivo
28;650401417;TJPE80555202109221632350995574;8ca903f3639ab1afb383d75e45bcc44198231a4988f6d971b1a15d89d0144073;7;1632350995582;;0;0;0;TJPE;G1;;2021/TJPE/09/G1/TJPE80555202109221632350995574;False;2021-09-22 19:49:55.582;Erro no arquivo
29;650401413;TJPE39251202109221632350993562;c065c8c25276b2b9ccb2eb931ce44e00c48bd2eb3ff663c8ac96b65a33919be9;7;1632350993573;;0;0;0;TJPE;G1;;2021/TJPE/09/G1/TJPE39251202109221632350993562;False;2021-09-22 19:49:53.573;Erro no arquivo
30;650401410;TJPE27803202109221632350991527;1387b8a42167f3360265e0c874bb2f39bba6823795a6a51246a6a99475e29ef5;7;1632350991534;;0;0;0;TJPE;G1;;2021/TJPE/09/G1/TJPE27803202109221632350991527;False;2021-09-22 19:49:51.534;Erro no arquivo
31;650401406;TJPE93419202109221632350989597;dd67d2cbf6aa213a1dfbf1fe5ab46b0922e896a5b4dc38050f2f0474af744cc6;7;1632350989604;;0;0;0;TJPE;G1;;2021/TJPE/09/G1/TJPE93419202109221632350989597;False;2021-09-22 19:49:49.604;Erro no arquivo
32;650401402;TJPE20136202109221632350987718;a309cb1eea2ca5d2ca7fcc7dfca0d8193519dc373ca221f7cbbdb65a5d56cce5;7;1632350987731;;0;0;0;TJPE;G1;;2021/TJPE/09/G1/TJPE20136202109221632350987718;False;2021-09-22 19:49:47.731;Erro no arquivo
33;650401398;TJPE96219202109221632350985774;cb53586c15ada841639e378014fe308d1b46385363eaa3b7ac8c9b2baa17dbc9;7;1632350985784;;0;0;0;TJPE;G1;;2021/TJPE/09/G1/TJPE96219202109221632350985774;False;2021-09-22 19:49:45.784;Erro no arquivo
34;650401394;TJPE74298202109221632350983560;614ea851006056975dc49c18b830bca3d754e811660243c99090ef4c602174fb;7;1632350983572;;0;0;0;TJPE;G1;;2021/TJPE/09/G1/TJPE74298202109221632350983560;False;2021-09-22 19:49:43.572;Erro no arquivo
35;650401391;TJPE94522202109221632350981528;367625bff76694faebe926643ccd4cafdc74ad89ecae91d31bf265915412d165;7;1632350981535;;0;0;0;TJPE;G1;;2021/TJPE/09/G1/TJPE94522202109221632350981528;False;2021-09-22 19:49:41.535;Erro no arquivo
36;650401387;TJPE87429202109221632350979819;defbab00200aabcca8b86ffd39e47cc785d89f3fcb6948909fbfb943fbc83ea3;7;1632350979828;;0;0;0;TJPE;G1;;2021/TJPE/09/G1/TJPE87429202109221632350979819;False;2021-09-22 19:49:39.828;Erro no arquivo
37;650401384;TJPE44556202109221632350978037;814b6520c1f4754cdf64b4b55dd60d5bc955338c7a2652b781e4a4a6a990023f;3;1632350978043;;93;93;0;TJPE;G1;787106.0;2021/TJPE/09/G1/TJPE44556202109221632350978037;False;2021-09-22 19:49:38.043;Processado com sucesso
38;650401380;TJPE41450202109221632350975561;f6cda92a2150e64841ea2181f41cf8fd6bc3e738aeddc6496135196e16c1b5a7;7;1632350975570;;0;0;0;TJPE;G1;;2021/TJPE/09/G1/TJPE41450202109221632350975561;False;2021-09-22 19:49:35.570;Erro no arquivo
39;650401376;TJPE64433202109221632350973084;27ff5e618ca4becf490ab1a9174a6acc6d53fa4a57c740fa64436a88f4c7d6f2;7;1632350973097;;0;0;0;TJPE;G1;;2021/TJPE/09/G1/TJPE64433202109221632350973084;False;2021-09-22 19:49:33.097;Erro no arquivo
0;650401371;TJPE15660202109221632350970825;e66931d84cd8f86233dd701f43b7fa85056e468d820e6cedb5054de8d89fa37d;7;1632350970845;;0;0;0;TJPE;G1;;2021/TJPE/09/G1/TJPE15660202109221632350970825;False;2021-09-22 19:49:30.845;Erro no arquivo
1;650401364;TJPE20300202109221632350968279;f7abcdafebf5512a2624f50052e9589c23c205b96e62e017b415cd650ac0bb25;7;1632350968292;;0;0;0;TJPE;G1;;2021/TJPE/09/G1/TJPE20300202109221632350968279;False;2021-09-22 19:49:28.292;Erro no arquivo
2;650401357;TJPE31472202109221632350966260;035fb3315002ec42ff5c2223fa62814b33b81985edcb24d1e0949e8eafb45d62;7;1632350966270;;0;0;0;TJPE;G1;;2021/TJPE/09/G1/TJPE31472202109221632350966260;False;2021-09-22 19:49:26.270;Erro no arquivo
3;650401352;TJPE12652202109221632350963267;534830417fa76b2f76f24b5d60c5887a7766ef0061fd792d8bcb85515f44530d;7;1632350963281;;0;0;0;TJPE;G1;;2021/TJPE/09/G1/TJPE12652202109221632350963267;False;2021-09-22 19:49:23.281;Erro no arquivo
4;650401345;TJPE86127202109221632350961080;3fb68e649d374e3dc257d67c7cf09c30647caf8e97049dac3aaf4b35037c3883;7;1632350961101;;0;0;0;TJPE;G1;;2021/TJPE/09/G1/TJPE86127202109221632350961080;False;2021-09-22 19:49:21.101;Erro no arquivo
5;650401340;TJPE15735202109221632350959246;07c5e8946f5e331f3507fe938faa84df71da60035426d0b509849fbd37e10a38;7;1632350959264;;0;0;0;TJPE;G1;;2021/TJPE/09/G1/TJPE15735202109221632350959246;False;2021-09-22 19:49:19.264;Erro no arquivo
6;650401337;TJPE74280202109221632350957470;a46c48a231f40d75465374d693168a0a76cb445c2baff629b650d9e80f0e9a84;7;1632350957479;;0;0;0;TJPE;G1;;2021/TJPE/09/G1/TJPE74280202109221632350957470;False;2021-09-22 19:49:17.479;Erro no arquivo
7;650401334;TJPE86756202109221632350955673;0b36ee2b02e14820cf725413ee3545263ed9a760e504c666ee2017a9c689a1c5;7;1632350955686;;0;0;0;TJPE;G1;;2021/TJPE/09/G1/TJPE86756202109221632350955673;False;2021-09-22 19:49:15.686;Erro no arquivo
8;650401328;TJPE56928202109221632350953419;9878899e3db54d36570c4d87d5c883846473ec84406504f2be42d12127ce868c;7;1632350953428;;0;0;0;TJPE;G1;;2021/TJPE/09/G1/TJPE56928202109221632350953419;False;2021-09-22 19:49:13.428;Erro no arquivo
9;650401324;TJPE14312202109221632350951762;6f4dd986a33bad8db3a68054b6155017e66e1b78dfb42a3140652d0c28b21781;7;1632350951767;;0;0;0;TJPE;G1;;2021/TJPE/09/G1/TJPE14312202109221632350951762;False;2021-09-22 19:49:11.767;Erro no arquivo
10;650401319;TJPE44029202109221632350950132;56465f9f2ae211b80c5426030f270fe360ec1004fcb63b6eae77ee85879be839;7;1632350950141;;0;0;0;TJPE;G1;;2021/TJPE/09/G1/TJPE44029202109221632350950132;False;2021-09-22 19:49:10.141;Erro no arquivo
11;650401314;TJPE89434202109221632350948006;8f8b02d9a1eaf307a1bdedaea3b7b22abc9e9c215dca83bfc7f76dff00984691;3;1632350948015;;100;100;0;TJPE;JE;1146458.0;2021/TJPE/09/JE/TJPE89434202109221632350948006;False;2021-09-22 19:49:08.015;Processado com sucesso
12;650401306;TJPE89347202109221632350943470;a75ff281af011bd790b6261643deda675a8b4db2df324f882c710cfdaec0d77b;7;1632350943479;;0;0;0;TJPE;G1;;2021/TJPE/09/G1/TJPE89347202109221632350943470;False;2021-09-22 19:49:03.479;Erro no arquivo
13;650401295;TJPE98252202109221632350938584;e6cfe227a18e4d1882983ee33c6b30069c6fa9b945f8088d1843bcfee8099d1f;7;1632350938593;;0;0;0;TJPE;G1;;2021/TJPE/09/G1/TJPE98252202109221632350938584;False;2021-09-22 19:48:58.593;Erro no arquivo
14;650401277;TJPE61313202109221632350928437;12aa0516a2fb8c269688b66cc926807be4048f63b3f623207a2171694db74a92;7;1632350928446;;0;0;0;TJPE;G1;;2021/TJPE/09/G1/TJPE61313202109221632350928437;False;2021-09-22 19:48:48.446;Erro no arquivo
15;650401269;TJPE86332202109221632350923176;45ee34331387a1c0ba9609b8a1c97bbbbcc82dbad9fc5eb462f657249356f9ad;7;1632350923183;;0;0;0;TJPE;G1;;2021/TJPE/09/G1/TJPE86332202109221632350923176;False;2021-09-22 19:48:43.183;Erro no arquivo
16;650401265;TJPE54829202109221632350921358;7e3d40aadcdcdb59ee15cd1372b0b5382a4ad3432cf8dd74ca029086c36ef0d1;7;1632350921366;;0;0;0;TJPE;G1;;2021/TJPE/09/G1/TJPE54829202109221632350921358;False;2021-09-22 19:48:41.366;Erro no arquivo
17;650401261;TJPE28220202109221632350919165;2462411a6d507c9f1a104661f62e544ead116dcd99b08c2c46ff8368b4465828;7;1632350919181;;0;0;0;TJPE;G1;;2021/TJPE/09/G1/TJPE28220202109221632350919165;False;2021-09-22 19:48:39.181;Erro no arquivo
18;650401256;TJPE35826202109221632350916538;422a5a68d1f9c3f356475c5f531b66a24da75ba779370d7bbd58b0541b0095e1;7;1632350916548;;0;0;0;TJPE;G1;;2021/TJPE/09/G1/TJPE35826202109221632350916538;False;2021-09-22 19:48:36.548;Erro no arquivo
19;650401249;TJPE20371202109221632350914512;e151fa3f141c856b6c342a11c31c50fb49fe97129be8f463c8785fd19a800bae;7;1632350914526;;0;0;0;TJPE;G1;;2021/TJPE/09/G1/TJPE20371202109221632350914512;False;2021-09-22 19:48:34.526;Erro no arquivo
20;650401248;TJPE16242202109221632350912229;b0e9b5455c34292ccf06d9dc77f3b725bd3aa8d82746a69ed7ed496d914c9bb9;7;1632350912240;;0;0;0;TJPE;G1;;2021/TJPE/09/G1/TJPE16242202109221632350912229;False;2021-09-22 19:48:32.240;Erro no arquivo
21;650401246;TJPE20638202109221632350910584;b83454b021a229351a4faccd23ac17f7888e4a52c0dacb45ea2a076c25aced8d;7;1632350910592;;0;0;0;TJPE;G1;;2021/TJPE/09/G1/TJPE20638202109221632350910584;False;2021-09-22 19:48:30.592;Erro no arquivo
22;650401241;TJPE69228202109221632350908794;91a4934619cc97bd0c359681b5957b59c08816a862680c28537878c329a128a0;7;1632350908800;;0;0;0;TJPE;G1;;2021/TJPE/09/G1/TJPE69228202109221632350908794;False;2021-09-22 19:48:28.800;Erro no arquivo
23;650401239;TJPE67886202109221632350907211;b69c5066bd149d339835a318f1cadf4a5ed2889dc8bcbb45a796ee7b9759b2da;7;1632350907231;;0;0;0;TJPE;G1;;2021/TJPE/09/G1/TJPE67886202109221632350907211;False;2021-09-22 19:48:27.231;Erro no arquivo
24;650401231;TJPE40914202109221632350904807;c7c9eaa98c27549321780c38fd7f89664cca2a810eea90f14bd05bbc1d32513d;7;1632350904816;;0;0;0;TJPE;G1;;2021/TJPE/09/G1/TJPE40914202109221632350904807;False;2021-09-22 19:48:24.816;Erro no arquivo
25;650401225;TJPE27561202109221632350901911;ffc0705cce2b166f68c1f123a4e8e0cc9ad8aaa3c7b4c7393095ef5e8e93208a;7;1632350901920;;0;0;0;TJPE;G1;;2021/TJPE/09/G1/TJPE27561202109221632350901911;False;2021-09-22 19:48:21.920;Erro no arquivo
26;650401219;TJPE79089202109221632350899707;07a9a72c27b20dabd8142c1bda4793ad348bfc9daa17bf9cac2057552e454574;7;1632350899716;;0;0;0;TJPE;G1;;2021/TJPE/09/G1/TJPE79089202109221632350899707;False;2021-09-22 19:48:19.716;Erro no arquivo
27;650401214;TJPE85874202109221632350897551;1028b1606fad6584c65b4f177360b7a0ad2e6c03c417aa25759a654272d0f657;7;1632350897563;;0;0;0;TJPE;G1;;2021/TJPE/09/G1/TJPE85874202109221632350897551;False;2021-09-22 19:48:17.563;Erro no arquivo
28;650401210;TJPE99265202109221632350894445;21ae88a16630a743b5ad864690299f92f563ba6a02471b6ecb67eca317aeca76;7;1632350894454;;0;0;0;TJPE;G1;;2021/TJPE/09/G1/TJPE99265202109221632350894445;False;2021-09-22 19:48:14.454;Erro no arquivo
29;650401203;TJPE51410202109221632350892152;2af75b9788e87aba815d7134f82095a141668c5e6cf647e575393d7a8f78b13d;7;1632350892159;;0;0;0;TJPE;G1;;2021/TJPE/09/G1/TJPE51410202109221632350892152;False;2021-09-22 19:48:12.159;Erro no arquivo
30;650401199;TJPE28474202109221632350890407;3c105c5d3a174506a29896cfe3ef748099a6699676b7cb96548be778408f4d59;7;1632350890414;;0;0;0;TJPE;G1;;2021/TJPE/09/G1/TJPE28474202109221632350890407;False;2021-09-22 19:48:10.414;Erro no arquivo
31;650401195;TJPE82487202109221632350888708;6da9db8fd245362962f113fd8499a683cb007dfed633dede618c76d8978db3c9;7;1632350888722;;0;0;0;TJPE;G1;;2021/TJPE/09/G1/TJPE82487202109221632350888708;False;2021-09-22 19:48:08.722;Erro no arquivo
32;650401191;TJPE66502202109221632350886764;6b210754f92afbedc85ba4712f36516d8af1d2754956270d056c43bb28fef852;7;1632350886775;;0;0;0;TJPE;G1;;2021/TJPE/09/G1/TJPE66502202109221632350886764;False;2021-09-22 19:48:06.775;Erro no arquivo
33;650401188;TJPE95774202109221632350884681;32bc8afed105042fc8f0e0fbd13754d20f6043db3f4a45cfc9f38786983cae74;7;1632350884689;;0;0;0;TJPE;G1;;2021/TJPE/09/G1/TJPE95774202109221632350884681;False;2021-09-22 19:48:04.689;Erro no arquivo
34;650401185;TJPE27225202109221632350882732;71bcaf3154bb163f812a88b1755114a7da58e3bd5224cb7db7264810f0399662;7;1632350882745;;0;0;0;TJPE;G1;;2021/TJPE/09/G1/TJPE27225202109221632350882732;False;2021-09-22 19:48:02.745;Erro no arquivo
35;650401179;TJPE11627202109221632350880654;a080817f0088d4645e54a164f9538c88d4597dad2d8108cc6f319e1396ec69c2;7;1632350880666;;0;0;0;TJPE;G1;;2021/TJPE/09/G1/TJPE11627202109221632350880654;False;2021-09-22 19:48:00.666;Erro no arquivo
36;650401175;TJPE27064202109221632350878668;644913d06f18dfa443cac58785cbd715ccb92eb9812a860748168aef5c4cef08;7;1632350878691;;0;0;0;TJPE;G1;;2021/TJPE/09/G1/TJPE27064202109221632350878668;False;2021-09-22 19:47:58.691;Erro no arquivo
37;650401171;TJPE63210202109221632350876249;d96c472a84122f9140b3b01da74d0bb854a31fd43114b62492a9368c6fa0fcb5;7;1632350876262;;0;0;0;TJPE;G1;;2021/TJPE/09/G1/TJPE63210202109221632350876249;False;2021-09-22 19:47:56.262;Erro no arquivo
38;650401166;TJPE57973202109221632350873734;a03a8c0db7ee071d6dd84530e3007e6b2f22ec08a6394bf3added72f96d3dea5;7;1632350873747;;0;0;0;TJPE;G1;;2021/TJPE/09/G1/TJPE57973202109221632350873734;False;2021-09-22 19:47:53.747;Erro no arquivo
39;650401161;TJPE35048202109221632350871629;dc1691d50170a4b9fc63d246e45fea98ef4aa5567c3420c21a47eb558a6360e2;7;1632350871641;;0;0;0;TJPE;G1;;2021/TJPE/09/G1/TJPE35048202109221632350871629;False;2021-09-22 19:47:51.641;Erro no arquivo
0;650401157;TJPE39090202109221632350868937;46494d5492316af2f585a7337d108de124d74a9ce28903f4afdd28f1ac36307b;7;1632350868947;;0;0;0;TJPE;G1;;2021/TJPE/09/G1/TJPE39090202109221632350868937;False;2021-09-22 19:47:48.947;Erro no arquivo
1;650401152;TJPE37481202109221632350866738;371b6430f0ac35c9943108086a0b829ad61f7ef690ed2ec8036a3797bdd9bf9b;7;1632350866747;;0;0;0;TJPE;G1;;2021/TJPE/09/G1/TJPE37481202109221632350866738;False;2021-09-22 19:47:46.747;Erro no arquivo
2;650401148;TJPE72661202109221632350864895;ef9d4b8cb87a5b61144a6cd52523f2e074d453cc2b0b6c8f77a04f6f6bf60223;7;1632350864903;;0;0;0;TJPE;G1;;2021/TJPE/09/G1/TJPE72661202109221632350864895;False;2021-09-22 19:47:44.903;Erro no arquivo
3;650401144;TJPE61605202109221632350863050;e06c555190e1431024458f6574ac6cf56e8a36d4cb8a28429de011d67239c0eb;7;1632350863058;;0;0;0;TJPE;G1;;2021/TJPE/09/G1/TJPE61605202109221632350863050;False;2021-09-22 19:47:43.058;Erro no arquivo
4;650401140;TJPE70283202109221632350860348;e6de39136343b6c3b822b23b8c6c3e08bd4119c5bd7def897482592289f91b43;7;1632350860364;;0;0;0;TJPE;G1;;2021/TJPE/09/G1/TJPE70283202109221632350860348;False;2021-09-22 19:47:40.364;Erro no arquivo
5;650401135;TJPE91535202109221632350858202;6fc9f50607756c004f06d0e4512ff8a4730b54f795076c729c0fc7b3a5efe4a6;7;1632350858210;;0;0;0;TJPE;G1;;2021/TJPE/09/G1/TJPE91535202109221632350858202;False;2021-09-22 19:47:38.210;Erro no arquivo
6;650401131;TJPE51444202109221632350856198;22bf38889df59e805e4c873a6752d54225ddce3ba6fb84dd7d639c61ba5ec25e;7;1632350856208;;0;0;0;TJPE;G1;;2021/TJPE/09/G1/TJPE51444202109221632350856198;False;2021-09-22 19:47:36.208;Erro no arquivo
7;650401128;TJPE94448202109221632350853019;905952395872ea0a56bbce3f86d469ce4081ef5fff7f5355cdb1709137e9287a;7;1632350853028;;0;0;0;TJPE;G1;;2021/TJPE/09/G1/TJPE94448202109221632350853019;False;2021-09-22 19:47:33.028;Erro no arquivo
8;650401122;TJPE37785202109221632350850219;657056b4d4217d68c7d70e41f54893283d208da36f12532c6bd432a99f4503e0;7;1632350850228;;0;0;0;TJPE;G1;;2021/TJPE/09/G1/TJPE37785202109221632350850219;False;2021-09-22 19:47:30.228;Erro no arquivo
9;650401114;TJPE30370202109221632350848329;b182a9fa86396229f08f4dbc1434408f0b0ee6edb70318dc17bdd9ae9e52413e;7;1632350848352;;0;0;0;TJPE;G1;;2021/TJPE/09/G1/TJPE30370202109221632350848329;False;2021-09-22 19:47:28.352;Erro no arquivo
10;650401109;TJPE99588202109221632350845935;cc0d52551f05d23029408f463fa57aaa8f7d7afd21fe8121eb0f813d7d27adc1;7;1632350845944;;0;0;0;TJPE;G1;;2021/TJPE/09/G1/TJPE99588202109221632350845935;False;2021-09-22 19:47:25.944;Erro no arquivo
11;650401107;TJPE83290202109221632350844349;a57ff2b7ff4372ee3db6bfc660995d94ce6f4ec2f0f85c47d06166db0ac177e9;3;1632350844357;;80;80;0;TJPE;G1;1075936.0;2021/TJPE/09/G1/TJPE83290202109221632350844349;False;2021-09-22 19:47:24.357;Processado com sucesso
12;650401103;TJPE28532202109221632350842139;4bb828dd6d4e811d8d07a253697069efa81e8898e9e5ecbba9de06efd70a9af8;7;1632350842149;;0;0;0;TJPE;G1;;2021/TJPE/09/G1/TJPE28532202109221632350842139;False;2021-09-22 19:47:22.149;Erro no arquivo
13;650401099;TJPE88982202109221632350839904;63551851f8d2515b34f16179bd576bbba97d16b8b304c4808b300f3d8a1aa477;7;1632350839922;;0;0;0;TJPE;G1;;2021/TJPE/09/G1/TJPE88982202109221632350839904;False;2021-09-22 19:47:19.922;Erro no arquivo
14;650401093;TJPE73238202109221632350837618;9ee464259a1ae1b65e831cccecf63e47337dce1583226be3a42ab70df4e866cf;7;1632350837627;;0;0;0;TJPE;G1;;2021/TJPE/09/G1/TJPE73238202109221632350837618;False;2021-09-22 19:47:17.627;Erro no arquivo
15;650401089;TJPE29949202109221632350835865;af322bc6d0b5ae0aaba60ddcb8fc146149f0f68355465b5a1b558c2a39982c99;7;1632350835874;;0;0;0;TJPE;G1;;2021/TJPE/09/G1/TJPE29949202109221632350835865;False;2021-09-22 19:47:15.874;Erro no arquivo
16;650401086;TJPE42213202109221632350833950;78dbca74e5657532a88b239c65b8c697c740984f2351483f0fc368a7c18c3489;3;1632350833963;;100;100;0;TJPE;G1;1161878.0;2021/TJPE/09/G1/TJPE42213202109221632350833950;False;2021-09-22 19:47:13.963;Processado com sucesso
17;650401082;TJPE40319202109221632350831896;8174cccd7fb4600eebdcf41c92670527d66072ba38d65e3ea4133953a8e17516;7;1632350831902;;0;0;0;TJPE;G1;;2021/TJPE/09/G1/TJPE40319202109221632350831896;False;2021-09-22 19:47:11.902;Erro no arquivo
18;650401079;TJPE97963202109221632350829996;1fe4bb90c1b5e60f198f35492055a5cfa1f37913dd2c20e6001eae0c904cb414;7;1632350830005;;0;0;0;TJPE;G1;;2021/TJPE/09/G1/TJPE97963202109221632350829996;False;2021-09-22 19:47:10.005;Erro no arquivo
19;650401075;TJPE76680202109221632350827829;4657f9091efb0ae537fcae4204616eadcf2ae3c089a7e8722c6613c80fd75356;3;1632350827839;;94;94;0;TJPE;G1;1283829.0;2021/TJPE/09/G1/TJPE76680202109221632350827829;False;2021-09-22 19:47:07.839;Processado com sucesso
20;650401071;TJPE24006202109221632350825509;00747cd42d7edaf9836fb548dd46f5e10798fec7b94b2395e8e88eb4149b08cf;7;1632350825523;;0;0;0;TJPE;G1;;2021/TJPE/09/G1/TJPE24006202109221632350825509;False;2021-09-22 19:47:05.523;Erro no arquivo
21;650401066;TJPE87232202109221632350822081;93a39dafebe20a0d158c243a6e1cd49a3533f8abe7b26e5b29397daff64b1f7a;7;1632350822088;;0;0;0;TJPE;G1;;2021/TJPE/09/G1/TJPE87232202109221632350822081;False;2021-09-22 19:47:02.088;Erro no arquivo
22;650401062;TJPE74104202109221632350820166;bb2111de27c936d1bf0c7a90776d09cc4e22474fd03549dff56dbd1886a96b09;7;1632350820172;;0;0;0;TJPE;G1;;2021/TJPE/09/G1/TJPE74104202109221632350820166;False;2021-09-22 19:47:00.172;Erro no arquivo
23;650401056;TJPE11173202109221632350818588;5db66a4cf3d992ae20ee9028af65f95d0f2e586311589b16a295b7adf485f81d;7;1632350818598;;0;0;0;TJPE;G1;;2021/TJPE/09/G1/TJPE11173202109221632350818588;False;2021-09-22 19:46:58.598;Erro no arquivo
24;650401052;TJPE14542202109221632350816411;a58c5b79a6f2ebcd788e8bf77c5a85344b9f07aabcd933900830a2ab536f0a61;7;1632350816420;;0;0;0;TJPE;G1;;2021/TJPE/09/G1/TJPE14542202109221632350816411;False;2021-09-22 19:46:56.420;Erro no arquivo
25;650401046;TJPE38506202109221632350814255;eb7052a55a0f121ee618d766e0d401d8eb489d5fed1ad397d100b8d2d1d9d061;7;1632350814264;;0;0;0;TJPE;G1;;2021/TJPE/09/G1/TJPE38506202109221632350814255;False;2021-09-22 19:46:54.264;Erro no arquivo
26;650401042;TJPE81657202109221632350812085;d3b71524bef530e76985a7d608af1ed79e8f70545f59a12f20239fbf5e43e78b;7;1632350812103;;0;0;0;TJPE;G1;;2021/TJPE/09/G1/TJPE81657202109221632350812085;False;2021-09-22 19:46:52.103;Erro no arquivo
27;650401038;TJPE93964202109221632350810353;c435c4784d3c306b4399d3f3545ccd235e078c107fa0a8752740e8452ce0eae4;7;1632350810361;;0;0;0;TJPE;G1;;2021/TJPE/09/G1/TJPE93964202109221632350810353;False;2021-09-22 19:46:50.361;Erro no arquivo
28;650401034;TJPE17111202109221632350808586;2ea8182acd13eb488755f86febadbeb76b4fb7d6a86442e7ce80dd7f7f065271;7;1632350808596;;0;0;0;TJPE;G1;;2021/TJPE/09/G1/TJPE17111202109221632350808586;False;2021-09-22 19:46:48.596;Erro no arquivo
29;650401030;TJPE71885202109221632350806199;29b9e5f93b9942717e2e0cb82d767ab25b5782477962f086a844baef394579bf;7;1632350806207;;0;0;0;TJPE;G1;;2021/TJPE/09/G1/TJPE71885202109221632350806199;False;2021-09-22 19:46:46.207;Erro no arquivo
30;650401026;TJPE48648202109221632350803565;3b900684b94c74278ea71d4fa711cb90b7619948968e84d713c8ffca53142a5d;7;1632350803573;;0;0;0;TJPE;G1;;2021/TJPE/09/G1/TJPE48648202109221632350803565;False;2021-09-22 19:46:43.573;Erro no arquivo
31;650401021;TJPE86872202109221632350801455;98c2b9a1bff4ea64d72d8a526ec6315e3322954ccdcf1c2edce35e0502857d48;7;1632350801464;;0;0;0;TJPE;G1;;2021/TJPE/09/G1/TJPE86872202109221632350801455;False;2021-09-22 19:46:41.464;Erro no arquivo
32;650400971;TJPE41833202109221632350777184;eb5e326ea19e91707defe10f68520775926564b9d70793307efe416f99f4eb66;7;1632350777191;;0;0;0;TJPE;G1;;2021/TJPE/09/G1/TJPE41833202109221632350777184;False;2021-09-22 19:46:17.191;Erro no arquivo
33;650400968;TJPE71741202109221632350775268;3258548a6b2479c0ed8b40e4025581ad20e72c35dbfcc982f228821f2ac9beac;3;1632350775289;;100;100;0;TJPE;JE;1176961.0;2021/TJPE/09/JE/TJPE71741202109221632350775268;False;2021-09-22 19:46:15.289;Processado com sucesso
34;650400960;TJPE32507202109221632350772469;fe33881bf37001ba65db759d7e5828ea9989e2062f49e92491b5da94aff18199;7;1632350772490;;0;0;0;TJPE;G1;;2021/TJPE/09/G1/TJPE32507202109221632350772469;False;2021-09-22 19:46:12.490;Erro no arquivo
35;650400951;TJPE50666202109221632350769517;6603b6069bdaac9c6581145c599c2f44e181446e25597bf1102113bbe7e1006e;7;1632350769526;;0;0;0;TJPE;G1;;2021/TJPE/09/G1/TJPE50666202109221632350769517;False;2021-09-22 19:46:09.526;Erro no arquivo
36;650400944;TJPE20700202109221632350767306;b395b7f69ca796ae5f66986d5af0ebd9173bda200181372339618dab60271a6e;7;1632350767314;;0;0;0;TJPE;G1;;2021/TJPE/09/G1/TJPE20700202109221632350767306;False;2021-09-22 19:46:07.314;Erro no arquivo
37;650400938;TJPE96204202109221632350763940;7b3fd2a1119892ef95103dcc258deab0314dea1b02b699487c0d4b787625e5e1;7;1632350763957;;0;0;0;TJPE;G1;;2021/TJPE/09/G1/TJPE96204202109221632350763940;False;2021-09-22 19:46:03.957;Erro no arquivo
38;650400927;TJPE19247202109221632350758629;88c347b8e886ecff05086e5e06f68729756810d5990c7b75b780276383cbad00;7;1632350758637;;0;0;0;TJPE;G1;;2021/TJPE/09/G1/TJPE19247202109221632350758629;False;2021-09-22 19:45:58.637;Erro no arquivo
39;650400922;TJPE35183202109221632350755106;fc3a4b42ebb9323bd4801cf9775ad94472df5d10004b1f0c926fd013023d4cd8;7;1632350755114;;0;0;0;TJPE;G1;;2021/TJPE/09/G1/TJPE35183202109221632350755106;False;2021-09-22 19:45:55.114;Erro no arquivo
0;650400912;TJPE74686202109221632350750658;76d4e9d2f473b48e4cf4278902952109b2e2e9335a71e5604579337a881c1bef;7;1632350750672;;0;0;0;TJPE;G1;;2021/TJPE/09/G1/TJPE74686202109221632350750658;False;2021-09-22 19:45:50.672;Erro no arquivo
1;650400900;TJPE21628202109221632350744013;46150856616b9ed4c8487cf4c7a38d9e1e05eeb161268f88753c56f3b3049d49;7;1632350744021;;0;0;0;TJPE;G1;;2021/TJPE/09/G1/TJPE21628202109221632350744013;False;2021-09-22 19:45:44.021;Erro no arquivo
2;650400887;TJPE65995202109221632350736941;715a7e315070f03b69aa3aff6c201dc30455acf61d0e2c745b6faec4d6a20f31;7;1632350736949;;0;0;0;TJPE;G1;;2021/TJPE/09/G1/TJPE65995202109221632350736941;False;2021-09-22 19:45:36.949;Erro no arquivo
3;650400863;TJPE24139202109221632350725489;c62b22d8a4609b5c2f1af877b7d9922fbca2a8b6b72ca4361273f545b4a02957;7;1632350725497;;0;0;0;TJPE;G1;;2021/TJPE/09/G1/TJPE24139202109221632350725489;False;2021-09-22 19:45:25.497;Erro no arquivo
4;650400861;TJPE13270202109221632350723765;9645e6f6342a3cb45fd26b8dc5a4e5d4d5371616aea6441ff29dc07fb661b70d;7;1632350723776;;0;0;0;TJPE;G1;;2021/TJPE/09/G1/TJPE13270202109221632350723765;False;2021-09-22 19:45:23.776;Erro no arquivo
5;650400856;TJPE98564202109221632350721568;0d9f205f19ce93a9ed5e595f9f447801f7b3936073c4897eab319a7a51a807ca;7;1632350721588;;0;0;0;TJPE;G1;;2021/TJPE/09/G1/TJPE98564202109221632350721568;False;2021-09-22 19:45:21.588;Erro no arquivo
6;650400852;TJPE63422202109221632350719364;ee6f53c22e3e2a3d25680a5c754296cc31ac13734e1793424f427bf6ce3308ab;7;1632350719376;;0;0;0;TJPE;G1;;2021/TJPE/09/G1/TJPE63422202109221632350719364;False;2021-09-22 19:45:19.376;Erro no arquivo
7;650400846;TJPE29417202109221632350717544;257aabc1f7b8fa90169eba3d6d71ace2873a75021a2b899a34f8fcfd3e286c16;7;1632350717549;;0;0;0;TJPE;G1;;2021/TJPE/09/G1/TJPE29417202109221632350717544;False;2021-09-22 19:45:17.549;Erro no arquivo
8;650400843;TJPE23215202109221632350716024;95b541063f9363fca82522d36914286479cbfe8e4e63a2939088cc8dc93ad576;3;1632350716030;;92;92;0;TJPE;G1;730685.0;2021/TJPE/09/G1/TJPE23215202109221632350716024;False;2021-09-22 19:45:16.030;Processado com sucesso
9;650400840;TJPE46003202109221632350714628;01639accd3b7a3acb9936ae39fa06f1c4b2d485eb3e56a49b758a1e30ee945dc;7;1632350714636;;0;0;0;TJPE;G1;;2021/TJPE/09/G1/TJPE46003202109221632350714628;False;2021-09-22 19:45:14.636;Erro no arquivo
10;650400835;TJPE19623202109221632350712509;20159484e279ed5ab163a62ef251c2935458e3a2b0ea434facada1e5f0ac3158;7;1632350712528;;0;0;0;TJPE;G1;;2021/TJPE/09/G1/TJPE19623202109221632350712509;False;2021-09-22 19:45:12.528;Erro no arquivo
11;650400828;TJPE89399202109221632350710481;b083eee764feacafa5de54b46fe1e812c57ac8a9f968b47c4ac7dc9b03688786;7;1632350710495;;0;0;0;TJPE;G1;;2021/TJPE/09/G1/TJPE89399202109221632350710481;False;2021-09-22 19:45:10.495;Erro no arquivo
12;650400822;TJPE23664202109221632350708337;82ce85e9908b390efcafe9968581fbb82d69171861ba67abbb8f9ce3b4727648;7;1632350708345;;0;0;0;TJPE;G1;;2021/TJPE/09/G1/TJPE23664202109221632350708337;False;2021-09-22 19:45:08.345;Erro no arquivo
13;650400819;TJPE74334202109221632350706179;a230a214fc4343d726bc2361f7a6a4b49c215a42bbd81f556fc15fa063b970ad;7;1632350706189;;0;0;0;TJPE;G1;;2021/TJPE/09/G1/TJPE74334202109221632350706179;False;2021-09-22 19:45:06.189;Erro no arquivo
14;650400812;TJPE52259202109221632350704134;01eb6159011c200b464409a1b4ffade58a0e840d7d4051e8249c9ed4c93a1309;7;1632350704141;;0;0;0;TJPE;G1;;2021/TJPE/09/G1/TJPE52259202109221632350704134;False;2021-09-22 19:45:04.141;Erro no arquivo
15;650400810;TJPE94914202109221632350702218;ccd8977cdeff29a16a786a55dd047ef6875028f2c096b21473b6a6c71509350a;7;1632350702248;;0;0;0;TJPE;G1;;2021/TJPE/09/G1/TJPE94914202109221632350702218;False;2021-09-22 19:45:02.248;Erro no arquivo
16;650400801;TJPE88249202109221632350697375;c935b23c8dd68f546ca08f7b825c5e4b7b64828ecedea48353d228ec9ef79812;7;1632350697384;;0;0;0;TJPE;G1;;2021/TJPE/09/G1/TJPE88249202109221632350697375;False;2021-09-22 19:44:57.384;Erro no arquivo
17;650400797;TJPE56038202109221632350695139;a30703456033defc6ffab473a2060cd0e1423baec1bb3fac1c4a5283f9a360c1;7;1632350695154;;0;0;0;TJPE;G1;;2021/TJPE/09/G1/TJPE56038202109221632350695139;False;2021-09-22 19:44:55.154;Erro no arquivo
18;650400792;TJPE34143202109221632350693419;09b6cc9b3b243e397fd9fadbba0ae9c8f089b8a03c924a0de99389833f7601cc;7;1632350693432;;0;0;0;TJPE;G1;;2021/TJPE/09/G1/TJPE34143202109221632350693419;False;2021-09-22 19:44:53.432;Erro no arquivo
19;650400787;TJPE40949202109221632350691810;d727d87b57bad35fddd06e3be0d6c215760165463e87a4cc054a7ce780e03c23;7;1632350691817;;0;0;0;TJPE;G1;;2021/TJPE/09/G1/TJPE40949202109221632350691810;False;2021-09-22 19:44:51.817;Erro no arquivo
20;650400783;TJPE74221202109221632350690112;9fa6e6cb4e72feaf1119c8652ea5c1c84a28aa57fc6c118b076d64f85a735b55;3;1632350690133;;100;100;0;TJPE;JE;1146557.0;2021/TJPE/09/JE/TJPE74221202109221632350690112;False;2021-09-22 19:44:50.133;Processado com sucesso
21;650400779;TJPE23998202109221632350688247;caf8b52389783064c099c14e6a6fdfe3886353f7135acd201d2d4b8bc604729b;7;1632350688255;;0;0;0;TJPE;G1;;2021/TJPE/09/G1/TJPE23998202109221632350688247;False;2021-09-22 19:44:48.255;Erro no arquivo
22;650400770;TJPE82626202109221632350686253;b97a9dfc1653749e7e17d4867714dd5c782a139190c049841c62147a85c43f4e;7;1632350686266;;0;0;0;TJPE;G1;;2021/TJPE/09/G1/TJPE82626202109221632350686253;False;2021-09-22 19:44:46.266;Erro no arquivo
23;650400763;TJPE38338202109221632350684083;0229b7e94c4edc524d44d1874f5c2f442fd62c4ecce664d10faa2e9046e91cbe;7;1632350684092;;0;0;0;TJPE;G1;;2021/TJPE/09/G1/TJPE38338202109221632350684083;False;2021-09-22 19:44:44.092;Erro no arquivo
24;650400757;TJPE38457202109221632350681765;02e10690b624e5f19c9aca0a46d8962930f66353ca6835336163c9e635342bd2;7;1632350681772;;0;0;0;TJPE;G1;;2021/TJPE/09/G1/TJPE38457202109221632350681765;False;2021-09-22 19:44:41.772;Erro no arquivo
25;650400752;TJPE86530202109221632350680018;ad54f4b9d07f3271045bc176729ecf712c715d8d410a1bccad3d0959babc9586;7;1632350680026;;0;0;0;TJPE;G1;;2021/TJPE/09/G1/TJPE86530202109221632350680018;False;2021-09-22 19:44:40.026;Erro no arquivo
26;650400748;TJPE34868202109221632350678285;4d31a6abb74a39537b22a369ac0b750481c9a3e73ee7585db23ed52b25a4b244;7;1632350678292;;0;0;0;TJPE;G1;;2021/TJPE/09/G1/TJPE34868202109221632350678285;False;2021-09-22 19:44:38.292;Erro no arquivo
27;650400744;TJPE17119202109221632350676649;fa42c5821e3ffa481e2e1bece104d6ab2f7444421e277d08b94057012f532d72;7;1632350676659;;0;0;0;TJPE;G1;;2021/TJPE/09/G1/TJPE17119202109221632350676649;False;2021-09-22 19:44:36.659;Erro no arquivo
28;650400737;TJPE88519202109221632350674471;a5117c0fe9168a33c07a8d3c64b2380cf101e3a09d1c0169955598ac048359f2;7;1632350674478;;0;0;0;TJPE;G1;;2021/TJPE/09/G1/TJPE88519202109221632350674471;False;2021-09-22 19:44:34.478;Erro no arquivo
29;650400717;TJPE29384202109221632350664558;2e497af6aa4339c5f5fa475082c32e2ca0966cf67268f6741e3e4df550089f94;7;1632350664565;;0;0;0;TJPE;G1;;2021/TJPE/09/G1/TJPE29384202109221632350664558;False;2021-09-22 19:44:24.565;Erro no arquivo
30;650400712;TJPE31286202109221632350662807;d343fc86354484ccc8c1ae075b932a694728d55c7b593cc362ec25334f3ad155;7;1632350662820;;0;0;0;TJPE;G1;;2021/TJPE/09/G1/TJPE31286202109221632350662807;False;2021-09-22 19:44:22.820;Erro no arquivo
31;650400705;TJPE92688202109221632350660647;e4bb9ab696d04a0a8f5a9e9c95643590c071a200cc4203aa45e0c7be3485b185;7;1632350660656;;0;0;0;TJPE;G1;;2021/TJPE/09/G1/TJPE92688202109221632350660647;False;2021-09-22 19:44:20.656;Erro no arquivo
32;650400700;TJPE18130202109221632350658727;2e6ff7003e54e1b170a1ef408b39a452fd5640821066b0d0cba7010331b682cf;7;1632350658736;;0;0;0;TJPE;G1;;2021/TJPE/09/G1/TJPE18130202109221632350658727;False;2021-09-22 19:44:18.736;Erro no arquivo
33;650400691;TJPE84551202109221632350656870;10d3b37071a8f5dd5e40dda4a9076222984cea53a7eb28b3e0d700238b02bc68;7;1632350656884;;0;0;0;TJPE;G1;;2021/TJPE/09/G1/TJPE84551202109221632350656870;False;2021-09-22 19:44:16.884;Erro no arquivo
34;650400687;TJPE92719202109221632350654659;49ed3b1a589620766b4800f35b4ee323db1887a871535aa0b85f0f77e567b0de;7;1632350654666;;0;0;0;TJPE;G1;;2021/TJPE/09/G1/TJPE92719202109221632350654659;False;2021-09-22 19:44:14.666;Erro no arquivo
35;650400683;TJPE67911202109221632350652967;1a4bd4916c1c594315857dc6ab3148bb4b4c407bafcb419e6373a34b449e1896;7;1632350652977;;0;0;0;TJPE;G1;;2021/TJPE/09/G1/TJPE67911202109221632350652967;False;2021-09-22 19:44:12.977;Erro no arquivo
36;650400679;TJPE53540202109221632350651029;7a4a573de68ab4fd99bb7b54a962c45a8cd9fa2bdd68d65465fbe6fc4303c254;3;1632350651039;;97;97;0;TJPE;G1;1314659.0;2021/TJPE/09/G1/TJPE53540202109221632350651029;False;2021-09-22 19:44:11.039;Processado com sucesso
37;650400672;TJPE63512202109221632350648816;a53a95f1aa84067a8eb7ebbdd86808f9124796a7826b2147f3374c563f89196a;7;1632350648825;;0;0;0;TJPE;G1;;2021/TJPE/09/G1/TJPE63512202109221632350648816;False;2021-09-22 19:44:08.825;Erro no arquivo
38;650400668;TJPE61651202109221632350646962;250a74542fef726e75119f16223f3630a32eaa412ed130a8a98234e953c2780b;7;1632350646971;;0;0;0;TJPE;G1;;2021/TJPE/09/G1/TJPE61651202109221632350646962;False;2021-09-22 19:44:06.971;Erro no arquivo
39;650400660;TJPE54240202109221632350643127;28f1e191b0b96df1a6e3966faffadb643755c08cb795f1286abb17119412fb4f;7;1632350643148;;0;0;0;TJPE;G1;;2021/TJPE/09/G1/TJPE54240202109221632350643127;False;2021-09-22 19:44:03.148;Erro no arquivo
0;650400656;TJPE93539202109221632350641123;e66378ddb9e41cdb77af1c97bdaa475406b9fc72bf789e835fc199f29c78a999;7;1632350641135;;0;0;0;TJPE;G1;;2021/TJPE/09/G1/TJPE93539202109221632350641123;False;2021-09-22 19:44:01.135;Erro no arquivo
1;650400652;TJPE68162202109221632350639399;aef4a2d26960ee673d6b173f6bfb795f3a08ee846a9f6a82668ff69727d4838d;7;1632350639407;;0;0;0;TJPE;G1;;2021/TJPE/09/G1/TJPE68162202109221632350639399;False;2021-09-22 19:43:59.407;Erro no arquivo
2;650400635;TJPE91146202109221632350630833;73cee73bd119285c053c9c3decd396b9fe5335c5b66f8baad24036e1296d25e4;7;1632350630847;;0;0;0;TJPE;G1;;2021/TJPE/09/G1/TJPE91146202109221632350630833;False;2021-09-22 19:43:50.847;Erro no arquivo
3;650400623;TJPE29595202109221632350625839;d7f71cfee9d46e1566ea7b7ed398fa2cb76f64dc4affbc80e0f5e08d8193df79;3;1632350625848;;100;100;0;TJPE;JE;1133232.0;2021/TJPE/09/JE/TJPE29595202109221632350625839;False;2021-09-22 19:43:45.848;Processado com sucesso
4;650400617;TJPE43819202109221632350623539;953e63abd53fe1f5259f688d2f2d8ddf736b849a1d0322bed4de2cae87b92cbe;7;1632350623547;;0;0;0;TJPE;G1;;2021/TJPE/09/G1/TJPE43819202109221632350623539;False;2021-09-22 19:43:43.547;Erro no arquivo
5;650400604;TJPE48655202109221632350618306;b49b92ccd0c2d9db7f9ebf8e783443016ecaffc2b1f0b0bafccfbbc4de71aae5;3;1632350618314;;100;100;0;TJPE;JE;986158.0;2021/TJPE/09/JE/TJPE48655202109221632350618306;False;2021-09-22 19:43:38.314;Processado com sucesso
6;650400591;TJPE73190202109221632350612284;3bad563c7b8d1fa3d7befd533d6839316834b5f827020adcab6a39d649ffb751;7;1632350612298;;0;0;0;TJPE;G1;;2021/TJPE/09/G1/TJPE73190202109221632350612284;False;2021-09-22 19:43:32.298;Erro no arquivo
7;650400576;TJPE15086202109221632350603387;c887181db5b8bf1ef499b42ad733dd940c8bc5c0a867780ac9528e2c0d0b1dc6;7;1632350603408;;0;0;0;TJPE;G1;;2021/TJPE/09/G1/TJPE15086202109221632350603387;False;2021-09-22 19:43:23.408;Erro no arquivo
8;650400566;TJPE86467202109221632350595649;4c13bd7ffd7e885c959f16a516776695dd31f3f6c143cad90f9cb46286f3123b;7;1632350595659;;0;0;0;TJPE;G1;;2021/TJPE/09/G1/TJPE86467202109221632350595649;False;2021-09-22 19:43:15.659;Erro no arquivo
9;650400560;TJPE78160202109221632350593116;0fa2ce5f685d694d3f676557b1504165f9aab09730d3d40c4b22d1c0e0ae7cd8;7;1632350593188;;0;0;0;TJPE;G1;;2021/TJPE/09/G1/TJPE78160202109221632350593116;False;2021-09-22 19:43:13.188;Erro no arquivo
10;650400551;TJPE49445202109221632350588767;728ef82980347e223b651190e1ddd5b69b83a299de3050750b2f00cdb0db56de;7;1632350588776;;0;0;0;TJPE;G1;;2021/TJPE/09/G1/TJPE49445202109221632350588767;False;2021-09-22 19:43:08.776;Erro no arquivo
11;650400538;TJPE63652202109221632350583051;9406e818bed2856fe8f1eee172eb419a7e80e3a07760f2b2c96527df6e450cb0;7;1632350583056;;0;0;0;TJPE;G1;;2021/TJPE/09/G1/TJPE63652202109221632350583051;False;2021-09-22 19:43:03.056;Erro no arquivo
12;650400524;TJPE34545202109221632350577677;27eafb919a335b0dcaef6e974af6ee204a6f35116c34a3d91e656440f9435c3e;7;1632350577697;;0;0;0;TJPE;G1;;2021/TJPE/09/G1/TJPE34545202109221632350577677;False;2021-09-22 19:42:57.697;Erro no arquivo
13;650400514;TJPE33609202109221632350570994;a47e609febc9a4162d6a3d95ff92709c13011ccbaba5a998fe8b78c748fca3f9;7;1632350571003;;0;0;0;TJPE;G1;;2021/TJPE/09/G1/TJPE33609202109221632350570994;False;2021-09-22 19:42:51.003;Erro no arquivo
14;650400508;TJPE85115202109221632350568756;f2a07816a37c2a77fc4590b12ebeb13a470d0d1d7e2fe1f2b7e7fa1381b27637;7;1632350568765;;0;0;0;TJPE;G1;;2021/TJPE/09/G1/TJPE85115202109221632350568756;False;2021-09-22 19:42:48.765;Erro no arquivo
15;650400502;TJPE13751202109221632350566553;0bae010c93d98c252538692aa1c79bc97c155d142e7ac86c7091941765e95b1c;7;1632350566563;;0;0;0;TJPE;G1;;2021/TJPE/09/G1/TJPE13751202109221632350566553;False;2021-09-22 19:42:46.563;Erro no arquivo
16;650400497;TJPE29959202109221632350564328;84df0bf11cb24fb28947d609933e6495689b81885442ef76034cf0939b7c4158;7;1632350564340;;0;0;0;TJPE;G1;;2021/TJPE/09/G1/TJPE29959202109221632350564328;False;2021-09-22 19:42:44.340;Erro no arquivo
17;650400489;TJPE83215202109221632350561943;aaf5b480803f5426c2609f69cf6fc1a5a950cf9bf86fbe71238a88efb0579776;7;1632350561955;;0;0;0;TJPE;G1;;2021/TJPE/09/G1/TJPE83215202109221632350561943;False;2021-09-22 19:42:41.955;Erro no arquivo
18;650400479;TJPE96057202109221632350559924;fbddb8165da27c4ffccc8c1476a81af772d274d3ea73769ea2957941de79e8a0;7;1632350559939;;0;0;0;TJPE;G1;;2021/TJPE/09/G1/TJPE96057202109221632350559924;False;2021-09-22 19:42:39.939;Erro no arquivo
19;650400475;TJPE34617202109221632350557643;339266491ad0739ba84e013770fe3ab663ddc2ba827c3176d11dc400db984be7;7;1632350557654;;0;0;0;TJPE;G1;;2021/TJPE/09/G1/TJPE34617202109221632350557643;False;2021-09-22 19:42:37.654;Erro no arquivo
20;650400468;TJPE12687202109221632350555296;7b9fca94b2ded67fad14eb492b695f8d7d45e124273fa6abfb85d57f62b84e97;3;1632350555309;;100;100;0;TJPE;G1;1712677.0;2021/TJPE/09/G1/TJPE12687202109221632350555296;False;2021-09-22 19:42:35.309;Processado com sucesso
21;650400460;TJPE89524202109221632350552750;a029b8cee298f5d838fdc900d97754529e68d0832a8669cdeedeea886c9495dd;7;1632350552768;;0;0;0;TJPE;G1;;2021/TJPE/09/G1/TJPE89524202109221632350552750;False;2021-09-22 19:42:32.768;Erro no arquivo
22;650400453;TJPE86599202109221632350549731;1b4cd814b000b34cdb8578419e813716af43cf7c962aea6251e369e3aa2c4e97;7;1632350549755;;0;0;0;TJPE;G1;;2021/TJPE/09/G1/TJPE86599202109221632350549731;False;2021-09-22 19:42:29.755;Erro no arquivo
23;650400446;TJPE70622202109221632350545205;511e855bb9f2f7b3c44e29466a74b51703c150d3e9f62daf1904e8698c1d65ef;7;1632350545213;;0;0;0;TJPE;G1;;2021/TJPE/09/G1/TJPE70622202109221632350545205;False;2021-09-22 19:42:25.213;Erro no arquivo
24;650400426;TJPE33310202109221632350538847;2e6b370dc61edbeacd166703ddf5ee3f69df5345022feafc5717ea49b9e9d857;7;1632350538871;;0;0;0;TJPE;JE;;2021/TJPE/09/JE/TJPE33310202109221632350538847;False;2021-09-22 19:42:18.871;Erro no arquivo
25;650400417;TJPE74970202109221632350535108;8afc53d58c04d0cdf106627b5da45e6b5156bfa3257ae8cc3236fb1b76d087f9;7;1632350535113;;0;0;0;TJPE;G1;;2021/TJPE/09/G1/TJPE74970202109221632350535108;False;2021-09-22 19:42:15.113;Erro no arquivo
26;650400411;TJPE95283202109221632350531870;a5c3577f239ecbc7fac5689ecd511b6d18e836ef72be94d25fb4e079c9fc6a40;7;1632350531884;;0;0;0;TJPE;G1;;2021/TJPE/09/G1/TJPE95283202109221632350531870;False;2021-09-22 19:42:11.884;Erro no arquivo
27;650400399;TJPE27884202109221632350528399;99df2dd2a063116ed3fce79e62ac7141215325fa5254d372ac8b353e36723605;7;1632350528409;;0;0;0;TJPE;G1;;2021/TJPE/09/G1/TJPE27884202109221632350528399;False;2021-09-22 19:42:08.409;Erro no arquivo
28;650400386;TJPE51747202109221632350524021;32e293ba6960396c4835665117de29a2a6c5c9254b9e2b9e42ebf078753c325c;7;1632350524032;;0;0;0;TJPE;G1;;2021/TJPE/09/G1/TJPE51747202109221632350524021;False;2021-09-22 19:42:04.032;Erro no arquivo
29;650400373;TJPE70634202109221632350517444;634c9ec41ce4dc752ce4abd100d4b48d16296e9d0cbe280f053ae3d49ffca380;7;1632350517450;;0;0;0;TJPE;G1;;2021/TJPE/09/G1/TJPE70634202109221632350517444;False;2021-09-22 19:41:57.450;Erro no arquivo
30;650400366;TJPE41358202109221632350515614;485856eb4e3ae7ca34b0d448ca4450f417cf64a51a0ed8e2f93ebd0bf3e38cb5;7;1632350515625;;0;0;0;TJPE;G1;;2021/TJPE/09/G1/TJPE41358202109221632350515614;False;2021-09-22 19:41:55.625;Erro no arquivo
31;650400357;TJPE78865202109221632350512447;012341df2fa4cebaa138bf1e0196258959b80c60740637bb7841060500b64764;7;1632350512454;;0;0;0;TJPE;G1;;2021/TJPE/09/G1/TJPE78865202109221632350512447;False;2021-09-22 19:41:52.454;Erro no arquivo
32;650400351;TJPE29412202109221632350510714;643d4c42851d1fb39e253e92b738d56d7bd63d5242321dad403441cde2b2c8f0;7;1632350510726;;0;0;0;TJPE;G1;;2021/TJPE/09/G1/TJPE29412202109221632350510714;False;2021-09-22 19:41:50.726;Erro no arquivo
33;650400348;TJPE89141202109221632350509059;635b87d5b9d082c17ae310e0c7c716b3e919625352371975bc645d3eba7d157c;7;1632350509070;;0;0;0;TJPE;G1;;2021/TJPE/09/G1/TJPE89141202109221632350509059;False;2021-09-22 19:41:49.070;Erro no arquivo
34;650400342;TJPE63352202109221632350507065;d4298c48d3c1befad6e056587557ebc42eac7d308736ac1cbb2d23aaf94b7504;7;1632350507072;;0;0;0;TJPE;G1;;2021/TJPE/09/G1/TJPE63352202109221632350507065;False;2021-09-22 19:41:47.072;Erro no arquivo
35;650400334;TJPE30077202109221632350504320;5b9072c5b5913b74d3e0dbae5781aeffce8e450a2d2869b2c916b41b40cd6949;7;1632350504328;;0;0;0;TJPE;G1;;2021/TJPE/09/G1/TJPE30077202109221632350504320;False;2021-09-22 19:41:44.328;Erro no arquivo
36;650400319;TJPE85822202109221632350499610;a1b10e44ba0736a18fca5f133abbf581d76729c81283b2234bbaf6a4dd47a77c;7;1632350499618;;0;0;0;TJPE;G1;;2021/TJPE/09/G1/TJPE85822202109221632350499610;False;2021-09-22 19:41:39.618;Erro no arquivo
37;650400307;TJPE51395202109221632350494947;5a0173b1558b0d21ddf92170897541998cba3ab40fbb359a91f963c62f5ff04c;3;1632350494957;;100;100;0;TJPE;JE;1281321.0;2021/TJPE/09/JE/TJPE51395202109221632350494947;False;2021-09-22 19:41:34.957;Processado com sucesso
38;650400287;TJPE82986202109221632350486898;3aaa571e7fe3667d0e33e9fdff96bda948a8c4772ce4a2f08bd0e2f164ff1f41;7;1632350486918;;0;0;0;TJPE;G1;;2021/TJPE/09/G1/TJPE82986202109221632350486898;False;2021-09-22 19:41:26.918;Erro no arquivo
39;650400260;TJPE77041202109221632350475741;a7a49b3ff19fd85c5e0940ff5ddb3b7ea1907fbcd7f1626ca6e04ed1218a9163;7;1632350475754;;0;0;0;TJPE;G1;;2021/TJPE/09/G1/TJPE77041202109221632350475741;False;2021-09-22 19:41:15.754;Erro no arquivo
0;650400249;TJPE74160202109221632350472477;79b13d4f0923e2d57223ad786fd7da56af2ca72ca2485aba68180a67fbdffa3b;7;1632350472492;;0;0;0;TJPE;G1;;2021/TJPE/09/G1/TJPE74160202109221632350472477;False;2021-09-22 19:41:12.492;Erro no arquivo
1;650400235;TJPE93121202109221632350466451;4ce979176a9fe69c383911b30058e929c9a4080a8ef431d23b68403ebd1e6c88;7;1632350466459;;0;0;0;TJPE;G1;;2021/TJPE/09/G1/TJPE93121202109221632350466451;False;2021-09-22 19:41:06.459;Erro no arquivo
2;650400211;TJPE15704202109221632350458710;417818f53e3500d2aece1708d104f787e5bb80956779d26b1fcaa804ae4f1279;7;1632350458720;;0;0;0;TJPE;G1;;2021/TJPE/09/G1/TJPE15704202109221632350458710;False;2021-09-22 19:40:58.720;Erro no arquivo
3;650400199;TJPE56452202109221632350452477;4626bbe9f4df2453ec2b14f88bc7c5ce1e340ece36795bda7f7333a2d65e3967;7;1632350452490;;0;0;0;TJPE;G1;;2021/TJPE/09/G1/TJPE56452202109221632350452477;False;2021-09-22 19:40:52.490;Erro no arquivo
4;650400185;TJPE93848202109221632350445016;66abc19bf1502003cfecaf4c889c1913f6498d9522299e166d0721b414086fee;7;1632350445024;;0;0;0;TJPE;G1;;2021/TJPE/09/G1/TJPE93848202109221632350445016;False;2021-09-22 19:40:45.024;Erro no arquivo
5;650400166;TJPE46591202109221632350438284;ee02fb0afc6eafeee97fb36f961ef14aa7f1b3ee1a233781deb26916d13dfb34;7;1632350438292;;0;0;0;TJPE;G1;;2021/TJPE/09/G1/TJPE46591202109221632350438284;False;2021-09-22 19:40:38.292;Erro no arquivo
6;650400157;TJPE29758202109221632350433667;9fabaa07fc254c754602278b2de7c966ba66058f14cd8c8ecd11df81910b1a6c;7;1632350433675;;0;0;0;TJPE;G1;;2021/TJPE/09/G1/TJPE29758202109221632350433667;False;2021-09-22 19:40:33.675;Erro no arquivo
7;650400145;TJPE25246202109221632350428033;31dfa1e444aa8a24a66d446023d2bfedeae80fd2909ed64fedfb902db25d6eb2;3;1632350428038;;97;97;0;TJPE;G1;579665.0;2021/TJPE/09/G1/TJPE25246202109221632350428033;False;2021-09-22 19:40:28.038;Processado com sucesso
8;650400137;TJPE26409202109221632350425168;bba93180dc5b4b05bb4bbf46a4764df53f27008bbc8640cbceb9c8bd8d269e68;7;1632350425182;;0;0;0;TJPE;G1;;2021/TJPE/09/G1/TJPE26409202109221632350425168;False;2021-09-22 19:40:25.182;Erro no arquivo
9;650400123;TJPE92318202109221632350420055;f8458427d68030f48938815d448b75f4d442dd4845d6ce22c6df2b87a7846469;7;1632350420070;;0;0;0;TJPE;G1;;2021/TJPE/09/G1/TJPE92318202109221632350420055;False;2021-09-22 19:40:20.070;Erro no arquivo
10;650400112;TJPE61584202109221632350414489;f63651491f842e7761e24741c7f1a5247147f88f98ccb4b422ae4c04a429fee8;3;1632350414499;;100;100;0;TJPE;JE;1203763.0;2021/TJPE/09/JE/TJPE61584202109221632350414489;False;2021-09-22 19:40:14.499;Processado com sucesso
11;650400107;TJPE28448202109221632350412361;dfc5a22278e6e95f213b1817fb45ba5647b72eaa944c2ec5be73afda2fcbf2be;7;1632350412372;;0;0;0;TJPE;G1;;2021/TJPE/09/G1/TJPE28448202109221632350412361;False;2021-09-22 19:40:12.372;Erro no arquivo
12;650400062;TJPE54109202109221632350396305;548eb659a45ebd46433f3ed82b133274a3c54a2c30e83cb3b87cda602db9dcb3;7;1632350396320;;0;0;0;TJPE;G1;;2021/TJPE/09/G1/TJPE54109202109221632350396305;False;2021-09-22 19:39:56.320;Erro no arquivo
13;650400055;TJPE55926202109221632350394086;27cf1fbbd5239369576f70a3ff20b6d7fe1159200ad0aef29905764272da70ca;7;1632350394093;;0;0;0;TJPE;G1;;2021/TJPE/09/G1/TJPE55926202109221632350394086;False;2021-09-22 19:39:54.093;Erro no arquivo
14;650400051;TJPE14869202109221632350392226;59f8f7cd0c2addacc130e947565d2f4696fe32baf6998195e0523d63ba2242c4;7;1632350392235;;0;0;0;TJPE;JE;;2021/TJPE/09/JE/TJPE14869202109221632350392226;False;2021-09-22 19:39:52.235;Erro no arquivo
15;650400047;TJPE89696202109221632350389859;fe19f11bb45e09c5266f584e55c5222bc8da49580f9307b367e750f4907411a1;7;1632350389868;;0;0;0;TJPE;G1;;2021/TJPE/09/G1/TJPE89696202109221632350389859;False;2021-09-22 19:39:49.868;Erro no arquivo
16;650400039;TJPE36297202109221632350387681;de47b8704c2efdf891ad2d442597130ce3d095baf96ca8bd8bb5653181d739dc;7;1632350387698;;0;0;0;TJPE;G1;;2021/TJPE/09/G1/TJPE36297202109221632350387681;False;2021-09-22 19:39:47.698;Erro no arquivo
17;650400036;TJPE72866202109221632350385174;629de90f217caf0314fb44f2ecf2d9e950402ad3981a459722e4b4a2497a7a62;7;1632350385182;;0;0;0;TJPE;G1;;2021/TJPE/09/G1/TJPE72866202109221632350385174;False;2021-09-22 19:39:45.182;Erro no arquivo
18;650400028;TJPE27212202109221632350383014;87e0617c1bee7be33fca7d725dc3384301ef4ec7beb371864ff347e68aa7040d;7;1632350383025;;0;0;0;TJPE;G1;;2021/TJPE/09/G1/TJPE27212202109221632350383014;False;2021-09-22 19:39:43.025;Erro no arquivo
19;650400025;TJPE14093202109221632350380880;c271adfd51373746df55baf13ff9b41d46c4b528ea6e67d8b05d3023ef6b91bd;7;1632350380905;;0;0;0;TJPE;G1;;2021/TJPE/09/G1/TJPE14093202109221632350380880;False;2021-09-22 19:39:40.905;Erro no arquivo
20;650400016;TJPE39912202109221632350377922;5594a29f1d7b2c4bc64eeb8982efb0c77dfb2af65bf754fd2d546860227f8c3f;7;1632350377937;;0;0;0;TJPE;G1;;2021/TJPE/09/G1/TJPE39912202109221632350377922;False;2021-09-22 19:39:37.937;Erro no arquivo
21;650399992;TJPE20490202109221632350367995;e00edd5f01125494c24da2b8c364603789daf2c100e6e28fcb4685e88d9d49cb;3;1632350368005;;100;100;0;TJPE;JE;1200192.0;2021/TJPE/09/JE/TJPE20490202109221632350367995;False;2021-09-22 19:39:28.005;Processado com sucesso
22;650399985;TJPE28829202109221632350365726;e844e60868941f6eef1368d1bc5e3819f21ff1b7c60edb8f22cca0e267db3189;7;1632350365734;;0;0;0;TJPE;G1;;2021/TJPE/09/G1/TJPE28829202109221632350365726;False;2021-09-22 19:39:25.734;Erro no arquivo
23;650399981;TJPE78015202109221632350361921;8f7e8c353b90fd91a045e906494c5853629cc656a9e59d3d4a166f95a6924218;3;1632350361930;;100;100;0;TJPE;JE;1154714.0;2021/TJPE/09/JE/TJPE78015202109221632350361921;False;2021-09-22 19:39:21.930;Processado com sucesso
24;650399969;TJPE90606202109221632350358967;0dc3e2bef47e960fed29ac0fd7216b769d1975bba1ec1aff650b1a7911e37b1e;3;1632350358979;;100;100;0;TJPE;G1;1531687.0;2021/TJPE/09/G1/TJPE90606202109221632350358967;False;2021-09-22 19:39:18.979;Processado com sucesso
25;650399963;TJPE27879202109221632350356374;4475c993a8d2b7675d3bc4c4e901e57d8d5fdf1a5efc8a821f936a45c862a9d9;7;1632350356383;;0;0;0;TJPE;G1;;2021/TJPE/09/G1/TJPE27879202109221632350356374;False;2021-09-22 19:39:16.383;Erro no arquivo
26;650399959;TJPE31436202109221632350354595;1e02680334b27bce73acc0393b2e24771c599e71e58cdfc4d5d00551cb5fb7b5;7;1632350354602;;0;0;0;TJPE;G1;;2021/TJPE/09/G1/TJPE31436202109221632350354595;False;2021-09-22 19:39:14.602;Erro no arquivo
27;650399951;TJPE28249202109221632350352485;ea2bb2c03cddfdc60698f87bef36fbb5cdd2d7c117a6be2508135b38bc9d4e74;7;1632350352495;;0;0;0;TJPE;G1;;2021/TJPE/09/G1/TJPE28249202109221632350352485;False;2021-09-22 19:39:12.495;Erro no arquivo
28;650399935;TJPE89738202109221632350345819;1cffd4b893d3ed760a570fd4273746da1370d150c59156cad9ce030642570160;7;1632350345839;;0;0;0;TJPE;G1;;2021/TJPE/09/G1/TJPE89738202109221632350345819;False;2021-09-22 19:39:05.839;Erro no arquivo
29;650399917;TJPE23829202109221632350338346;47548526123e342472ff1ccb5dc1ae13b19d3b17cc3f39b984e3839f83dbfc3a;7;1632350338356;;0;0;0;TJPE;G1;;2021/TJPE/09/G1/TJPE23829202109221632350338346;False;2021-09-22 19:38:58.356;Erro no arquivo
30;650399908;TJPE21329202109221632350334883;ffe11a66c4493a759888b7789b441523feeaa4519dc00bc7e460b3b1279299e4;7;1632350334893;;0;0;0;TJPE;G1;;2021/TJPE/09/G1/TJPE21329202109221632350334883;False;2021-09-22 19:38:54.893;Erro no arquivo
31;650399903;TJPE69891202109221632350331495;9d0f68ed0d841bb97184fe82e9d191080d75c58890d01b5344758cb1c2069434;7;1632350331508;;0;0;0;TJPE;G1;;2021/TJPE/09/G1/TJPE69891202109221632350331495;False;2021-09-22 19:38:51.508;Erro no arquivo
32;650399873;TJPE48573202109221632350320875;740a6251a593e29b82077d09ef10c07807d30f111fc9b69481df439db7ea4838;7;1632350320887;;0;0;0;TJPE;G1;;2021/TJPE/09/G1/TJPE48573202109221632350320875;False;2021-09-22 19:38:40.887;Erro no arquivo
33;650399868;TJPE74279202109221632350318836;c850cdc5cdea04d652fb1796180181e7c49082c7e419d753ba541504acbef93c;7;1632350318844;;0;0;0;TJPE;G1;;2021/TJPE/09/G1/TJPE74279202109221632350318836;False;2021-09-22 19:38:38.844;Erro no arquivo
34;650399865;TJPE91693202109221632350316856;514c9bc9cc072919b72b76acdbd83b4ab3c918e33ce176b75d6fd0ba5d64c05d;7;1632350316865;;0;0;0;TJPE;G1;;2021/TJPE/09/G1/TJPE91693202109221632350316856;False;2021-09-22 19:38:36.865;Erro no arquivo
35;650399860;TJPE21468202109221632350314610;3cc71a41b4d26ec2f0c13d92bef5e444f32637a47b2375ecfd7f82bd47a889b7;7;1632350314633;;0;0;0;TJPE;G1;;2021/TJPE/09/G1/TJPE21468202109221632350314610;False;2021-09-22 19:38:34.633;Erro no arquivo
36;650399852;TJPE61207202109221632350312592;3287fe5744970f4755fbc8e0bcc9f6a17f0cf75f1c3757a1d36bf5e6f2316e17;7;1632350312608;;0;0;0;TJPE;G1;;2021/TJPE/09/G1/TJPE61207202109221632350312592;False;2021-09-22 19:38:32.608;Erro no arquivo
37;650399844;TJPE23294202109221632350310252;4aeb46755a9e30a3c25b31b674cd813a9c3284e72cd422c94f53da6a2a4554f3;7;1632350310257;;0;0;0;TJPE;G1;;2021/TJPE/09/G1/TJPE23294202109221632350310252;False;2021-09-22 19:38:30.257;Erro no arquivo
38;650399838;TJPE60690202109221632350308614;de98520557390d0e142f3f287bfcc5e8d95d98c0d4dc73a26fc1f04ff3d71d39;3;1632350308622;;100;100;0;TJPE;JE;1161917.0;2021/TJPE/09/JE/TJPE60690202109221632350308614;False;2021-09-22 19:38:28.622;Processado com sucesso
39;650399828;TJPE17951202109221632350305789;454cb44958fdcd93e90bdfa81c4a1fc10b0ae790ad4a0d2c8f2501f898db8a62;7;1632350305799;;0;0;0;TJPE;G1;;2021/TJPE/09/G1/TJPE17951202109221632350305789;False;2021-09-22 19:38:25.799;Erro no arquivo
0;650399820;TJPE62566202109221632350303568;75369b2887ee79fc27107ab33eced3be72a43d5902dd4e43de49cf5b9d74a61e;3;1632350303581;;100;100;0;TJPE;G1;1592945.0;2021/TJPE/09/G1/TJPE62566202109221632350303568;False;2021-09-22 19:38:23.581;Processado com sucesso
1;650399813;TJPE18019202109221632350301305;b1941939f26a95b79092c2d1eee6a78bd5fd57f25c2e813c3a49f413e4d33aec;7;1632350301312;;0;0;0;TJPE;G1;;2021/TJPE/09/G1/TJPE18019202109221632350301305;False;2021-09-22 19:38:21.312;Erro no arquivo
2;650399810;TJPE32809202109221632350299715;5f63ce6ffb7a75ebe0aacd4f2d8b130ebcfa9e0e9c2df35d544f3d4ab398c9c7;3;1632350299728;;100;100;0;TJPE;JE;1185253.0;2021/TJPE/09/JE/TJPE32809202109221632350299715;False;2021-09-22 19:38:19.728;Processado com sucesso
3;650399805;TJPE81690202109221632350297781;451ea4ccd1c8491a3167786a7bfe42d177babef0090ab2cf04c9d61ee3603dc1;7;1632350297791;;0;0;0;TJPE;G1;;2021/TJPE/09/G1/TJPE81690202109221632350297781;False;2021-09-22 19:38:17.791;Erro no arquivo
4;650399801;TJPE62977202109221632350296109;9540873a337d49879e231efabe8faf2dda75d97197c0a939c2b31851207d8cce;7;1632350296118;;0;0;0;TJPE;G1;;2021/TJPE/09/G1/TJPE62977202109221632350296109;False;2021-09-22 19:38:16.118;Erro no arquivo
5;650399795;TJPE23025202109221632350294156;c6cdb8e214ccc1b039fbc89f7ca30cd11e4286d309497f79e29aabf42ea14836;7;1632350294163;;0;0;0;TJPE;G1;;2021/TJPE/09/G1/TJPE23025202109221632350294156;False;2021-09-22 19:38:14.163;Erro no arquivo
6;650399790;TJPE89308202109221632350292390;1236f2566a7d900a25b772b0587534669af3ee3e025a094bc7de5484f4cf773b;7;1632350292399;;0;0;0;TJPE;G1;;2021/TJPE/09/G1/TJPE89308202109221632350292390;False;2021-09-22 19:38:12.399;Erro no arquivo
7;650399781;TJPE51520202109221632350290064;2a604e1c9fb5d308bf64fe39f5379ae8ddc0e3bc06f93a06ada1c1b021869700;7;1632350290072;;0;0;0;TJPE;G1;;2021/TJPE/09/G1/TJPE51520202109221632350290064;False;2021-09-22 19:38:10.072;Erro no arquivo
8;650399753;TJPE95281202109221632350278113;bd08099e291279358428b0b5dc0b586df30bc772a33ca3b06c4631b302873ae7;7;1632350278121;;0;0;0;TJPE;G1;;2021/TJPE/09/G1/TJPE95281202109221632350278113;False;2021-09-22 19:37:58.121;Erro no arquivo
9;650399745;TJPE68592202109221632350272673;dd03d439dd9ef9e8572e4698aced95072b86a628d3b704821b55e8e5c740e5c3;7;1632350272683;;0;0;0;TJPE;G1;;2021/TJPE/09/G1/TJPE68592202109221632350272673;False;2021-09-22 19:37:52.683;Erro no arquivo
10;650399733;TJPE38543202109221632350266191;f6b8d1222cf9f0089dc189e2331ae86ff996807aa1dbb4cbd8ea369c54d497bb;7;1632350266200;;0;0;0;TJPE;G1;;2021/TJPE/09/G1/TJPE38543202109221632350266191;False;2021-09-22 19:37:46.200;Erro no arquivo
11;650399721;TJPE80951202109221632350259212;cbd02f68179dbe53ed9fbe9ef14e51024c8b62bdbc8032ba0b340400f9368431;7;1632350259221;;0;0;0;TJPE;G1;;2021/TJPE/09/G1/TJPE80951202109221632350259212;False;2021-09-22 19:37:39.221;Erro no arquivo
12;650399696;TJPE22708202109221632350248251;07613208c66fb47394c025b1b6dca045731005a71f85dc2d10d2b95beadd196a;7;1632350248260;;0;0;0;TJPE;G1;;2021/TJPE/09/G1/TJPE22708202109221632350248251;False;2021-09-22 19:37:28.260;Erro no arquivo
13;650399693;TJPE65732202109221632350246035;1aaa47d2bb24db006c10d1e6b102fc440034cd2d950c3e77da66a2bf799d4ab1;7;1632350246046;;0;0;0;TJPE;G1;;2021/TJPE/09/G1/TJPE65732202109221632350246035;False;2021-09-22 19:37:26.046;Erro no arquivo
14;650399688;TJPE91369202109221632350244079;04582c7e82f424c2be8ac1c4412c8055ea630893af1a4e160490b2f90aa75b60;7;1632350244110;;0;0;0;TJPE;G1;;2021/TJPE/09/G1/TJPE91369202109221632350244079;False;2021-09-22 19:37:24.110;Erro no arquivo
15;650399684;TJPE44928202109221632350241320;f13d124b7cc998d639acf9b137fd6bd4b850bdfefbeb1dc27b1f6f51e2aa0395;7;1632350241332;;0;0;0;TJPE;G1;;2021/TJPE/09/G1/TJPE44928202109221632350241320;False;2021-09-22 19:37:21.332;Erro no arquivo
16;650399675;TJPE54310202109221632350239255;fb5d3c19280dc557dce73257bcacea1e42cf17855200565bcf563b156912b95a;7;1632350239265;;0;0;0;TJPE;G1;;2021/TJPE/09/G1/TJPE54310202109221632350239255;False;2021-09-22 19:37:19.265;Erro no arquivo
17;650399667;TJPE99343202109221632350236139;056ae0f9e797c3492618ecd44f2caad4da231aa4dddecb86f4f17cc5929c816e;7;1632350236148;;0;0;0;TJPE;G1;;2021/TJPE/09/G1/TJPE99343202109221632350236139;False;2021-09-22 19:37:16.148;Erro no arquivo
18;650399662;TJPE61570202109221632350233895;d9f199383a57cab89ca40a9b93c0afd5782ff61b359329d43c899f9536232258;7;1632350233904;;0;0;0;TJPE;G1;;2021/TJPE/09/G1/TJPE61570202109221632350233895;False;2021-09-22 19:37:13.904;Erro no arquivo
19;650399654;TJPE73171202109221632350231805;f14596e6e5c7f30410c6beed8cebe8c6b81e797ffc6f97507f5d4759288317df;7;1632350231818;;0;0;0;TJPE;G1;;2021/TJPE/09/G1/TJPE73171202109221632350231805;False;2021-09-22 19:37:11.818;Erro no arquivo
20;650399645;TJPE34575202109221632350229874;ab1709800f3fa9b92728c2b39cc5249ee3c4fd5af4913c6a21c6cc449b026938;3;1632350229883;;84;84;0;TJPE;G1;525950.0;2021/TJPE/09/G1/TJPE34575202109221632350229874;False;2021-09-22 19:37:09.883;Processado com sucesso
21;650399636;TJPE60833202109221632350228129;03613f7900dd9f0a56ad25a7c8ee629894f572481e2fd5a84847e23f4bf724a9;7;1632350228137;;0;0;0;TJPE;G1;;2021/TJPE/09/G1/TJPE60833202109221632350228129;False;2021-09-22 19:37:08.137;Erro no arquivo
22;650399629;TJPE49723202109221632350226136;2e8125b6339e7f7c23f669e498e8e8f8fe0f797741ad64277bb3c7d97e5fd2d6;7;1632350226144;;0;0;0;TJPE;G1;;2021/TJPE/09/G1/TJPE49723202109221632350226136;False;2021-09-22 19:37:06.144;Erro no arquivo
23;650399621;TJPE81156202109221632350223965;2a677f0df174c61508a84df6d826d0513cc717912afa7ec89effeb44231f12f1;7;1632350223984;;0;0;0;TJPE;G1;;2021/TJPE/09/G1/TJPE81156202109221632350223965;False;2021-09-22 19:37:03.984;Erro no arquivo
24;650399617;TJPE16709202109221632350222085;9f35bd74e9f7e5212d004fc5c6f916b58af61ec8c768ecd8a8baaffaef64129c;7;1632350222098;;0;0;0;TJPE;G1;;2021/TJPE/09/G1/TJPE16709202109221632350222085;False;2021-09-22 19:37:02.098;Erro no arquivo
25;650399613;TJPE34686202109221632350219845;568d4b4f9d7693f84eab868e6596f9a44b0736fc0a394559040020136cb0c8df;3;1632350219853;;100;100;0;TJPE;JE;1101164.0;2021/TJPE/09/JE/TJPE34686202109221632350219845;False;2021-09-22 19:36:59.853;Processado com sucesso
26;650399609;TJPE35923202109221632350217856;5bcec1bc2834cfbdca71429a707660f908ab09c5b3a0d2de3d33f46965ffd28a;7;1632350217950;;0;0;0;TJPE;G1;;2021/TJPE/09/G1/TJPE35923202109221632350217856;False;2021-09-22 19:36:57.950;Erro no arquivo
27;650399605;TJPE72808202109221632350216103;10761cc2cd8e8e9b645ec107794aaa079f127e8f45b43a62cb00275d97d257cb;7;1632350216111;;0;0;0;TJPE;G1;;2021/TJPE/09/G1/TJPE72808202109221632350216103;False;2021-09-22 19:36:56.111;Erro no arquivo
28;650399602;TJPE30069202109221632350214021;959e6975806fdf181e013b75f2a47a9536daa5f07939d96ca9b94fb3c04a5e5e;3;1632350214034;;93;93;0;TJPE;G1;1048283.0;2021/TJPE/09/G1/TJPE30069202109221632350214021;False;2021-09-22 19:36:54.034;Processado com sucesso
29;650399598;TJPE10099202109221632350211978;ee329cb10e23d953d68eb1d46e39dbb7e475c07bb74d42bd6a1a713b88566a4c;7;1632350211987;;0;0;0;TJPE;G1;;2021/TJPE/09/G1/TJPE10099202109221632350211978;False;2021-09-22 19:36:51.987;Erro no arquivo
30;650399592;TJPE69909202109221632350209965;82ade88e100548a98458850954b9c2908a2ff0bd941cb72d0afd55dd15cfcb68;7;1632350209972;;0;0;0;TJPE;G1;;2021/TJPE/09/G1/TJPE69909202109221632350209965;False;2021-09-22 19:36:49.972;Erro no arquivo
31;650399589;TJPE33632202109221632350207999;f77cfdecab8fbdf75e2b34ddaf7b337369a2edd7839fac3cab238f89ac2043ef;7;1632350208008;;0;0;0;TJPE;G1;;2021/TJPE/09/G1/TJPE33632202109221632350207999;False;2021-09-22 19:36:48.008;Erro no arquivo
32;650399584;TJPE30252202109221632350205781;bea1ce12b11f0d488a1c3c60dce99df660c00d65ea20dbdbf519a04c3b6ff62d;7;1632350205789;;0;0;0;TJPE;G1;;2021/TJPE/09/G1/TJPE30252202109221632350205781;False;2021-09-22 19:36:45.789;Erro no arquivo
33;650399580;TJPE82699202109221632350203879;301cd83cbc30d92fe54e6f08ca22202762ab6e3ad6f80c8dbd80721e596d1a40;7;1632350203902;;0;0;0;TJPE;G1;;2021/TJPE/09/G1/TJPE82699202109221632350203879;False;2021-09-22 19:36:43.902;Erro no arquivo
34;650399576;TJPE33008202109221632350201991;75cc40c421c0c74ff4d5633b3e061de6dcb1bd47af7040da57ce919a4d97791c;7;1632350201999;;0;0;0;TJPE;G1;;2021/TJPE/09/G1/TJPE33008202109221632350201991;False;2021-09-22 19:36:41.999;Erro no arquivo
35;650399571;TJPE63933202109221632350199913;ac1ec532928e73f3f9755a7309cd2a32c4251a1bdbafa7b2538b8e241c7d0b53;7;1632350199923;;0;0;0;TJPE;G1;;2021/TJPE/09/G1/TJPE63933202109221632350199913;False;2021-09-22 19:36:39.923;Erro no arquivo
36;650399569;TJPE49548202109221632350197867;1765c17daf3c76dc255a34325c93e2206499e974fbda08f0592afa419796871e;7;1632350197872;;0;0;0;TJPE;G1;;2021/TJPE/09/G1/TJPE49548202109221632350197867;False;2021-09-22 19:36:37.872;Erro no arquivo
37;650399559;TJPE75024202109221632350196210;b64f2048e9efcb4aac9912be35b14a23863b166634c0dc26bf2dfa6fdfa797f6;7;1632350196220;;0;0;0;TJPE;G1;;2021/TJPE/09/G1/TJPE75024202109221632350196210;False;2021-09-22 19:36:36.220;Erro no arquivo
38;650399553;TJPE58694202109221632350193939;fac12780222881e1f2a6eb29e5739fa3fb8be4571509532692d97af07e32403c;7;1632350193947;;0;0;0;TJPE;G1;;2021/TJPE/09/G1/TJPE58694202109221632350193939;False;2021-09-22 19:36:33.947;Erro no arquivo
39;650399549;TJPE91720202109221632350191715;78656e13858f026658950dd43cdad24954f5a3e94bc6163647b051d707e30fca;3;1632350191725;;100;100;0;TJPE;JE;1241959.0;2021/TJPE/09/JE/TJPE91720202109221632350191715;False;2021-09-22 19:36:31.725;Processado com sucesso
0;650399543;TJPE48919202109221632350189693;af34cc92e9d25f3c8f63878ce8632056a5d697cca961e1eeb64cf1200c870052;7;1632350189700;;0;0;0;TJPE;G1;;2021/TJPE/09/G1/TJPE48919202109221632350189693;False;2021-09-22 19:36:29.700;Erro no arquivo
1;650399540;TJPE37080202109221632350187857;1a847b4ba8eaef5075d805dc911c77163c4a61d73029c1f61b33c582247da8b5;3;1632350187868;;100;100;0;TJPE;JE;1266743.0;2021/TJPE/09/JE/TJPE37080202109221632350187857;False;2021-09-22 19:36:27.868;Processado com sucesso
2;650399530;TJPE53985202109221632350183497;27eb706d9bb224dd8b98b633b75fc5d75f2a3bebfee3ef7199654ab0a39c3850;7;1632350183506;;0;0;0;TJPE;JE;;2021/TJPE/09/JE/TJPE53985202109221632350183497;False;2021-09-22 19:36:23.506;Erro no arquivo
3;650399513;TJPE11399202109221632350178994;22ec491771cd5afac889b65690c55b27d483f5169d8fe8473bee742583525c3a;3;1632350179002;;100;100;0;TJPE;JE;1120946.0;2021/TJPE/09/JE/TJPE11399202109221632350178994;False;2021-09-22 19:36:19.002;Processado com sucesso
4;650399502;TJPE80100202109221632350175983;afe34cd25bd54ee34bc029201ec3fd74146b440050b51224e63b288282d83cd8;7;1632350175993;;0;0;0;TJPE;G1;;2021/TJPE/09/G1/TJPE80100202109221632350175983;False;2021-09-22 19:36:15.993;Erro no arquivo
5;650399479;TJPE36319202109221632350171052;97ef4a176b63161607720b80630ce0ab7bac4a0580ce8bcc334f8aae4a403c8d;7;1632350171061;;0;0;0;TJPE;G1;;2021/TJPE/09/G1/TJPE36319202109221632350171052;False;2021-09-22 19:36:11.061;Erro no arquivo
6;650399445;TJPE32580202109221632350163792;02c533c00548ada2a0c8314f3740d26c578ebe2c86ad22e308e5fa0e39b9d4fa;7;1632350163799;;0;0;0;TJPE;G1;;2021/TJPE/09/G1/TJPE32580202109221632350163792;False;2021-09-22 19:36:03.799;Erro no arquivo
7;650399427;TJPE13505202109221632350157774;8c24ed1b70aa52cb284ba728af65de1d07d0347e5bcee47d10e7f462d4ee5667;7;1632350157780;;0;0;0;TJPE;G1;;2021/TJPE/09/G1/TJPE13505202109221632350157774;False;2021-09-22 19:35:57.780;Erro no arquivo
8;650399423;TJPE32639202109221632350156303;2a6a2da15d672e2cb25db97bd53b8317d384c19d2200a153e7ab46d532cfb732;7;1632350156310;;0;0;0;TJPE;G1;;2021/TJPE/09/G1/TJPE32639202109221632350156303;False;2021-09-22 19:35:56.310;Erro no arquivo
9;650399421;TJPE49618202109221632350154705;38699a0c438dd110f9e5b513d561364be2c52fdc7cbed5420af2dc1813619a30;7;1632350154721;;0;0;0;TJPE;G1;;2021/TJPE/09/G1/TJPE49618202109221632350154705;False;2021-09-22 19:35:54.721;Erro no arquivo
10;650399413;TJPE56762202109221632350152940;b2bb05481206af9fc05b22794136e4002d43703c91db522eeecb6678b169fc0d;7;1632350152947;;0;0;0;TJPE;G1;;2021/TJPE/09/G1/TJPE56762202109221632350152940;False;2021-09-22 19:35:52.947;Erro no arquivo
11;650399404;TJPE59688202109221632350150764;904547db2d37997fcb0d223cc827ca46563a21a29af5332868223a012b00e536;3;1632350150774;;100;100;0;TJPE;JE;1179962.0;2021/TJPE/09/JE/TJPE59688202109221632350150764;False;2021-09-22 19:35:50.774;Processado com sucesso
12;650399385;TJPE45014202109221632350148749;49431b6db635d0b7ee1cc0b9e60046d0401719e43b232dae004e305eef3ad598;7;1632350148774;;0;0;0;TJPE;G1;;2021/TJPE/09/G1/TJPE45014202109221632350148749;False;2021-09-22 19:35:48.774;Erro no arquivo
13;650399376;TJPE49604202109221632350146734;68965c98e10078fc711bbe83e65c2c5a9f9cab99a9ee7185d558b7093ab9f43a;7;1632350146744;;0;0;0;TJPE;G1;;2021/TJPE/09/G1/TJPE49604202109221632350146734;False;2021-09-22 19:35:46.744;Erro no arquivo
14;650399371;TJPE99202202109221632350144253;da034641684caed262f0b85642ddf0fb14afbff3a1c61668dccf791f62ebf301;7;1632350144262;;0;0;0;TJPE;G1;;2021/TJPE/09/G1/TJPE99202202109221632350144253;False;2021-09-22 19:35:44.262;Erro no arquivo
15;650399356;TJPE43200202109221632350140889;fe4714bb60da546d99b2ad0ba6bcd3e5aee358f6ff41d263a0590bdaed1fb0ab;7;1632350140907;;0;0;0;TJPE;G1;;2021/TJPE/09/G1/TJPE43200202109221632350140889;False;2021-09-22 19:35:40.907;Erro no arquivo
16;650399349;TJPE54993202109221632350139019;04b5dca1c814441608c911d91df564d69d0118685f286b2a6bb2a7e7f28ed221;7;1632350139040;;0;0;0;TJPE;G1;;2021/TJPE/09/G1/TJPE54993202109221632350139019;False;2021-09-22 19:35:39.040;Erro no arquivo
17;650399341;TJPE26821202109221632350136947;1325f66e018be033bc6676f615fea2df55f28795f7e4be1a9b81323716e15656;3;1632350136965;;100;100;0;TJPE;JE;966855.0;2021/TJPE/09/JE/TJPE26821202109221632350136947;False;2021-09-22 19:35:36.965;Processado com sucesso
18;650399332;TJPE51420202109221632350135176;a6f98a26f6758a5e97c00b97a34e8512f3642f12d42d18721343eaffccd1790c;3;1632350135192;;100;100;0;TJPE;JE;1333427.0;2021/TJPE/09/JE/TJPE51420202109221632350135176;False;2021-09-22 19:35:35.192;Processado com sucesso
19;650399324;TJPE76852202109221632350133173;f44762049b83789372afab98470a8b23d2c95c49beae7c9fa5f5f60a115cfe70;7;1632350133180;;0;0;0;TJPE;G1;;2021/TJPE/09/G1/TJPE76852202109221632350133173;False;2021-09-22 19:35:33.180;Erro no arquivo
20;650399320;TJPE43667202109221632350131582;bb35b17c96caf31c5d9771da7eb77c1c28b3dc814bb73fe3238250d45a245313;7;1632350131596;;0;0;0;TJPE;G1;;2021/TJPE/09/G1/TJPE43667202109221632350131582;False;2021-09-22 19:35:31.596;Erro no arquivo
21;650399312;TJPE92409202109221632350129423;23fb26e3d61dfd0cecce96f936b634860299a39013b94886e5caaa6e44480b2b;3;1632350129436;;100;100;0;TJPE;JE;1108329.0;2021/TJPE/09/JE/TJPE92409202109221632350129423;False;2021-09-22 19:35:29.436;Processado com sucesso
22;650399295;TJPE54833202109221632350127545;9ade7ed4b5afef66f19a970b90910b86c947bf1ebd55d1a1283e8c48b447e14f;7;1632350127551;;0;0;0;TJPE;G1;;2021/TJPE/09/G1/TJPE54833202109221632350127545;False;2021-09-22 19:35:27.551;Erro no arquivo
23;650399277;TJPE65622202109221632350122169;9b0cbaced29b5ec88741c7679106fef82b74d8a6819f6e450e5256724f3b6492;7;1632350122180;;0;0;0;TJPE;G1;;2021/TJPE/09/G1/TJPE65622202109221632350122169;False;2021-09-22 19:35:22.180;Erro no arquivo
24;650399267;TJPE33405202109221632350119148;a770a7baf73163bbb90610072628b1dde762cd99f0894e20366ec2ff2347d713;7;1632350119167;;0;0;0;TJPE;G1;;2021/TJPE/09/G1/TJPE33405202109221632350119148;False;2021-09-22 19:35:19.167;Erro no arquivo
25;650399246;TJPE80353202109221632350114531;afba58121e0ba4caf1216f8e2388ed864daa8f931565ad2e5c2d3b97575760c9;7;1632350114538;;0;0;0;TJPE;G1;;2021/TJPE/09/G1/TJPE80353202109221632350114531;False;2021-09-22 19:35:14.538;Erro no arquivo
26;650399229;TJPE19426202109221632350109187;090c6e79e039fb69b822002df657da2027a139e855f44e98bdcd1bdaf30eadef;7;1632350109198;;0;0;0;TJPE;G1;;2021/TJPE/09/G1/TJPE19426202109221632350109187;False;2021-09-22 19:35:09.198;Erro no arquivo
27;650399219;TJPE24245202109221632350106320;eb6489604618639c072ff5b8a5e7a598269878242bec920eba296c146d0853b1;7;1632350106329;;0;0;0;TJPE;G1;;2021/TJPE/09/G1/TJPE24245202109221632350106320;False;2021-09-22 19:35:06.329;Erro no arquivo
28;650399197;TJPE85180202109221632350099480;d5ee98cc07045b8b86a2d412371f66df9b6f9c8383514bcee183489f5ca65c94;7;1632350099493;;0;0;0;TJPE;G1;;2021/TJPE/09/G1/TJPE85180202109221632350099480;False;2021-09-22 19:34:59.493;Erro no arquivo
29;650399171;TJPE41337202109221632350094691;d17376875f1492cf42b4ff1a7f3d28eaacbc606e8a029e96df9ea9d5dff39520;7;1632350094697;;0;0;0;TJPE;G1;;2021/TJPE/09/G1/TJPE41337202109221632350094691;False;2021-09-22 19:34:54.697;Erro no arquivo
30;650399162;TJPE52131202109221632350091157;34aa74ed3a689a997e4516ffde63c9ed7ca20566f07d47b76af512881e78267b;7;1632350091165;;0;0;0;TJPE;G1;;2021/TJPE/09/G1/TJPE52131202109221632350091157;False;2021-09-22 19:34:51.165;Erro no arquivo
31;650399154;TJPE76133202109221632350087658;354672dc77abc3ad72807944d09f7af31f76087cdb972bc7021f3db4a14b453c;7;1632350087666;;0;0;0;TJPE;G1;;2021/TJPE/09/G1/TJPE76133202109221632350087658;False;2021-09-22 19:34:47.666;Erro no arquivo
32;650399102;TJPE92223202109221632350066266;ee1f54140d49957d15fbb4d292a545df572adf63f1b8601ca0a83b9ea501b4e0;7;1632350066281;;0;0;0;TJPE;G1;;2021/TJPE/09/G1/TJPE92223202109221632350066266;False;2021-09-22 19:34:26.281;Erro no arquivo
33;650399091;TJPE61322202109221632350061947;1435df5e2ec9af2114821638217427eeb0d2da88125575eacca23e7c5582e19c;7;1632350061961;;0;0;0;TJPE;G1;;2021/TJPE/09/G1/TJPE61322202109221632350061947;False;2021-09-22 19:34:21.961;Erro no arquivo
34;650399086;TJPE29666202109221632350059873;d8510fb2a9cde16a2ae36c4c12df7f2829af5e6a17a910e497db690928809cb2;7;1632350059881;;0;0;0;TJPE;G1;;2021/TJPE/09/G1/TJPE29666202109221632350059873;False;2021-09-22 19:34:19.881;Erro no arquivo
35;650399080;TJPE86466202109221632350057582;675584335ee722206bbd6d2784bdfbe69622850341aad9f6511a6c09f13ad948;7;1632350057591;;0;0;0;TJPE;G1;;2021/TJPE/09/G1/TJPE86466202109221632350057582;False;2021-09-22 19:34:17.591;Erro no arquivo
36;650399074;TJPE93702202109221632350055647;d953fb94a075203d05e032633f56868aec86c1ca89b9136586c4c9b9fc1a6c65;7;1632350055657;;0;0;0;TJPE;G1;;2021/TJPE/09/G1/TJPE93702202109221632350055647;False;2021-09-22 19:34:15.657;Erro no arquivo
37;650399057;TJPE39256202109221632350050923;453c2f03cc7916334dae444f65ca758bd0833e683c5e6a96545d4b5302d2585a;3;1632350050938;;98;98;0;TJPE;G1;780616.0;2021/TJPE/09/G1/TJPE39256202109221632350050923;False;2021-09-22 19:34:10.938;Processado com sucesso
38;650399053;TJPE29702202109221632350049353;a92edd5b5a833bca9a7afa4e46551bb04c8ae04594d1c44fe65774326b52a1cd;7;1632350049362;;0;0;0;TJPE;G1;;2021/TJPE/09/G1/TJPE29702202109221632350049353;False;2021-09-22 19:34:09.362;Erro no arquivo
39;650399047;TJPE97203202109221632350047127;e76ad65e52def52d84b37bbfd690969782efa3a244b89473c57596336aed7e27;7;1632350047152;;0;0;0;TJPE;G1;;2021/TJPE/09/G1/TJPE97203202109221632350047127;False;2021-09-22 19:34:07.152;Erro no arquivo
0;650399036;TJPE89508202109221632350044748;127d9a925553e529778c102aee22bb0207930df43ef66b8450af8db27f45f1f2;7;1632350044762;;0;0;0;TJPE;G1;;2021/TJPE/09/G1/TJPE89508202109221632350044748;False;2021-09-22 19:34:04.762;Erro no arquivo
1;650399028;TJPE92491202109221632350042528;af312282c7d974d70b624496317a9be9d94153019319f6402487173162fddd44;7;1632350042538;;0;0;0;TJPE;G1;;2021/TJPE/09/G1/TJPE92491202109221632350042528;False;2021-09-22 19:34:02.538;Erro no arquivo
2;650399022;TJPE88088202109221632350040335;1edc5e7792270632beb061ba8ccc132ddd21b10a345ceb7a44b71149a856979e;7;1632350040341;;0;0;0;TJPE;G1;;2021/TJPE/09/G1/TJPE88088202109221632350040335;False;2021-09-22 19:34:00.341;Erro no arquivo
3;650399018;TJPE76683202109221632350038634;299cbff081c95a6c6eec0bd078812e5bc0fa33472f6195536b45af8f68b221e1;7;1632350038676;;0;0;0;TJPE;G1;;2021/TJPE/09/G1/TJPE76683202109221632350038634;False;2021-09-22 19:33:58.676;Erro no arquivo
4;650399010;TJPE81775202109221632350036039;118f665f423b3b0c0c786af035be15cd620fcf8134c1f3cdc0496d62ecd05b72;7;1632350036064;;0;0;0;TJPE;G1;;2021/TJPE/09/G1/TJPE81775202109221632350036039;False;2021-09-22 19:33:56.064;Erro no arquivo
5;650399001;TJPE29888202109221632350033861;8a7f3c7b0523ab69fd576873d00f7bdf550beef90cedb99b12b6419228639a7c;3;1632350033869;;100;100;0;TJPE;JE;1134244.0;2021/TJPE/09/JE/TJPE29888202109221632350033861;False;2021-09-22 19:33:53.869;Processado com sucesso
6;650398994;TJPE23140202109221632350031334;c8c551dfb2b7d2b7ccc2843a03663701b2a315b8d6380c27e26a9a024909e7c2;7;1632350031345;;0;0;0;TJPE;G1;;2021/TJPE/09/G1/TJPE23140202109221632350031334;False;2021-09-22 19:33:51.345;Erro no arquivo
7;650398985;TJPE51519202109221632350028928;339ad7cd619eb328f5f564327c59ecb7328bdd75f1d885c07c638404804962b7;7;1632350028935;;0;0;0;TJPE;G1;;2021/TJPE/09/G1/TJPE51519202109221632350028928;False;2021-09-22 19:33:48.935;Erro no arquivo
8;650398979;TJPE90244202109221632350026899;e8336ac57272e2569450ecb0ad426478d0f9e59acdb8b947b55db7eb86b5700c;7;1632350026906;;0;0;0;TJPE;G1;;2021/TJPE/09/G1/TJPE90244202109221632350026899;False;2021-09-22 19:33:46.906;Erro no arquivo
9;650398976;TJPE96766202109221632350025209;f3744c6d0af592999f4626b61b184484f960f656b02c0d40c7fa386f4c88656e;7;1632350025219;;0;0;0;TJPE;G1;;2021/TJPE/09/G1/TJPE96766202109221632350025209;False;2021-09-22 19:33:45.219;Erro no arquivo
10;650398973;TJPE81522202109221632350023603;eb58abe8d60fa0403e4824345e0a526ac4a982200faecf21a469fb72acd9a85d;7;1632350023613;;0;0;0;TJPE;G1;;2021/TJPE/09/G1/TJPE81522202109221632350023603;False;2021-09-22 19:33:43.613;Erro no arquivo
11;650398965;TJPE32058202109221632350021597;4ae4caee155ebb6e73db8b79f2c68ecba5511217b8e1c8bb2dfa1692b4033f9e;7;1632350021609;;0;0;0;TJPE;G1;;2021/TJPE/09/G1/TJPE32058202109221632350021597;False;2021-09-22 19:33:41.609;Erro no arquivo
12;650398961;TJPE65254202109221632350019506;65958ca82c5e8c7726d558a8554322c38c40fabf0aa41afe537e62f603d68ca8;7;1632350019514;;0;0;0;TJPE;G1;;2021/TJPE/09/G1/TJPE65254202109221632350019506;False;2021-09-22 19:33:39.514;Erro no arquivo
13;650398955;TJPE83789202109221632350017410;567cf3a56e9ec7ec221d67da2ee406a10600ee1c55e9fbf943cb08ca53f69092;3;1632350017426;;100;100;0;TJPE;G1;2038724.0;2021/TJPE/09/G1/TJPE83789202109221632350017410;False;2021-09-22 19:33:37.426;Processado com sucesso
14;650398945;TJPE50478202109221632350013904;a0ef1e6a42fee2015d7ac39eaf3a929e61a3daf91b3a753f23c43af91329a4a7;3;1632350013913;;100;100;0;TJPE;JE;1123531.0;2021/TJPE/09/JE/TJPE50478202109221632350013904;False;2021-09-22 19:33:33.913;Processado com sucesso
15;650398939;TJPE35427202109221632350011225;2446b35c9c664e5d3740bb31dde88206b9987307dd5118272f339a7ac3f1a9e2;7;1632350011234;;0;0;0;TJPE;G1;;2021/TJPE/09/G1/TJPE35427202109221632350011225;False;2021-09-22 19:33:31.234;Erro no arquivo
16;650398931;TJPE73576202109221632350009299;3571667d04a073589ecd817d4a94929826b5f8f3e12284e109ee6a09e9a2517d;7;1632350009308;;0;0;0;TJPE;G1;;2021/TJPE/09/G1/TJPE73576202109221632350009299;False;2021-09-22 19:33:29.308;Erro no arquivo
17;650398923;TJPE63197202109221632350006830;d685ac2e1ee06d11dd89ff6e4f682a95768f9e56082020c8bda5f4215bb5d9f7;7;1632350006863;;0;0;0;TJPE;G1;;2021/TJPE/09/G1/TJPE63197202109221632350006830;False;2021-09-22 19:33:26.863;Erro no arquivo
18;650398915;TJPE21591202109221632350002948;e657b2d22331d0d279c418f3a476f994cda013ff34bc48e13bdf1f13ea4e1ac6;7;1632350002955;;0;0;0;TJPE;JE;;2021/TJPE/09/JE/TJPE21591202109221632350002948;False;2021-09-22 19:33:22.955;Erro no arquivo
19;650398909;TJPE85780202109221632350000970;ae61e654d189b6e2edbe108e2f830852b98839c03e1594c1ab285d9a4c908772;7;1632350000981;;0;0;0;TJPE;G1;;2021/TJPE/09/G1/TJPE85780202109221632350000970;False;2021-09-22 19:33:20.981;Erro no arquivo
20;650398903;TJPE94725202109221632349999087;54fcfa5a09ac4d16fa05dc207ccbdc8b77a83fbfd29bf775909edeab2d9b0f25;3;1632349999110;;100;100;0;TJPE;JE;1072907.0;2021/TJPE/09/JE/TJPE94725202109221632349999087;False;2021-09-22 19:33:19.110;Processado com sucesso
21;650398900;TJPE80170202109221632349996998;a86cf6d6ad7048a5271f91b16081bf5461ad1068bfcc1e656e3f38c12e6bf327;7;1632349997010;;0;0;0;TJPE;G1;;2021/TJPE/09/G1/TJPE80170202109221632349996998;False;2021-09-22 19:33:17.010;Erro no arquivo
22;650398895;TJPE56669202109221632349994988;47d767b32a2261485845ecfff7beb7a36c67d3b6b7cdc203d5c94a2ed5292805;3;1632349994997;;100;100;0;TJPE;JE;1229238.0;2021/TJPE/09/JE/TJPE56669202109221632349994988;False;2021-09-22 19:33:14.997;Processado com sucesso
23;650398891;TJPE52105202109221632349992874;8544c9badd221a2bce9dada48dfabb2b17870cd50406efb04a52f0ad0b0cb67c;7;1632349992882;;0;0;0;TJPE;G1;;2021/TJPE/09/G1/TJPE52105202109221632349992874;False;2021-09-22 19:33:12.882;Erro no arquivo
24;650398881;TJPE76083202109221632349990571;7b81c773d2cab2f4c8a7215024687cb6c0115756b1ddac5a6f4d183987b9dc3b;7;1632349990580;;0;0;0;TJPE;G1;;2021/TJPE/09/G1/TJPE76083202109221632349990571;False;2021-09-22 19:33:10.580;Erro no arquivo
25;650398875;TJPE66958202109221632349988399;17a89eaf7401872b315babe93be45b418f139020fefe78086ed86800f5c020c0;7;1632349988406;;0;0;0;TJPE;G1;;2021/TJPE/09/G1/TJPE66958202109221632349988399;False;2021-09-22 19:33:08.406;Erro no arquivo
26;650398869;TJPE13211202109221632349986433;6be3a6520a6a08e1b46084bdeb9e764da138076ef7741663df650451c2ce1849;7;1632349986442;;0;0;0;TJPE;G1;;2021/TJPE/09/G1/TJPE13211202109221632349986433;False;2021-09-22 19:33:06.442;Erro no arquivo
27;650398863;TJPE49629202109221632349984342;4a5f44e789a84caa9dcce14623433afb049297127a4383568f95725e6b173c2b;7;1632349984351;;0;0;0;TJPE;G1;;2021/TJPE/09/G1/TJPE49629202109221632349984342;False;2021-09-22 19:33:04.351;Erro no arquivo
28;650398859;TJPE22949202109221632349982096;65618e81333472b0d3ee7e38898d6a166d01ec29320665902e1e98401f6e9981;3;1632349982108;;96;96;0;TJPE;G1;1077680.0;2021/TJPE/09/G1/TJPE22949202109221632349982096;False;2021-09-22 19:33:02.108;Processado com sucesso
29;650398852;TJPE23987202109221632349979940;91fee4390887f0827702d09018f0357ff43ed8f8f0b1e16f82c4086f5f9683e2;7;1632349979947;;0;0;0;TJPE;G1;;2021/TJPE/09/G1/TJPE23987202109221632349979940;False;2021-09-22 19:32:59.947;Erro no arquivo
30;650398849;TJPE66893202109221632349978219;02df65bf2a754273dd4777aa8ac278645fb32f01313bb7f35a0b270a63fa84f4;3;1632349978227;;100;100;0;TJPE;JE;1089069.0;2021/TJPE/09/JE/TJPE66893202109221632349978219;False;2021-09-22 19:32:58.227;Processado com sucesso
31;650398842;TJPE87602202109221632349974719;dcd5c8ac4fb311462b68dd55af96c07a790c6efb74c996edd14629f1c486f707;7;1632349974728;;0;0;0;TJPE;G1;;2021/TJPE/09/G1/TJPE87602202109221632349974719;False;2021-09-22 19:32:54.728;Erro no arquivo
32;650398838;TJPE42517202109221632349972880;f6d983dfe0712770a03467ca5af39eacaad0d41293f86ee42b960c621fbf8e68;7;1632349972888;;0;0;0;TJPE;G1;;2021/TJPE/09/G1/TJPE42517202109221632349972880;False;2021-09-22 19:32:52.888;Erro no arquivo
33;650398834;TJPE37879202109221632349971054;e6247465a255b71ce109f0fbd0f866e9bd772a776e9875c756b97fe98d3507a9;7;1632349971063;;0;0;0;TJPE;G1;;2021/TJPE/09/G1/TJPE37879202109221632349971054;False;2021-09-22 19:32:51.063;Erro no arquivo
34;650398826;TJPE67107202109221632349968784;bae66f12d382ab0eb744591a555d273e28df07b1ca6ee32343808f19cb6ce9c3;7;1632349968796;;0;0;0;TJPE;G1;;2021/TJPE/09/G1/TJPE67107202109221632349968784;False;2021-09-22 19:32:48.796;Erro no arquivo
35;650398822;TJPE31238202109221632349966863;e9fc0d4b6bac3e940b798d945236479acdc87fdb254ab870e72409e7838a9e10;7;1632349966874;;0;0;0;TJPE;G1;;2021/TJPE/09/G1/TJPE31238202109221632349966863;False;2021-09-22 19:32:46.874;Erro no arquivo
36;650398818;TJPE44465202109221632349965075;f58121344824ec77e052c28ac319e89277cb70f911bd254122e3bfa85ab1342b;7;1632349965097;;0;0;0;TJPE;G1;;2021/TJPE/09/G1/TJPE44465202109221632349965075;False;2021-09-22 19:32:45.097;Erro no arquivo
37;650398815;TJPE61788202109221632349962532;a2e6332155fe1cc042309eccc77551ee88c8120c57a906fe04b24f455d05025e;7;1632349962554;;0;0;0;TJPE;G1;;2021/TJPE/09/G1/TJPE61788202109221632349962532;False;2021-09-22 19:32:42.554;Erro no arquivo
38;650398810;TJPE37704202109221632349960329;6fbf06971b415271a65915c02122537b918d09d54d8529dd04ca76f69434612c;7;1632349960337;;0;0;0;TJPE;G1;;2021/TJPE/09/G1/TJPE37704202109221632349960329;False;2021-09-22 19:32:40.337;Erro no arquivo
39;650398804;TJPE50288202109221632349958284;23c155b71159083f69c15a0fa60302a7b85423adf12ad51add1287a950acfc0a;7;1632349958296;;0;0;0;TJPE;G1;;2021/TJPE/09/G1/TJPE50288202109221632349958284;False;2021-09-22 19:32:38.296;Erro no arquivo
0;650398796;TJPE88540202109221632349955864;3bbdef9af86a15094e48371826b52595aa0c976785cfea0634fb20403f6a1f95;3;1632349955878;;100;100;0;TJPE;G1;1803975.0;2021/TJPE/09/G1/TJPE88540202109221632349955864;False;2021-09-22 19:32:35.878;Processado com sucesso
1;650398789;TJPE59547202109221632349953246;247979c9b3c49da58f9b8804589ee436afa45258d041f70e6fb05b3eb9e41c48;3;1632349953260;;92;92;0;TJPE;G1;1209945.0;2021/TJPE/09/G1/TJPE59547202109221632349953246;False;2021-09-22 19:32:33.260;Processado com sucesso
2;650398782;TJPE56848202109221632349950795;c16cb1e1028c5fc2368d60d7a891560538ae0ee38e2f8bf55d959fdcf445dc37;7;1632349950804;;0;0;0;TJPE;G1;;2021/TJPE/09/G1/TJPE56848202109221632349950795;False;2021-09-22 19:32:30.804;Erro no arquivo
3;650398777;TJPE86719202109221632349948465;e5270156375ddfb7c8298e5c008073c16889008efced733ba0ad91815d2f939d;7;1632349948479;;0;0;0;TJPE;G1;;2021/TJPE/09/G1/TJPE86719202109221632349948465;False;2021-09-22 19:32:28.479;Erro no arquivo
4;650398771;TJPE79592202109221632349946079;427f23fe648d3b0bbe0ce1ad71b5af87645172a31ef3cf48c2a5eff93cb47152;7;1632349946088;;0;0;0;TJPE;G1;;2021/TJPE/09/G1/TJPE79592202109221632349946079;False;2021-09-22 19:32:26.088;Erro no arquivo
5;650398766;TJPE22172202109221632349943937;56ff1d9f0c8378222fb9d4d6f14d76deebf2d0d0496c549f57346ea25f37f1fe;3;1632349943948;;100;100;0;TJPE;G1;1535657.0;2021/TJPE/09/G1/TJPE22172202109221632349943937;False;2021-09-22 19:32:23.948;Processado com sucesso
6;650398759;TJPE94621202109221632349940911;1388b01c47c904afeebe3aa58c66183455e94f151155d71fd1aaf39e76daf496;7;1632349940918;;0;0;0;TJPE;G1;;2021/TJPE/09/G1/TJPE94621202109221632349940911;False;2021-09-22 19:32:20.918;Erro no arquivo
7;650398756;TJPE65805202109221632349939337;ab88e966b34314b9771dfc196c4347e1ff94fe68ae47e1341fcd4734767991a0;7;1632349939346;;0;0;0;TJPE;G1;;2021/TJPE/09/G1/TJPE65805202109221632349939337;False;2021-09-22 19:32:19.346;Erro no arquivo
8;650398749;TJPE28850202109221632349937319;5ad0b1f5f215bcbae7646315375cddfa8b4f81d51a428afc109972b4db108ff4;7;1632349937328;;0;0;0;TJPE;G1;;2021/TJPE/09/G1/TJPE28850202109221632349937319;False;2021-09-22 19:32:17.328;Erro no arquivo
9;650398742;TJPE16426202109221632349935353;6685dca084fb76f90c228a10467dbc6f722f2de2e2757104ff6fc964f6163eb5;7;1632349935359;;0;0;0;TJPE;G1;;2021/TJPE/09/G1/TJPE16426202109221632349935353;False;2021-09-22 19:32:15.359;Erro no arquivo
10;650398738;TJPE94043202109221632349933667;00be19326e29d56ba051ec449072803aa3867f38cdd97161904fd13aefb53470;7;1632349933698;;0;0;0;TJPE;G1;;2021/TJPE/09/G1/TJPE94043202109221632349933667;False;2021-09-22 19:32:13.698;Erro no arquivo
11;650398729;TJPE62614202109221632349930325;16917285ff15f355ba608b623cbdc59e690f151a6dbde50ab729a8f791b9a138;7;1632349930340;;0;0;0;TJPE;G1;;2021/TJPE/09/G1/TJPE62614202109221632349930325;False;2021-09-22 19:32:10.340;Erro no arquivo
12;650398724;TJPE25676202109221632349928204;8d5876422ec1b2c58846fbf823677728cbe123ebaea9425adbb58c3a4187e621;7;1632349928211;;0;0;0;TJPE;G1;;2021/TJPE/09/G1/TJPE25676202109221632349928204;False;2021-09-22 19:32:08.211;Erro no arquivo
13;650398720;TJPE82624202109221632349926545;af799f623eb19eb5c9cad54d2a5d3afa9d84361b08b9d1fb00dd784ab7c46065;7;1632349926557;;0;0;0;TJPE;G1;;2021/TJPE/09/G1/TJPE82624202109221632349926545;False;2021-09-22 19:32:06.557;Erro no arquivo
14;650398714;TJPE71691202109221632349924184;9c405cc8268e3ff6d87a7c321aaaa42bace72d6749f5f689dc2c8f8137958897;7;1632349924192;;0;0;0;TJPE;JE;;2021/TJPE/09/JE/TJPE71691202109221632349924184;False;2021-09-22 19:32:04.192;Erro no arquivo
15;650398711;TJPE61792202109221632349922122;cc7372f97ffce5a98407a5b5a2230eb50e92f77fbfa123d52bbf7bd0197afcba;7;1632349922142;;0;0;0;TJPE;G1;;2021/TJPE/09/G1/TJPE61792202109221632349922122;False;2021-09-22 19:32:02.142;Erro no arquivo
16;650398702;TJPE47555202109221632349919404;495b4690f071829b959f7dbe74982431b9a8b348c18fb98601ac2ef5e523112f;7;1632349919413;;0;0;0;TJPE;G1;;2021/TJPE/09/G1/TJPE47555202109221632349919404;False;2021-09-22 19:31:59.413;Erro no arquivo
17;650398696;TJPE26381202109221632349917337;a9d088c6979100fc17bc15612b5a3e106a1a90c06c09327b9f6fa702be24e17d;7;1632349917347;;0;0;0;TJPE;G1;;2021/TJPE/09/G1/TJPE26381202109221632349917337;False;2021-09-22 19:31:57.347;Erro no arquivo
18;650398688;TJPE12307202109221632349912602;8b555486d3f3b537c4a1b39b505eaeb5f2b57622bb64df88f3472f4116c1bddf;7;1632349912657;;0;0;0;TJPE;G1;;2021/TJPE/09/G1/TJPE12307202109221632349912602;False;2021-09-22 19:31:52.657;Erro no arquivo
19;650398674;TJPE10900202109221632349906374;513a14e9b41100ec85f7ea83ef563012d95455e67ae18c85c525c4644a93c12d;3;1632349906383;;100;100;0;TJPE;JE;1097361.0;2021/TJPE/09/JE/TJPE10900202109221632349906374;False;2021-09-22 19:31:46.383;Processado com sucesso
20;650398665;TJPE94744202109221632349899424;0c328528b30faba61f9f1af127c192c44d1c5da4d388c3556209610287526af3;3;1632349899434;;95;95;0;TJPE;G1;1244062.0;2021/TJPE/09/G1/TJPE94744202109221632349899424;False;2021-09-22 19:31:39.434;Processado com sucesso
21;650398641;TJPE91601202109221632349892595;a10a85b1242b260b1cda379b52ab00493724f14d18a0a1d194bfad9fb1e568da;7;1632349892605;;0;0;0;TJPE;G1;;2021/TJPE/09/G1/TJPE91601202109221632349892595;False;2021-09-22 19:31:32.605;Erro no arquivo
22;650398624;TJPE73689202109221632349885733;d7b67642daefc0dd3c5cd8f9de685cc23f6a1f93eb24709fea94012414c21abe;7;1632349885749;;0;0;0;TJPE;G1;;2021/TJPE/09/G1/TJPE73689202109221632349885733;False;2021-09-22 19:31:25.749;Erro no arquivo
23;650398611;TJPE28779202109221632349879739;1b6582184b31bd7388c4160c096f43bb2ead70899deb968ed64aedd6138be02a;7;1632349879747;;0;0;0;TJPE;G1;;2021/TJPE/09/G1/TJPE28779202109221632349879739;False;2021-09-22 19:31:19.747;Erro no arquivo
24;650398599;TJPE82880202109221632349855358;094b8fe4002ada944f302c5248b3a5b8feade1a084607c5d1282ae92ca9b1d8b;7;1632349855367;;0;0;0;TJPE;G1;;2021/TJPE/09/G1/TJPE82880202109221632349855358;False;2021-09-22 19:30:55.367;Erro no arquivo
25;650398562;TJPE83688202109221632349853275;c9f7efa9862f418439fae2c59cabfe787205732d7ec596dc50bce37f9ee64597;7;1632349853282;;0;0;0;TJPE;G1;;2021/TJPE/09/G1/TJPE83688202109221632349853275;False;2021-09-22 19:30:53.282;Erro no arquivo
26;650398557;TJPE76598202109221632349851393;ba1b9f4de2e631cf8679aac4fb607d3bbc4916aaf17d4c8c88868fea1f5e0f25;7;1632349851402;;0;0;0;TJPE;G1;;2021/TJPE/09/G1/TJPE76598202109221632349851393;False;2021-09-22 19:30:51.402;Erro no arquivo
27;650398552;TJPE42951202109221632349849406;138772240eb2ed626ff66bf44b9304b8a8edbf36c02127e59bc9e007cf63df8c;7;1632349849413;;0;0;0;TJPE;G1;;2021/TJPE/09/G1/TJPE42951202109221632349849406;False;2021-09-22 19:30:49.413;Erro no arquivo
28;650398547;TJPE63021202109221632349847604;27ff6837184d76d613f7f43ee81e9298361cfd200cfdb1aeba16cd253c91cdb1;7;1632349847613;;0;0;0;TJPE;G1;;2021/TJPE/09/G1/TJPE63021202109221632349847604;False;2021-09-22 19:30:47.613;Erro no arquivo
29;650398543;TJPE11151202109221632349845177;15510708aa3992a944b72700f867795498c96591828dcc78b0e5dccff81f27dd;7;1632349845197;;0;0;0;TJPE;G1;;2021/TJPE/09/G1/TJPE11151202109221632349845177;False;2021-09-22 19:30:45.197;Erro no arquivo
30;650398539;TJPE32159202109221632349842821;fd6f1637a71e5d92d741aaa3e8701e531165e86c72f75e1c5d741e93cdf27525;7;1632349842830;;0;0;0;TJPE;G1;;2021/TJPE/09/G1/TJPE32159202109221632349842821;False;2021-09-22 19:30:42.830;Erro no arquivo
31;650398533;TJPE80705202109221632349840832;f799583934b9780d59c04901104ec552a3ef5c7b538a0399bf91815bbf48afe5;7;1632349840839;;0;0;0;TJPE;G1;;2021/TJPE/09/G1/TJPE80705202109221632349840832;False;2021-09-22 19:30:40.839;Erro no arquivo
32;650398519;TJPE45010202109221632349834776;66f6c8dae9ceb2753172b58e0a380323df3603c939ef3c26bb78149bdff8e3a7;7;1632349834783;;0;0;0;TJPE;G1;;2021/TJPE/09/G1/TJPE45010202109221632349834776;False;2021-09-22 19:30:34.783;Erro no arquivo
33;650398500;TJPE63117202109221632349828358;51903a4f5ab9de0dade2d1c3c8172cec6f775af635007471c17a4817f4865e10;7;1632349828376;;0;0;0;TJPE;G1;;2021/TJPE/09/G1/TJPE63117202109221632349828358;False;2021-09-22 19:30:28.376;Erro no arquivo
34;650398488;TJPE52797202109221632349822798;d991f0072f2d0cf0f2ed5b7b60aca87968a29185b50770d06b032360828e3ad3;7;1632349822804;;0;0;0;TJPE;G1;;2021/TJPE/09/G1/TJPE52797202109221632349822798;False;2021-09-22 19:30:22.804;Erro no arquivo
35;650398476;TJPE98166202109221632349817612;7be9b8071cec7f03d6833207a8bd25a5e8a5e05acca82df409f63fa157101701;7;1632349817622;;0;0;0;TJPE;G1;;2021/TJPE/09/G1/TJPE98166202109221632349817612;False;2021-09-22 19:30:17.622;Erro no arquivo
36;650398468;TJPE31153202109221632349814515;6d1e2f877c8a660105e1f82bb4d754793432f339f4d6a85b0a1f67fb24ae07db;7;1632349814523;;0;0;0;TJPE;G1;;2021/TJPE/09/G1/TJPE31153202109221632349814515;False;2021-09-22 19:30:14.523;Erro no arquivo
37;650398455;TJPE12379202109221632349806101;60c1db22ea8fb1ff165e7c2ea6336f4c5013584efc173a56a1e88b09657474f4;7;1632349806110;;0;0;0;TJPE;G1;;2021/TJPE/09/G1/TJPE12379202109221632349806101;False;2021-09-22 19:30:06.110;Erro no arquivo
38;650398447;TJPE83839202109221632349801456;ca7ed00a3bfa4626e9d948bd43525411b945dd887d5b901fee881bb83c3d7075;7;1632349801479;;0;0;0;TJPE;G1;;2021/TJPE/09/G1/TJPE83839202109221632349801456;False;2021-09-22 19:30:01.479;Erro no arquivo
39;650398440;TJPE48269202109221632349795969;90bbd39cadc2ca11e5d55b23e787ee2b0da756bd3ecffc7c172bf4d63984fa7b;3;1632349795976;;96;96;0;TJPE;G1;936735.0;2021/TJPE/09/G1/TJPE48269202109221632349795969;False;2021-09-22 19:29:55.976;Processado com sucesso
0;650398428;TJPE87126202109221632349791942;92c6dc3bce9a7490a10090baad64af2d69033a955c2ae0f313275ca4d4792f74;7;1632349791949;;0;0;0;TJPE;G1;;2021/TJPE/09/G1/TJPE87126202109221632349791942;False;2021-09-22 19:29:51.949;Erro no arquivo
1;650398423;TJPE36728202109221632349790267;e49724edd672a4b42f20dd8aee90909e64326f9bb4aaeb159e49d055d8f173db;7;1632349790278;;0;0;0;TJPE;G1;;2021/TJPE/09/G1/TJPE36728202109221632349790267;False;2021-09-22 19:29:50.278;Erro no arquivo
2;650398420;TJPE48664202109221632349788295;b882c491ac77d5bddfc37fac906083f36a93ebfd491a7e0cacd11f0fb57cdd6f;7;1632349788304;;0;0;0;TJPE;G1;;2021/TJPE/09/G1/TJPE48664202109221632349788295;False;2021-09-22 19:29:48.304;Erro no arquivo
3;650398415;TJPE65705202109221632349786124;fe86300b3549cb200947df8466e58838f0b5ca02d318756260d5ffef95d3f8c7;7;1632349786132;;0;0;0;TJPE;G1;;2021/TJPE/09/G1/TJPE65705202109221632349786124;False;2021-09-22 19:29:46.132;Erro no arquivo
4;650398411;TJPE87825202109221632349784129;0a973c0cc6d5ad7297d35953f023fbbe37588f3c683d5c72776d19e462243219;7;1632349784144;;0;0;0;TJPE;G1;;2021/TJPE/09/G1/TJPE87825202109221632349784129;False;2021-09-22 19:29:44.144;Erro no arquivo
5;650398408;TJPE17096202109221632349782124;0e7dafb46588375669ee752b15879de1467303a2294ee694ace4c6c5ad046f4c;7;1632349782137;;0;0;0;TJPE;G1;;2021/TJPE/09/G1/TJPE17096202109221632349782124;False;2021-09-22 19:29:42.137;Erro no arquivo
6;650398404;TJPE77152202109221632349780085;59e4d0460f8a6c5b302387f90adef9f324d7d80157ab45c03799c148b886e954;3;1632349780164;;100;100;0;TJPE;JE;1170919.0;2021/TJPE/09/JE/TJPE77152202109221632349780085;False;2021-09-22 19:29:40.164;Processado com sucesso
7;650398396;TJPE43056202109221632349778165;415b638e71e21db8e06b1217fd3d8ec8bdb38335a0b79886a17d66fb355294b7;7;1632349778187;;0;0;0;TJPE;G1;;2021/TJPE/09/G1/TJPE43056202109221632349778165;False;2021-09-22 19:29:38.187;Erro no arquivo
8;650398389;TJPE79512202109221632349775959;e160bd21c06fb72821a32822dffe9f7b130f48d06a46ce5be98c4e4f0f4790c3;7;1632349775968;;0;0;0;TJPE;G1;;2021/TJPE/09/G1/TJPE79512202109221632349775959;False;2021-09-22 19:29:35.968;Erro no arquivo
9;650398383;TJPE58787202109221632349773145;6728b179b17d58b3fc51027d6ba98f125bee628e212edeada8026fe6b75cece0;7;1632349773158;;0;0;0;TJPE;G1;;2021/TJPE/09/G1/TJPE58787202109221632349773145;False;2021-09-22 19:29:33.158;Erro no arquivo
10;650398379;TJPE42664202109221632349770593;8cf0c59ba02e87688f4e954625e0a6c0bce93dc79b7bbee8f5bac000eb4f73ba;3;1632349770601;;100;100;0;TJPE;JE;1033996.0;2021/TJPE/09/JE/TJPE42664202109221632349770593;False;2021-09-22 19:29:30.601;Processado com sucesso
11;650398373;TJPE18015202109221632349768088;fc7d0aad69f2cebd408a0b82ab2b24cfc70e26d76ebca635ef3875ab7dbb17e9;7;1632349768097;;0;0;0;TJPE;G1;;2021/TJPE/09/G1/TJPE18015202109221632349768088;False;2021-09-22 19:29:28.097;Erro no arquivo
12;650398336;TJPE85785202109221632349751231;62cc75c101f290e6ea7395b737670211ed74c53296493911888a6589409acd84;7;1632349751246;;0;0;0;TJPE;G1;;2021/TJPE/09/G1/TJPE85785202109221632349751231;False;2021-09-22 19:29:11.246;Erro no arquivo
13;650398331;TJPE44173202109221632349749097;ad30f6c8d31abb531a2e8c62466a909a2b543728487fec1550ef6d0848907dd3;7;1632349749110;;0;0;0;TJPE;G1;;2021/TJPE/09/G1/TJPE44173202109221632349749097;False;2021-09-22 19:29:09.110;Erro no arquivo
14;650398324;TJPE81147202109221632349746701;9d9dd4595eed034cb6cc876f329f3daa39f2ac0cd32a4e29fd2dc49f053468e4;7;1632349746709;;0;0;0;TJPE;G1;;2021/TJPE/09/G1/TJPE81147202109221632349746701;False;2021-09-22 19:29:06.709;Erro no arquivo
15;650398320;TJPE17272202109221632349744803;cd73475db942f1316240431f69bfa79cd2c38568abd7ea31dcb554e746fadf52;7;1632349744817;;0;0;0;TJPE;G1;;2021/TJPE/09/G1/TJPE17272202109221632349744803;False;2021-09-22 19:29:04.817;Erro no arquivo
16;650398314;TJPE11142202109221632349742486;a4374a92b012bebaecf5ce41395c18d16df67f5819237f4a43b925d6a77ff29f;7;1632349742510;;0;0;0;TJPE;G1;;2021/TJPE/09/G1/TJPE11142202109221632349742486;False;2021-09-22 19:29:02.510;Erro no arquivo
17;650398303;TJPE43912202109221632349734942;08016157a5a1c754be6f534efe7b9916d1a66f4f88fe391d67820e3c8ce867fc;7;1632349734952;;0;0;0;TJPE;G1;;2021/TJPE/09/G1/TJPE43912202109221632349734942;False;2021-09-22 19:28:54.952;Erro no arquivo
18;650398296;TJPE28555202109221632349730582;9c9b2c0fb906242297a08afb01087db244c16393be6d6f2fddb492074d4785bd;7;1632349730598;;0;0;0;TJPE;G1;;2021/TJPE/09/G1/TJPE28555202109221632349730582;False;2021-09-22 19:28:50.598;Erro no arquivo
19;650398286;TJPE24684202109221632349725761;4956789b493c156de9575faaaffe9ef1724132334a2034bc7d2b448717ba92c5;7;1632349725769;;0;0;0;TJPE;G1;;2021/TJPE/09/G1/TJPE24684202109221632349725761;False;2021-09-22 19:28:45.769;Erro no arquivo
20;650398275;TJPE19616202109221632349721446;bc9eb7d64afe37ffefedba3b1d3e7ec145c0fd8688da3fbe023fd2ab36a4d3ff;7;1632349721455;;0;0;0;TJPE;G1;;2021/TJPE/09/G1/TJPE19616202109221632349721446;False;2021-09-22 19:28:41.455;Erro no arquivo
21;650398264;TJPE88333202109221632349715632;38bfb18d60e9d8bbc0c23c9b1f4a2fa1ddbccf9d70891c779edc0ed0f158eec6;7;1632349715646;;0;0;0;TJPE;G1;;2021/TJPE/09/G1/TJPE88333202109221632349715632;False;2021-09-22 19:28:35.646;Erro no arquivo
22;650398255;TJPE95945202109221632349711564;e40ad2fb11312b5993c883e80ff9172b2f4dd80450eb40564b9917aea28e357c;7;1632349711572;;0;0;0;TJPE;G1;;2021/TJPE/09/G1/TJPE95945202109221632349711564;False;2021-09-22 19:28:31.572;Erro no arquivo
23;650398247;TJPE29638202109221632349705842;6e6ba6aab52d1c76d624f2096e3949cc8b21140d23d0c2ee2c9e352c93f96f20;3;1632349705857;;100;100;0;TJPE;JE;1255170.0;2021/TJPE/09/JE/TJPE29638202109221632349705842;False;2021-09-22 19:28:25.857;Processado com sucesso
24;650398243;TJPE37752202109221632349703852;67287116da062b1ffe71b6aa10435203d361c98cdd52cf167a01082a8b5f6866;7;1632349703860;;0;0;0;TJPE;G1;;2021/TJPE/09/G1/TJPE37752202109221632349703852;False;2021-09-22 19:28:23.860;Erro no arquivo
25;650398240;TJPE57938202109221632349702002;3c2ee47afc362a61fd05fc1831d8d543d9425390ce270ba7598d7bf07225e3b1;7;1632349702009;;0;0;0;TJPE;G1;;2021/TJPE/09/G1/TJPE57938202109221632349702002;False;2021-09-22 19:28:22.009;Erro no arquivo
26;650398237;TJPE21182202109221632349700121;fbc3fea208c520aaa21135b85f40a4844b3033fc72cfbeca5691f2e38a7f2380;7;1632349700130;;0;0;0;TJPE;G1;;2021/TJPE/09/G1/TJPE21182202109221632349700121;False;2021-09-22 19:28:20.130;Erro no arquivo
27;650398233;TJPE60324202109221632349697903;da6da9ee6af849ebdea5d51132a344f022cea14db8f7ed29090ff3b60f71594a;7;1632349697912;;0;0;0;TJPE;G1;;2021/TJPE/09/G1/TJPE60324202109221632349697903;False;2021-09-22 19:28:17.912;Erro no arquivo
28;650398229;TJPE49735202109221632349695737;862c502bc52e2bc7f54c1e149b251d811bb1aa979136153d884818e8438fee70;3;1632349695752;;100;100;0;TJPE;JE;1301159.0;2021/TJPE/09/JE/TJPE49735202109221632349695737;False;2021-09-22 19:28:15.752;Processado com sucesso
29;650398222;TJPE56142202109221632349693110;d0898488611bc9836b832541a58d0ea1174c137b79392082cee92ea561e8cefa;7;1632349693119;;0;0;0;TJPE;G1;;2021/TJPE/09/G1/TJPE56142202109221632349693110;False;2021-09-22 19:28:13.119;Erro no arquivo
30;650398218;TJPE32349202109221632349690888;8133cd0c58a67cb60be9f570817c92e7c457235a76a6cf44babfc9bda6daac40;7;1632349690899;;0;0;0;TJPE;G1;;2021/TJPE/09/G1/TJPE32349202109221632349690888;False;2021-09-22 19:28:10.899;Erro no arquivo
31;650398212;TJPE65204202109221632349688882;227340f043f1252f4fc054d564c07d9017114c469ee911b1734ad542943054c0;7;1632349688907;;0;0;0;TJPE;G1;;2021/TJPE/09/G1/TJPE65204202109221632349688882;False;2021-09-22 19:28:08.907;Erro no arquivo
32;650398207;TJPE20162202109221632349686694;35e84cf2fcd1185f3a4864507a2a8445888c0d848ae2d289817b4e2909a5e3c5;7;1632349686703;;0;0;0;TJPE;G1;;2021/TJPE/09/G1/TJPE20162202109221632349686694;False;2021-09-22 19:28:06.703;Erro no arquivo
33;650398201;TJPE78589202109221632349683718;ea626639159145cc2a6e6e16391016968c121042033e414e2bd1e08938f86fc9;7;1632349683726;;0;0;0;TJPE;G1;;2021/TJPE/09/G1/TJPE78589202109221632349683718;False;2021-09-22 19:28:03.726;Erro no arquivo
34;650398197;TJPE77582202109221632349681075;699576f9b1fa8c9548c0587dd1cbb9e45c645acfde9da08efd645fa08cc8dc0f;7;1632349681089;;0;0;0;TJPE;G1;;2021/TJPE/09/G1/TJPE77582202109221632349681075;False;2021-09-22 19:28:01.089;Erro no arquivo
35;650398191;TJPE59113202109221632349678788;610c5f5030d7eeafbcfbda65e13cd59fbd4e131ee9c0f3fb57de55fee7c83bbe;3;1632349678797;;100;100;0;TJPE;JE;1118216.0;2021/TJPE/09/JE/TJPE59113202109221632349678788;False;2021-09-22 19:27:58.797;Processado com sucesso
36;650398187;TJPE69683202109221632349676279;6d83e3f1ca09fd2bfaec0f760e74ba711e9a435c6975eef16fe6b5d01fb64d23;7;1632349676293;;0;0;0;TJPE;G1;;2021/TJPE/09/G1/TJPE69683202109221632349676279;False;2021-09-22 19:27:56.293;Erro no arquivo
37;650398183;TJPE51935202109221632349674013;4db0e696be359f018b2c361d48872fe1bfa960581ceeb3372725e1a9f13728e9;3;1632349674024;;100;100;0;TJPE;G1;1357706.0;2021/TJPE/09/G1/TJPE51935202109221632349674013;False;2021-09-22 19:27:54.024;Processado com sucesso
38;650398167;TJPE11695202109221632349668023;e163d0ab3b0c04ade07b5819b99667ca300734fe91bd946d4c8242f1b26ae73a;7;1632349668040;;0;0;0;TJPE;G1;;2021/TJPE/09/G1/TJPE11695202109221632349668023;False;2021-09-22 19:27:48.040;Erro no arquivo
39;650398158;TJPE38329202109221632349663210;c11b3b364ee58e4f8e0d6ccceb5131b52f047a242538f511b6c489d12519d649;7;1632349663219;;0;0;0;TJPE;G1;;2021/TJPE/09/G1/TJPE38329202109221632349663210;False;2021-09-22 19:27:43.219;Erro no arquivo
0;650398147;TJPE48219202109221632349656725;6104f4058f9bab42c839072ce46699b1c97dd7942dc226a1cc6c953c0adf9e64;7;1632349656742;;0;0;0;TJPE;G1;;2021/TJPE/09/G1/TJPE48219202109221632349656725;False;2021-09-22 19:27:36.742;Erro no arquivo
1;650398136;TJPE50674202109221632349648476;224d4ad842741238e92c0aa96c5957fa752307d0f62ce03553946e9b642a1e1b;7;1632349648488;;0;0;0;TJPE;G1;;2021/TJPE/09/G1/TJPE50674202109221632349648476;False;2021-09-22 19:27:28.488;Erro no arquivo
2;650398127;TJPE54330202109221632349644095;fd04a5dc19e2d97f28ef22528d08b68973bf686604abbdcb47fb28fb7271c55d;7;1632349644108;;0;0;0;TJPE;G1;;2021/TJPE/09/G1/TJPE54330202109221632349644095;False;2021-09-22 19:27:24.108;Erro no arquivo
3;650398120;TJPE33520202109221632349640947;d8ca2987b67dc5c3251e3e69f2022f878f09c34e00c361ad20239d3e457808d9;7;1632349640954;;0;0;0;TJPE;G1;;2021/TJPE/09/G1/TJPE33520202109221632349640947;False;2021-09-22 19:27:20.954;Erro no arquivo
4;650398109;TJPE76971202109221632349635870;77ae91453caf64c025e5dbef344ef5c0e716fdcab1ca88b6a6f394c8fa03dcda;3;1632349635880;;100;100;0;TJPE;G1;1367184.0;2021/TJPE/09/G1/TJPE76971202109221632349635870;False;2021-09-22 19:27:15.880;Processado com sucesso
5;650398098;TJPE80426202109221632349629656;38fb11a67b65978574c5841877b9b34ce595021a46d13b74c5de4cdbbdbbee04;7;1632349629664;;0;0;0;TJPE;G1;;2021/TJPE/09/G1/TJPE80426202109221632349629656;False;2021-09-22 19:27:09.664;Erro no arquivo
6;650398085;TJPE62502202109221632349624577;2315b0eda04943fa78f7f6730c9c4fde02c6ee76e33e1df7d907d73ed7b7fc45;7;1632349624586;;0;0;0;TJPE;G1;;2021/TJPE/09/G1/TJPE62502202109221632349624577;False;2021-09-22 19:27:04.586;Erro no arquivo
7;650398079;TJPE22464202109221632349621532;95dd50616b0a7eecafb7f455a33af8602a0463bff5b3bbb3a0500de059c420f4;3;1632349621539;;100;100;0;TJPE;JE;1030639.0;2021/TJPE/09/JE/TJPE22464202109221632349621532;False;2021-09-22 19:27:01.539;Processado com sucesso
8;650398069;TJPE41493202109221632349616893;dd151ef47ca4bde22f502a6c85634746dd810fb11853f82fd6b11d1c1f0d317d;7;1632349616930;;0;0;0;TJPE;G1;;2021/TJPE/09/G1/TJPE41493202109221632349616893;False;2021-09-22 19:26:56.930;Erro no arquivo
9;650398058;TJPE47506202109221632349610957;3ca2a672742dbdb45f99c85bf1520cfc1817ce7aabca32b9d93e9f44e1f53188;7;1632349610965;;0;0;0;TJPE;G1;;2021/TJPE/09/G1/TJPE47506202109221632349610957;False;2021-09-22 19:26:50.965;Erro no arquivo
10;650398050;TJPE52521202109221632349607644;344455fcb8a15439c1f17db6b014f2b2b4d132d4ba75cfa3bdac21022ec6c4c6;7;1632349607654;;0;0;0;TJPE;G1;;2021/TJPE/09/G1/TJPE52521202109221632349607644;False;2021-09-22 19:26:47.654;Erro no arquivo
11;650398047;TJPE53669202109221632349605529;b2e576baca67be9bc0353e606327aea5ef249c91bf2a2cea56309551b77d3e4d;7;1632349605539;;0;0;0;TJPE;G1;;2021/TJPE/09/G1/TJPE53669202109221632349605529;False;2021-09-22 19:26:45.539;Erro no arquivo
12;650398042;TJPE19896202109221632349602431;8a9fdc5710f94e7b2db687b8d5696d58a9db8f9ba8b17aafb98e129cba900875;7;1632349602440;;0;0;0;TJPE;G1;;2021/TJPE/09/G1/TJPE19896202109221632349602431;False;2021-09-22 19:26:42.440;Erro no arquivo
13;650398034;TJPE52077202109221632349600303;f671713918552aaa8559bb39fc6eb7cf069eb72f745e4bae1eed16efa23f59b0;7;1632349600313;;0;0;0;TJPE;G1;;2021/TJPE/09/G1/TJPE52077202109221632349600303;False;2021-09-22 19:26:40.313;Erro no arquivo
14;650398028;TJPE67944202109221632349598025;ceb26c8e3b9af39a110a80f2c345d65b9325748cde4240d5d363c348dc23e08f;3;1632349598033;;100;100;0;TJPE;JE;1060483.0;2021/TJPE/09/JE/TJPE67944202109221632349598025;False;2021-09-22 19:26:38.033;Processado com sucesso
15;650398023;TJPE90995202109221632349596065;429a7d6c550e978300e8c2cbcc629804a3c6244bc4e141bcba4bd469eac4dc51;7;1632349596074;;0;0;0;TJPE;G1;;2021/TJPE/09/G1/TJPE90995202109221632349596065;False;2021-09-22 19:26:36.074;Erro no arquivo
16;650398018;TJPE33579202109221632349594121;cc47034becc06ae67616b92b48d61b6b6c553f5e09780dfba1214b7d319e4570;7;1632349594129;;0;0;0;TJPE;G1;;2021/TJPE/09/G1/TJPE33579202109221632349594121;False;2021-09-22 19:26:34.129;Erro no arquivo
17;650398014;TJPE63040202109221632349591437;bf9a7e2de9b896961791d7cf615bd27703334087ca4618168a97ba485a89747e;7;1632349591449;;0;0;0;TJPE;G1;;2021/TJPE/09/G1/TJPE63040202109221632349591437;False;2021-09-22 19:26:31.449;Erro no arquivo
18;650398010;TJPE88039202109221632349589068;4e48ee26916dc8241bdbd60d1b216c02ef3e45c04374e7d80dd1d577d2bfc44b;7;1632349589079;;0;0;0;TJPE;G1;;2021/TJPE/09/G1/TJPE88039202109221632349589068;False;2021-09-22 19:26:29.079;Erro no arquivo
19;650398005;TJPE83890202109221632349586968;7c1b2fdbe43671bcbc8d8f5061666870f0316e76b3ea92e3d091a4a0ae8a7bfb;7;1632349586981;;0;0;0;TJPE;G1;;2021/TJPE/09/G1/TJPE83890202109221632349586968;False;2021-09-22 19:26:26.981;Erro no arquivo
20;650398001;TJPE72917202109221632349585053;4c1d8670c1e96edbe8785c9002fe10f6cd699945eb44c8859ab59b3ed794a8d5;3;1632349585064;;100;100;0;TJPE;JE;1229837.0;2021/TJPE/09/JE/TJPE72917202109221632349585053;False;2021-09-22 19:26:25.064;Processado com sucesso
21;650397992;TJPE22876202109221632349583103;3786c74b446aa7c3ea15731c6cc2dff5ad4005142918f6e56ec5253663f9f702;7;1632349583109;;0;0;0;TJPE;G1;;2021/TJPE/09/G1/TJPE22876202109221632349583103;False;2021-09-22 19:26:23.109;Erro no arquivo
22;650397990;TJPE50517202109221632349581376;dfeed8bc6a162bbae2d00785edbabc07b9383cfa3e87bab256fd2e8b61623511;7;1632349581399;;0;0;0;TJPE;G1;;2021/TJPE/09/G1/TJPE50517202109221632349581376;False;2021-09-22 19:26:21.399;Erro no arquivo
23;650397986;TJPE92867202109221632349579086;08af9841129c13ddfa393d4314bcb7e141ba26ebda11e2c0b6561f213c0acf2b;7;1632349579108;;0;0;0;TJPE;G1;;2021/TJPE/09/G1/TJPE92867202109221632349579086;False;2021-09-22 19:26:19.108;Erro no arquivo
24;650397982;TJPE44804202109221632349576981;adef8c6bbf4e2f08f10f431c58e16c8f12954be2218688e0b1f73d795b778e41;7;1632349576990;;0;0;0;TJPE;G1;;2021/TJPE/09/G1/TJPE44804202109221632349576981;False;2021-09-22 19:26:16.990;Erro no arquivo
25;650397977;TJPE14388202109221632349574979;e8f945e431812bac4c445113ccb18adc12c15258deba8008976a226656fa5119;7;1632349574989;;0;0;0;TJPE;JE;;2021/TJPE/09/JE/TJPE14388202109221632349574979;False;2021-09-22 19:26:14.989;Erro no arquivo
26;650397974;TJPE33297202109221632349573114;372134ba0a0a1ee1ed9ea758d87f4e257f950a57a11c7bbac8848fb71988c5b4;3;1632349573124;;100;100;0;TJPE;JE;1211568.0;2021/TJPE/09/JE/TJPE33297202109221632349573114;False;2021-09-22 19:26:13.124;Processado com sucesso
27;650397971;TJPE40498202109221632349570718;c7bb7557a7191b579ca274112e57e756a451c7ee20717503bc513c61c7652692;7;1632349570730;;0;0;0;TJPE;G1;;2021/TJPE/09/G1/TJPE40498202109221632349570718;False;2021-09-22 19:26:10.730;Erro no arquivo
28;650397967;TJPE77427202109221632349568645;4dd15e1eae0cd76cc722e69f34b856f16da8d04624257f0e99c253f9c0b92c73;7;1632349568665;;0;0;0;TJPE;G1;;2021/TJPE/09/G1/TJPE77427202109221632349568645;False;2021-09-22 19:26:08.665;Erro no arquivo
29;650397962;TJPE52457202109221632349566283;ec9a95fbd1a88cfbe5c9d90b1d33279f170facddf048e4e0b3b2f2e4a813dec7;7;1632349566292;;0;0;0;TJPE;G1;;2021/TJPE/09/G1/TJPE52457202109221632349566283;False;2021-09-22 19:26:06.292;Erro no arquivo
30;650397958;TJPE99827202109221632349564211;6b158c1514b3c48e745c49cc063e01314248b6150ff4ae5d5fa6d3f25863e44f;7;1632349564220;;0;0;0;TJPE;G1;;2021/TJPE/09/G1/TJPE99827202109221632349564211;False;2021-09-22 19:26:04.220;Erro no arquivo
31;650397954;TJPE75281202109221632349562068;7c39b46d8483167606544ac0a5afe99d804b30b748e7695751d6c32a80b3276d;7;1632349562076;;0;0;0;TJPE;G1;;2021/TJPE/09/G1/TJPE75281202109221632349562068;False;2021-09-22 19:26:02.076;Erro no arquivo
32;650397949;TJPE35184202109221632349560276;2213b106dfa1f55af85a5db0d5ef3daffcf1db21b83907dc687d6db828a6b2bd;7;1632349560285;;0;0;0;TJPE;G1;;2021/TJPE/09/G1/TJPE35184202109221632349560276;False;2021-09-22 19:26:00.285;Erro no arquivo
33;650397946;TJPE81742202109221632349558288;bcf3ad8026bf71a2789c273bad92211e7ce6dc2f924226ef65b43463e60c6709;3;1632349558308;;100;100;0;TJPE;JE;1113026.0;2021/TJPE/09/JE/TJPE81742202109221632349558288;False;2021-09-22 19:25:58.308;Processado com sucesso
34;650397941;TJPE53919202109221632349556162;795ac0dd6ecf21047f42c8e7ca6b055a8dc99da2c8db26b2e5abe2b6eaeea93d;7;1632349556168;;0;0;0;TJPE;G1;;2021/TJPE/09/G1/TJPE53919202109221632349556162;False;2021-09-22 19:25:56.168;Erro no arquivo
35;650397937;TJPE89401202109221632349554573;024cfa20edaa24a8c5debebbd285d8283072ea7f8ccee6e3a91aaf7193b5ea4c;7;1632349554583;;0;0;0;TJPE;G1;;2021/TJPE/09/G1/TJPE89401202109221632349554573;False;2021-09-22 19:25:54.583;Erro no arquivo
36;650397930;TJPE23690202109221632349552449;cb741e096a9c967aff3caba3c9dfc3f721bd6b8edf5891e320081f12b9dc0cd3;7;1632349552456;;0;0;0;TJPE;G1;;2021/TJPE/09/G1/TJPE23690202109221632349552449;False;2021-09-22 19:25:52.456;Erro no arquivo
37;650397927;TJPE15843202109221632349550601;57f79f5759428c72da59b86f9a6d3cc340add34284c8ac9f5f1a3453a7241181;7;1632349550609;;0;0;0;TJPE;G1;;2021/TJPE/09/G1/TJPE15843202109221632349550601;False;2021-09-22 19:25:50.609;Erro no arquivo
38;650397922;TJPE84331202109221632349548646;a6ced3b3ecade0ffaad77f2170bd8e555441eeb7a1587e38fa962e01ca5143cd;7;1632349548659;;0;0;0;TJPE;G1;;2021/TJPE/09/G1/TJPE84331202109221632349548646;False;2021-09-22 19:25:48.659;Erro no arquivo
39;650397916;TJPE16442202109221632349546395;99aba0a7343125737beda371a27ad0aebe73616d89859a8696af3216af3306b1;7;1632349546422;;0;0;0;TJPE;G1;;2021/TJPE/09/G1/TJPE16442202109221632349546395;False;2021-09-22 19:25:46.422;Erro no arquivo
0;650397908;TJPE64314202109221632349544125;d21b69c171378694a9f9232489a85cd609dd1cdbbc2f14074f4adc369cfebb88;7;1632349544130;;0;0;0;TJPE;G1;;2021/TJPE/09/G1/TJPE64314202109221632349544125;False;2021-09-22 19:25:44.130;Erro no arquivo
1;650397905;TJPE88759202109221632349542607;4dcec08ed191197005fa8ac6530c5f21fac97616cea6e6bbca1040485ba0d91d;7;1632349542634;;0;0;0;TJPE;G1;;2021/TJPE/09/G1/TJPE88759202109221632349542607;False;2021-09-22 19:25:42.634;Erro no arquivo
2;650397900;TJPE16559202109221632349540430;164058ae6318fb6c3cc7a8e18724730dc06d7ce9cbb81069a1b0e9ab367118bb;3;1632349540435;;86;86;0;TJPE;G1;603173.0;2021/TJPE/09/G1/TJPE16559202109221632349540430;False;2021-09-22 19:25:40.435;Processado com sucesso
3;650397897;TJPE31297202109221632349538954;a5cfee1ae71be70d996835560439413e0df69d83f53a8fc4b27d6fc15035ec5e;7;1632349538961;;0;0;0;TJPE;G1;;2021/TJPE/09/G1/TJPE31297202109221632349538954;False;2021-09-22 19:25:38.961;Erro no arquivo
4;650397893;TJPE22417202109221632349537254;3fdd465702d96f0e0c82a7dd9630db62ce11ec9ccade6889d94abe38bf8da5c2;7;1632349537267;;0;0;0;TJPE;G1;;2021/TJPE/09/G1/TJPE22417202109221632349537254;False;2021-09-22 19:25:37.267;Erro no arquivo
5;650397889;TJPE44201202109221632349535410;e51fe26c62ea90288d8903b7f31096ebffe9645be30449436fd1b138ef27cb1a;7;1632349535419;;0;0;0;TJPE;G1;;2021/TJPE/09/G1/TJPE44201202109221632349535410;False;2021-09-22 19:25:35.419;Erro no arquivo
6;650397885;TJPE76561202109221632349533319;0545156808b6b96d2b35b639e48c5dffb564ec4a52e4dfcec8664c5d7964f7c9;7;1632349533329;;0;0;0;TJPE;G1;;2021/TJPE/09/G1/TJPE76561202109221632349533319;False;2021-09-22 19:25:33.329;Erro no arquivo
7;650397882;TJPE74314202109221632349532000;cbf305dcff72d1f81c9c443d94d25eb12da8bd4c0b46c9870ec15553eda5fa53;7;1632349532008;;0;0;0;TJPE;G1;;2021/TJPE/09/G1/TJPE74314202109221632349532000;False;2021-09-22 19:25:32.008;Erro no arquivo
8;650397878;TJPE42888202109221632349530268;e36ca5a9b648cf4d3b4aedd65dcac1b0818c1c9996fb0556177f7ddc41ab6c46;7;1632349530277;;0;0;0;TJPE;G1;;2021/TJPE/09/G1/TJPE42888202109221632349530268;False;2021-09-22 19:25:30.277;Erro no arquivo
9;650397873;TJPE69933202109221632349527985;e8031f6e3069ab06eb4254836371151480e444fb24b7cd049ddbf0448c1498a5;3;1632349527993;;100;100;0;TJPE;JE;1109134.0;2021/TJPE/09/JE/TJPE69933202109221632349527985;False;2021-09-22 19:25:27.993;Processado com sucesso
10;650397867;TJPE38058202109221632349526127;5a0956460d383c516a6a84bdc8340d258ac8873099c192a94f53737b1c0de390;7;1632349526137;;0;0;0;TJPE;G1;;2021/TJPE/09/G1/TJPE38058202109221632349526127;False;2021-09-22 19:25:26.137;Erro no arquivo
11;650397863;TJPE16397202109221632349524147;fd2a5dd39091c0d9f43a5214aaf388e4dd9e8ac06332a6a84b454f4997bcb948;7;1632349524156;;0;0;0;TJPE;G1;;2021/TJPE/09/G1/TJPE16397202109221632349524147;False;2021-09-22 19:25:24.156;Erro no arquivo
12;650397859;TJPE15335202109221632349522169;ab7cfebe8cb1c3285ac854b335ab47620dd9c5b5ca45b5c603c1661bc90c9100;7;1632349522192;;0;0;0;TJPE;G1;;2021/TJPE/09/G1/TJPE15335202109221632349522169;False;2021-09-22 19:25:22.192;Erro no arquivo
13;650397852;TJPE88394202109221632349519430;a7628b46330eba431a14432fabe86e39bc5fa6a5e9e10e095904117fbe744c68;3;1632349519448;;99;99;0;TJPE;G1;876506.0;2021/TJPE/09/G1/TJPE88394202109221632349519430;False;2021-09-22 19:25:19.448;Processado com sucesso
14;650397849;TJPE14143202109221632349517815;b030e07dfbc938b375d7e5f78e56ad61735df57d91145bcc163a4d430b2e1685;7;1632349517828;;0;0;0;TJPE;G1;;2021/TJPE/09/G1/TJPE14143202109221632349517815;False;2021-09-22 19:25:17.828;Erro no arquivo
15;650397846;TJPE95696202109221632349515698;2884829660d7144d19e0611e3195410dafeaf7410f1d40085b2607464d50fdd7;7;1632349515709;;0;0;0;TJPE;G1;;2021/TJPE/09/G1/TJPE95696202109221632349515698;False;2021-09-22 19:25:15.709;Erro no arquivo
16;650397841;TJPE44809202109221632349513389;c223a9a1d955fdf34a9c62b701ffd11187ae701f5c1a682d76b506e96eb4c756;7;1632349513396;;0;0;0;TJPE;G1;;2021/TJPE/09/G1/TJPE44809202109221632349513389;False;2021-09-22 19:25:13.396;Erro no arquivo
17;650397837;TJPE21194202109221632349511677;73bd0a97d77805fdd869c47200a1ba8fadd64771a68793b1ef912c55ab914403;7;1632349511684;;0;0;0;TJPE;G1;;2021/TJPE/09/G1/TJPE21194202109221632349511677;False;2021-09-22 19:25:11.684;Erro no arquivo
18;650397832;TJPE94309202109221632349510005;489f61562620a680661c48836a175d0d9cb643c2c3f6b49cc019d6422f2992d3;7;1632349510027;;0;0;0;TJPE;G1;;2021/TJPE/09/G1/TJPE94309202109221632349510005;False;2021-09-22 19:25:10.027;Erro no arquivo
19;650397825;TJPE76676202109221632349507879;974850c05f9677c7ca2293681712f82643ced1b8b4412d091a321297b1f61ad9;7;1632349507889;;0;0;0;TJPE;G1;;2021/TJPE/09/G1/TJPE76676202109221632349507879;False;2021-09-22 19:25:07.889;Erro no arquivo
20;650397816;TJPE13648202109221632349506146;cce51acacefe22416a1464d4c8baf564f840eadf11710fe09ef27e5576c56846;3;1632349506167;;100;100;0;TJPE;JE;1077710.0;2021/TJPE/09/JE/TJPE13648202109221632349506146;False;2021-09-22 19:25:06.167;Processado com sucesso
21;650397812;TJPE51174202109221632349503797;1c6b600f6f70f81324b8546033206c0ad3972609bb70c496744add5308101c2e;7;1632349503810;;0;0;0;TJPE;G1;;2021/TJPE/09/G1/TJPE51174202109221632349503797;False;2021-09-22 19:25:03.810;Erro no arquivo
22;650397807;TJPE73197202109221632349501993;99ff735e0d26c2dd2e54b55dca59586fdf2bf0d795ce6094555190c28343c744;3;1632349502001;;100;100;0;TJPE;JE;1115132.0;2021/TJPE/09/JE/TJPE73197202109221632349501993;False;2021-09-22 19:25:02.001;Processado com sucesso
23;650397803;TJPE94245202109221632349499905;afe912bb6d5a563cb075dc6c4488f9f411c0b7ffa4b6b685aa894ddf5b30a1a7;7;1632349499914;;0;0;0;TJPE;G1;;2021/TJPE/09/G1/TJPE94245202109221632349499905;False;2021-09-22 19:24:59.914;Erro no arquivo
24;650397799;TJPE91781202109221632349498126;4483a2282f6f033d237812041c8b57bef2131a6e47d46ae7eece8d4d266d455f;7;1632349498134;;0;0;0;TJPE;G1;;2021/TJPE/09/G1/TJPE91781202109221632349498126;False;2021-09-22 19:24:58.134;Erro no arquivo
25;650397796;TJPE95140202109221632349496502;e090a51fd32bf20f19b9e19db68abc344f9a7ff1f89cd2980cb8403478d24223;7;1632349496516;;0;0;0;TJPE;G1;;2021/TJPE/09/G1/TJPE95140202109221632349496502;False;2021-09-22 19:24:56.516;Erro no arquivo
26;650397790;TJPE79765202109221632349494426;7c9d8aa3a82557015b25b732278329703f9d61287f06e914f06ce3f7e21021ad;7;1632349494435;;0;0;0;TJPE;G1;;2021/TJPE/09/G1/TJPE79765202109221632349494426;False;2021-09-22 19:24:54.435;Erro no arquivo
27;650397784;TJPE57652202109221632349492444;132064843e369d6c93264276058d6e0590a6f1fa76c9f9e4c97c6753f0fb437f;7;1632349492453;;0;0;0;TJPE;G1;;2021/TJPE/09/G1/TJPE57652202109221632349492444;False;2021-09-22 19:24:52.453;Erro no arquivo
28;650397778;TJPE48422202109221632349490194;3945068524e11d5f598d7c2db87a2042f5444ef323b9d206f6e01c00275736fe;7;1632349490205;;0;0;0;TJPE;G1;;2021/TJPE/09/G1/TJPE48422202109221632349490194;False;2021-09-22 19:24:50.205;Erro no arquivo
29;650397770;TJPE26591202109221632349488436;bc3e14f7ef358644d782ad9fd20dc847a1661e308a11de238a0d8b12390c45c9;7;1632349488449;;0;0;0;TJPE;G1;;2021/TJPE/09/G1/TJPE26591202109221632349488436;False;2021-09-22 19:24:48.449;Erro no arquivo
30;650397766;TJPE51529202109221632349486346;de88bd261130005185a472a1969f48039c91a69c6e3243732261067b44e2c033;3;1632349486359;;100;100;0;TJPE;JE;1109804.0;2021/TJPE/09/JE/TJPE51529202109221632349486346;False;2021-09-22 19:24:46.359;Processado com sucesso
31;650397763;TJPE94781202109221632349484377;17fc4d4260f328a54124711331cfe9bcff1b4e71b953454d3218c2ba2b960888;7;1632349484386;;0;0;0;TJPE;G1;;2021/TJPE/09/G1/TJPE94781202109221632349484377;False;2021-09-22 19:24:44.386;Erro no arquivo
32;650397726;TJPE86316202109221632349466766;c88dd3c8ac25cc4df10f94076ae7ea268d6ef91f0d12b9cd4532e93ac307b6bc;7;1632349466779;;0;0;0;TJPE;G1;;2021/TJPE/09/G1/TJPE86316202109221632349466766;False;2021-09-22 19:24:26.779;Erro no arquivo
33;650397718;TJPE94418202109221632349464646;9a271a42800d8ba697281b987a297e48dc18eb76204a99d10ae488791b5d3cef;7;1632349464661;;0;0;0;TJPE;G1;;2021/TJPE/09/G1/TJPE94418202109221632349464646;False;2021-09-22 19:24:24.661;Erro no arquivo
34;650397711;TJPE14747202109221632349462374;1e84bfe4468f5b7c4e783786326a3fee6da2dd7c5be673d871cf1853b7448389;7;1632349462382;;0;0;0;TJPE;G1;;2021/TJPE/09/G1/TJPE14747202109221632349462374;False;2021-09-22 19:24:22.382;Erro no arquivo
35;650397707;TJPE82002202109221632349460352;e957bd13a6763967f71e9306af4fd4a4484371c3ad68f3335f923ce5ed604c98;3;1632349460362;;100;100;0;TJPE;JE;1281297.0;2021/TJPE/09/JE/TJPE82002202109221632349460352;False;2021-09-22 19:24:20.362;Processado com sucesso
36;650397702;TJPE24635202109221632349458238;619dde5de7a3362e8a98a9ec136b54c379974f72d7c9022e6a4ffd29c35ddc7c;7;1632349458251;;0;0;0;TJPE;G1;;2021/TJPE/09/G1/TJPE24635202109221632349458238;False;2021-09-22 19:24:18.251;Erro no arquivo
37;650397695;TJPE54325202109221632349455834;181d449601ed0f0b32fee83fa2ace9d35b85165dd16ee178ff42fd79db68bca6;7;1632349455843;;0;0;0;TJPE;G1;;2021/TJPE/09/G1/TJPE54325202109221632349455834;False;2021-09-22 19:24:15.843;Erro no arquivo
38;650397687;TJPE17559202109221632349453624;f9fad76dda5eb93351f433b6641ece6224b0694c9a602d161b38c281e70d7557;7;1632349453633;;0;0;0;TJPE;G1;;2021/TJPE/09/G1/TJPE17559202109221632349453624;False;2021-09-22 19:24:13.633;Erro no arquivo
39;650397672;TJPE31557202109221632349449083;76c0bb011be881e0884b26658ae1cb8bb91a036a8854934cf1aa8e813f4578cc;7;1632349449091;;0;0;0;TJPE;G1;;2021/TJPE/09/G1/TJPE31557202109221632349449083;False;2021-09-22 19:24:09.091;Erro no arquivo
0;650397665;TJPE44166202109221632349444756;8a89994e45bff77c5a165f5dc56998eb30e228ea97e3d6d72ef75aa613d78e40;7;1632349444781;;0;0;0;TJPE;G1;;2021/TJPE/09/G1/TJPE44166202109221632349444756;False;2021-09-22 19:24:04.781;Erro no arquivo
1;650397652;TJPE29810202109221632349438618;1f797971e0ce02857220126396d25b52d57c06a3502422cad3c09acc7cc01263;7;1632349438625;;0;0;0;TJPE;G1;;2021/TJPE/09/G1/TJPE29810202109221632349438618;False;2021-09-22 19:23:58.625;Erro no arquivo
2;650397648;TJPE27711202109221632349435083;abe9dacb4a5f30b6ad823d943fd0cd405be56e2245b9eac3081af70839dfab0f;7;1632349435092;;0;0;0;TJPE;G1;;2021/TJPE/09/G1/TJPE27711202109221632349435083;False;2021-09-22 19:23:55.092;Erro no arquivo
3;650397641;TJPE74166202109221632349430738;d0c43cf5404e4e619960d28ae8e51ae8e596290e3eeb1a415355056e084b2e02;7;1632349430755;;0;0;0;TJPE;G1;;2021/TJPE/09/G1/TJPE74166202109221632349430738;False;2021-09-22 19:23:50.755;Erro no arquivo
4;650397630;TJPE37329202109221632349425187;22fd2d2fca0290ce4f9a1238b4f721d73f0c629e442abc9478852335d0a25e2c;7;1632349425200;;0;0;0;TJPE;G1;;2021/TJPE/09/G1/TJPE37329202109221632349425187;False;2021-09-22 19:23:45.200;Erro no arquivo
5;650397624;TJPE83456202109221632349421683;95debed4d09ab2e05bf6822be0965b1a70a84868d6bbcf274aa3a2263a23c165;7;1632349421692;;0;0;0;TJPE;G1;;2021/TJPE/09/G1/TJPE83456202109221632349421683;False;2021-09-22 19:23:41.692;Erro no arquivo
6;650397619;TJPE18695202109221632349419354;ea9423f3134b34a25494a72de06024abbf8d85c00f0bf9108531d6670a96a2a5;7;1632349419365;;0;0;0;TJPE;G1;;2021/TJPE/09/G1/TJPE18695202109221632349419354;False;2021-09-22 19:23:39.365;Erro no arquivo
7;650397610;TJPE62044202109221632349414430;377928f0ccb5a402d9ec2c11966721255d4ea148940ad7ce62b67d6e392814c0;7;1632349414450;;0;0;0;TJPE;G1;;2021/TJPE/09/G1/TJPE62044202109221632349414430;False;2021-09-22 19:23:34.450;Erro no arquivo
8;650397603;TJPE39696202109221632349410337;b5fa356ae842502cf88e9bc1b31d9f67619326304c7f1b83fb00e1ffbb0fddf1;7;1632349410350;;0;0;0;TJPE;G1;;2021/TJPE/09/G1/TJPE39696202109221632349410337;False;2021-09-22 19:23:30.350;Erro no arquivo
9;650397591;TJPE58961202109221632349404378;790193797afc98f256f36b8b3a3d2c39f24f9dd19d0deef3e162b5cd886b4c35;7;1632349404392;;0;0;0;TJPE;G1;;2021/TJPE/09/G1/TJPE58961202109221632349404378;False;2021-09-22 19:23:24.392;Erro no arquivo
10;650397575;TJPE44975202109221632349401313;475cc3c18fa5f26790e333ab7a96a98c277bcad9b7d3652dbdd71a4a42c74cad;7;1632349401318;;0;0;0;TJPE;G1;;2021/TJPE/09/G1/TJPE44975202109221632349401313;False;2021-09-22 19:23:21.318;Erro no arquivo
11;650397566;TJPE16686202109221632349398128;280ceeed9166916836e2ed3d00f5cc0394368a5bacb0d0fce477a28dc28dcdb0;7;1632349398137;;0;0;0;TJPE;G1;;2021/TJPE/09/G1/TJPE16686202109221632349398128;False;2021-09-22 19:23:18.137;Erro no arquivo
12;650397556;TJPE36953202109221632349394384;2cdd79464ad0bb99de9302242f54d6273d193fe8ed4095010572b12025840cc7;7;1632349394397;;0;0;0;TJPE;G1;;2021/TJPE/09/G1/TJPE36953202109221632349394384;False;2021-09-22 19:23:14.397;Erro no arquivo
13;650397548;TJPE29058202109221632349389400;f3e359df518a9c2c795b4c81ae42cc0718f8274ef803f3ad423cc81d51d3683d;7;1632349389410;;0;0;0;TJPE;G1;;2021/TJPE/09/G1/TJPE29058202109221632349389400;False;2021-09-22 19:23:09.410;Erro no arquivo
14;650397541;TJPE68204202109221632349387105;3f744f528baa5805e6784de4f32fb52e71f54c93a538ca0ef244c62269486b5b;7;1632349387118;;0;0;0;TJPE;G1;;2021/TJPE/09/G1/TJPE68204202109221632349387105;False;2021-09-22 19:23:07.118;Erro no arquivo
15;650397532;TJPE62365202109221632349384893;9559cb3c4f9182e82f805caa993baf4f8476e55676b7b273b7dffaf78ab56055;7;1632349384899;;0;0;0;TJPE;G1;;2021/TJPE/09/G1/TJPE62365202109221632349384893;False;2021-09-22 19:23:04.899;Erro no arquivo
16;650397528;TJPE75521202109221632349383292;ba5966e9ff0b335a886b567c05751c708605a238487d43296066ce51b6464441;7;1632349383299;;0;0;0;TJPE;G1;;2021/TJPE/09/G1/TJPE75521202109221632349383292;False;2021-09-22 19:23:03.299;Erro no arquivo
17;650397519;TJPE79412202109221632349381486;5aef90a6f1156528acda2c55963a89c7b48897fe8acf7f4050aaeb868dab80f0;7;1632349381502;;0;0;0;TJPE;G1;;2021/TJPE/09/G1/TJPE79412202109221632349381486;False;2021-09-22 19:23:01.502;Erro no arquivo
18;650397512;TJPE43095202109221632349379520;d75e635a577d35f9080b6551460f3666313ad58923608e53de07ab540b2dca21;7;1632349379529;;0;0;0;TJPE;G1;;2021/TJPE/09/G1/TJPE43095202109221632349379520;False;2021-09-22 19:22:59.529;Erro no arquivo
19;650397507;TJPE16648202109221632349377531;883dc7764e35829b7f9ea36a5a44d8e5e266d21083b07140d15e48661a4b45d2;7;1632349377545;;0;0;0;TJPE;G1;;2021/TJPE/09/G1/TJPE16648202109221632349377531;False;2021-09-22 19:22:57.545;Erro no arquivo
20;650397501;TJPE51023202109221632349375301;d33783d8557e47153b2cc69d88687bf939509e0b0e7e1a70fdde5e981fbe9a13;7;1632349375323;;0;0;0;TJPE;G1;;2021/TJPE/09/G1/TJPE51023202109221632349375301;False;2021-09-22 19:22:55.323;Erro no arquivo
21;650397495;TJPE66232202109221632349373120;461709744a4a54f9a7406bef7686dbf0c5fbe0ca9fe88c63c75cd73543b42919;7;1632349373128;;0;0;0;TJPE;G1;;2021/TJPE/09/G1/TJPE66232202109221632349373120;False;2021-09-22 19:22:53.128;Erro no arquivo
22;650397488;TJPE12694202109221632349371112;f92a64ff2ba3027209def69c50c68a2fb3a36511dcdbace9875ddac17ce3e762;7;1632349371120;;0;0;0;TJPE;G1;;2021/TJPE/09/G1/TJPE12694202109221632349371112;False;2021-09-22 19:22:51.120;Erro no arquivo
23;650397486;TJPE48811202109221632349369111;7f6406b184a78b7e6be98d9adba355711f265f96764d87ae40191a3c2016ad60;7;1632349369122;;0;0;0;TJPE;G1;;2021/TJPE/09/G1/TJPE48811202109221632349369111;False;2021-09-22 19:22:49.122;Erro no arquivo
24;650397481;TJPE16073202109221632349366915;09821ef8298271b85065b6fd54388e928dcb3d8897f9b38a6ba877c4474ef647;7;1632349366920;;0;0;0;TJPE;G1;;2021/TJPE/09/G1/TJPE16073202109221632349366915;False;2021-09-22 19:22:46.920;Erro no arquivo
25;650397477;TJPE18183202109221632349365422;f7370b708a2fa5a383d8612410f349807571117994ab51c3bce34420e3e35da9;7;1632349365439;;0;0;0;TJPE;G1;;2021/TJPE/09/G1/TJPE18183202109221632349365422;False;2021-09-22 19:22:45.439;Erro no arquivo
26;650397471;TJPE53547202109221632349363121;3ce567165c37f36b59ea99bb5f866591852a10cb4ffc97fb5c0dc7a2757653f1;7;1632349363126;;0;0;0;TJPE;G1;;2021/TJPE/09/G1/TJPE53547202109221632349363121;False;2021-09-22 19:22:43.126;Erro no arquivo
27;650397464;TJPE87831202109221632349361573;84c622154214c0ef81985c34a7f43fb21483feb948a1f6a458baa2373c359132;7;1632349361592;;0;0;0;TJPE;G1;;2021/TJPE/09/G1/TJPE87831202109221632349361573;False;2021-09-22 19:22:41.592;Erro no arquivo
28;650397462;TJPE29919202109221632349359658;2d7d776306bf953b6b4368ad6a7b105ee981d568d76b1a14acd1eadd63090461;3;1632349359667;;100;100;0;TJPE;JE;1186585.0;2021/TJPE/09/JE/TJPE29919202109221632349359658;False;2021-09-22 19:22:39.667;Processado com sucesso
29;650397456;TJPE24835202109221632349357382;5bbfe02679f48c780d39ec7bdd586a365f71e6d31f3f94da0a50844deceb4792;7;1632349357395;;0;0;0;TJPE;G1;;2021/TJPE/09/G1/TJPE24835202109221632349357382;False;2021-09-22 19:22:37.395;Erro no arquivo
30;650397450;TJPE73852202109221632349355270;4628e6d1e2dadc20b7a4f4ddc7e2f356a4c0bcc585f26ab32457e1dac507ee68;7;1632349355292;;0;0;0;TJPE;G1;;2021/TJPE/09/G1/TJPE73852202109221632349355270;False;2021-09-22 19:22:35.292;Erro no arquivo
31;650397448;TJPE75052202109221632349353350;add9da16e29f33119c1c4f9d7050caf5ecc93770085850da1a36e18a6ecba897;7;1632349353363;;0;0;0;TJPE;G1;;2021/TJPE/09/G1/TJPE75052202109221632349353350;False;2021-09-22 19:22:33.363;Erro no arquivo
32;650397443;TJPE51921202109221632349351048;cd958689d5b9fbfef75bf041c73f65d709537420ded6e9ae3569a168c2397ff0;7;1632349351055;;0;0;0;TJPE;G1;;2021/TJPE/09/G1/TJPE51921202109221632349351048;False;2021-09-22 19:22:31.055;Erro no arquivo
33;650397440;TJPE94442202109221632349349083;845e5e01721e09b8b00b9fa079b199bcc1a949de5d2e3a05658bb217dd867ac9;7;1632349349093;;0;0;0;TJPE;G1;;2021/TJPE/09/G1/TJPE94442202109221632349349083;False;2021-09-22 19:22:29.093;Erro no arquivo
34;650397430;TJPE72559202109221632349346686;696b579efa26fec67735f6246a240d5b680751ea755fdb6b36d8dd2b81f7b574;7;1632349346694;;0;0;0;TJPE;G1;;2021/TJPE/09/G1/TJPE72559202109221632349346686;False;2021-09-22 19:22:26.694;Erro no arquivo
35;650397425;TJPE63596202109221632349344984;1efa4dc280594e73148ecabe6e99e765f19eea872130d13cf17f7c6c84f32094;7;1632349344998;;0;0;0;TJPE;G1;;2021/TJPE/09/G1/TJPE63596202109221632349344984;False;2021-09-22 19:22:24.998;Erro no arquivo
36;650397420;TJPE89776202109221632349342775;644f4bc3c0792284505b9be757c36f48bc84859d982c561d272fda6500bd3696;7;1632349342783;;0;0;0;TJPE;G1;;2021/TJPE/09/G1/TJPE89776202109221632349342775;False;2021-09-22 19:22:22.783;Erro no arquivo
37;650397415;TJPE40694202109221632349340835;95dfb7e0390a34de73930ad88a9981e15015e2dcf882bfddf2db6504042ff35d;7;1632349340846;;0;0;0;TJPE;G1;;2021/TJPE/09/G1/TJPE40694202109221632349340835;False;2021-09-22 19:22:20.846;Erro no arquivo
38;650397406;TJPE38980202109221632349338407;b3bd66c9a0d4a14863f378ebc1b86845c074cd632a39b0e8baace3f1635d0d15;7;1632349338416;;0;0;0;TJPE;G1;;2021/TJPE/09/G1/TJPE38980202109221632349338407;False;2021-09-22 19:22:18.416;Erro no arquivo
39;650397394;TJPE93669202109221632349336360;fcdafaebb09e47c5472a666e5ab443c20ad436b28630d986893bf3edecc18ec5;3;1632349336369;;95;95;0;TJPE;G1;1047103.0;2021/TJPE/09/G1/TJPE93669202109221632349336360;False;2021-09-22 19:22:16.369;Processado com sucesso
0;650397386;TJPE42291202109221632349334350;2cec792cafa68f75624b86b30b6bdf156579a127ce248683c616184b2225daf4;7;1632349334362;;0;0;0;TJPE;G1;;2021/TJPE/09/G1/TJPE42291202109221632349334350;False;2021-09-22 19:22:14.362;Erro no arquivo
1;650397382;TJPE52081202109221632349332516;16a1115752fe39ae1b92a116362493385b103095d4fbe2a5c32cadb6729c118a;7;1632349332528;;0;0;0;TJPE;G1;;2021/TJPE/09/G1/TJPE52081202109221632349332516;False;2021-09-22 19:22:12.528;Erro no arquivo
2;650397379;TJPE87226202109221632349330562;ea7780a31c6035217b0f857d3abdc4954d00880aa6c64bcb45cafbd1e2f947c6;7;1632349330570;;0;0;0;TJPE;JE;;2021/TJPE/09/JE/TJPE87226202109221632349330562;False;2021-09-22 19:22:10.570;Erro no arquivo
3;650397369;TJPE52569202109221632349328527;31b4c3b209525472e8c61b02c16b9ec291dd91b7756cb8451c8864dbdebf58bb;7;1632349328541;;0;0;0;TJPE;G1;;2021/TJPE/09/G1/TJPE52569202109221632349328527;False;2021-09-22 19:22:08.541;Erro no arquivo
4;650397361;TJPE90716202109221632349325978;7abeeee56447598de112762f11a97d6c2a68ae4706654c5c9e605622ce8d525f;7;1632349325989;;0;0;0;TJPE;G1;;2021/TJPE/09/G1/TJPE90716202109221632349325978;False;2021-09-22 19:22:05.989;Erro no arquivo
5;650397348;TJPE39651202109221632349323894;c431808b2e9cfb0eb3032a0baebd062917015f1d6139d7e25273f043befb1c9c;7;1632349323902;;0;0;0;TJPE;G1;;2021/TJPE/09/G1/TJPE39651202109221632349323894;False;2021-09-22 19:22:03.902;Erro no arquivo
6;650397344;TJPE19220202109221632349322111;ccfe596bad83435b88d3e4b0e998b4c02497dad0e4ff69e5d46036749f0c759c;7;1632349322124;;0;0;0;TJPE;G1;;2021/TJPE/09/G1/TJPE19220202109221632349322111;False;2021-09-22 19:22:02.124;Erro no arquivo
7;650397329;TJPE84513202109221632349320054;3339e19f33fb3afa5005a7092d1086477a2100bd28c99303dd47cc36957f3ed8;3;1632349320057;;97;97;0;TJPE;G1;427847.0;2021/TJPE/09/G1/TJPE84513202109221632349320054;False;2021-09-22 19:22:00.057;Processado com sucesso
8;650397321;TJPE73576202109221632349318743;b24838e3d74b6e0fa02c6277614c52ac414745661d60563bda722f59d0ec87e5;7;1632349318755;;0;0;0;TJPE;G1;;2021/TJPE/09/G1/TJPE73576202109221632349318743;False;2021-09-22 19:21:58.755;Erro no arquivo
9;650397313;TJPE84136202109221632349316808;e7e3c6d64c4276a32c113f9b1807e1c4e550e2aa0ceb59a6e88fec147ce31241;7;1632349316829;;0;0;0;TJPE;G1;;2021/TJPE/09/G1/TJPE84136202109221632349316808;False;2021-09-22 19:21:56.829;Erro no arquivo
10;650397304;TJPE74810202109221632349314612;19a4286d469f96424cf78d80284d231f6126228c7a6c6434ceab9a81973a1afc;7;1632349314621;;0;0;0;TJPE;G1;;2021/TJPE/09/G1/TJPE74810202109221632349314612;False;2021-09-22 19:21:54.621;Erro no arquivo
11;650397292;TJPE51595202109221632349312545;86f05d13465ae46da5761be28e55929ab65c7b0da77dc7017b2117741749ae97;3;1632349312555;;100;100;0;TJPE;JE;1182799.0;2021/TJPE/09/JE/TJPE51595202109221632349312545;False;2021-09-22 19:21:52.555;Processado com sucesso
12;650397278;TJPE82130202109221632349309648;6ff8496e922998621330e3252d4a84bdac1ed25bd634ddcf026dd5da96d4ecee;7;1632349309658;;0;0;0;TJPE;G1;;2021/TJPE/09/G1/TJPE82130202109221632349309648;False;2021-09-22 19:21:49.658;Erro no arquivo
13;650397269;TJPE38007202109221632349307361;e5d854f25c99582d354c2200965d826338c24a78c119ff2564ef75d602347b41;7;1632349307369;;0;0;0;TJPE;G1;;2021/TJPE/09/G1/TJPE38007202109221632349307361;False;2021-09-22 19:21:47.369;Erro no arquivo
14;650397262;TJPE57114202109221632349305217;36108669c9b98aa0f16da1753675cb6ac51625d02127f5aa3e06740d65ca0ecd;7;1632349305231;;0;0;0;TJPE;G1;;2021/TJPE/09/G1/TJPE57114202109221632349305217;False;2021-09-22 19:21:45.231;Erro no arquivo
15;650397257;TJPE19572202109221632349303300;66560aa68001b446a2fadc76d774a73fab709586a169bb1ffa430534982aa781;7;1632349303308;;0;0;0;TJPE;G1;;2021/TJPE/09/G1/TJPE19572202109221632349303300;False;2021-09-22 19:21:43.308;Erro no arquivo
16;650397240;TJPE19751202109221632349301528;c1f27568b990f94e54312970e6ecde2f7eaa449d2244b4f4a6a89498a23bbd43;7;1632349301543;;0;0;0;TJPE;G1;;2021/TJPE/09/G1/TJPE19751202109221632349301528;False;2021-09-22 19:21:41.543;Erro no arquivo
17;650397219;TJPE74591202109221632349294333;079719867b0490237b9fcc762ad182228ec8e63e31f9ad3048d193c8e95e9749;7;1632349294357;;0;0;0;TJPE;G1;;2021/TJPE/09/G1/TJPE74591202109221632349294333;False;2021-09-22 19:21:34.357;Erro no arquivo
18;650397201;TJPE46651202109221632349289918;a0aca9cc016e594253cc0d2b0c5a2d0cde5c21eade1d6220ba726acf85933a28;7;1632349289923;;0;0;0;TJPE;G1;;2021/TJPE/09/G1/TJPE46651202109221632349289918;False;2021-09-22 19:21:29.923;Erro no arquivo
19;650397181;TJPE52141202109221632349285051;ef9eb8e16e7d77421d98e5bae4e9e180924fcbd3c1911295e4cd370ae02dcfb7;7;1632349285070;;0;0;0;TJPE;G1;;2021/TJPE/09/G1/TJPE52141202109221632349285051;False;2021-09-22 19:21:25.070;Erro no arquivo
20;650397164;TJPE98190202109221632349279923;1a769d29b6579487be5f6fdfa2f949794f4e733a4ca9ba81b3b063db68a1e4f7;3;1632349279934;;100;100;0;TJPE;JE;1263812.0;2021/TJPE/09/JE/TJPE98190202109221632349279923;False;2021-09-22 19:21:19.934;Processado com sucesso
21;650397152;TJPE15139202109221632349277784;e18d169b59c2927a0392c94b647ecd08ca50f1536f4299d18eb55b8d398612d9;7;1632349277792;;0;0;0;TJPE;G1;;2021/TJPE/09/G1/TJPE15139202109221632349277784;False;2021-09-22 19:21:17.792;Erro no arquivo
22;650397140;TJPE81465202109221632349275431;ffe91053693f63d948f1d184d7e6e74e4ca85885c119f43d78fd5cab86ec7d4b;7;1632349275441;;0;0;0;TJPE;G1;;2021/TJPE/09/G1/TJPE81465202109221632349275431;False;2021-09-22 19:21:15.441;Erro no arquivo
23;650397134;TJPE88227202109221632349273070;495fe68b40057f4930ce8e72314a8be5404dbec2e3f6a97222ce8e70983fe3d1;7;1632349273152;;0;0;0;TJPE;G1;;2021/TJPE/09/G1/TJPE88227202109221632349273070;False;2021-09-22 19:21:13.152;Erro no arquivo
24;650397124;TJPE15886202109221632349270906;330ab3ee2c28fb42ccce31a0aa26175e704ea8ae589c3a4071af1e5f1c4ac79f;7;1632349270927;;0;0;0;TJPE;G1;;2021/TJPE/09/G1/TJPE15886202109221632349270906;False;2021-09-22 19:21:10.927;Erro no arquivo
25;650397120;TJPE93646202109221632349268962;1434d27728d54001e348c36f1d213c0cddca2a61aaabb9a8a51de823c806347a;7;1632349268973;;0;0;0;TJPE;G1;;2021/TJPE/09/G1/TJPE93646202109221632349268962;False;2021-09-22 19:21:08.973;Erro no arquivo
26;650397110;TJPE72283202109221632349267351;e899bac198c6e1c446ae367b39a4352154f699ada1083094c26e44f20160c926;7;1632349267373;;0;0;0;TJPE;G1;;2021/TJPE/09/G1/TJPE72283202109221632349267351;False;2021-09-22 19:21:07.373;Erro no arquivo
27;650397103;TJPE32414202109221632349265218;197997bfe2edf958d438b657a7d058134654accbb2d00def4b823b3f580d023e;3;1632349265231;;100;100;0;TJPE;JE;1087870.0;2021/TJPE/09/JE/TJPE32414202109221632349265218;False;2021-09-22 19:21:05.231;Processado com sucesso
28;650397099;TJPE47568202109221632349263112;e8a5ed7b3dde8f7f496734a0ae8f52787ebc3ea23acf92a72eaec572171a1399;7;1632349263118;;0;0;0;TJPE;G1;;2021/TJPE/09/G1/TJPE47568202109221632349263112;False;2021-09-22 19:21:03.118;Erro no arquivo
29;650397089;TJPE27291202109221632349260795;556da58c1a54007c9d540e95b61e6486be67df39b6767ee1d9c16dc862f55e2e;3;1632349260804;;100;100;0;TJPE;JE;1175706.0;2021/TJPE/09/JE/TJPE27291202109221632349260795;False;2021-09-22 19:21:00.804;Processado com sucesso
30;650397080;TJPE55116202109221632349258632;7346bcfc0c8bd243046b55c480fb04afd9c4efea180020dd5f1dfe3013f12976;7;1632349258641;;0;0;0;TJPE;G1;;2021/TJPE/09/G1/TJPE55116202109221632349258632;False;2021-09-22 19:20:58.641;Erro no arquivo
31;650397067;TJPE60356202109221632349256345;c10a4d8257b67e2fce4662b28d9021098e2ebb1321ebc0007db44197e3eae60d;7;1632349256353;;0;0;0;TJPE;G1;;2021/TJPE/09/G1/TJPE60356202109221632349256345;False;2021-09-22 19:20:56.353;Erro no arquivo
32;650397055;TJPE49089202109221632349254476;d5875839ee2524260cb22bd4d9108f6500d2056dcbb146fa9913f5250815e1d0;7;1632349254489;;0;0;0;TJPE;G1;;2021/TJPE/09/G1/TJPE49089202109221632349254476;False;2021-09-22 19:20:54.489;Erro no arquivo
33;650397049;TJPE12988202109221632349252320;b7acce44ce3b242954be83993410c45aceb241056d58a3c1f6ddfb39a6b78828;7;1632349252339;;0;0;0;TJPE;G1;;2021/TJPE/09/G1/TJPE12988202109221632349252320;False;2021-09-22 19:20:52.339;Erro no arquivo
34;650397038;TJPE15251202109221632349250514;3c66dc9bc982f0c09df58c105352db526d3ef147e7789380655628231b7d9d69;7;1632349250522;;0;0;0;TJPE;G1;;2021/TJPE/09/G1/TJPE15251202109221632349250514;False;2021-09-22 19:20:50.522;Erro no arquivo
35;650397030;TJPE59753202109221632349248539;f7b13ebff84df1061f491e8fa0c3a98c2793ee4b426689490efa98d2bb77cb94;7;1632349248547;;0;0;0;TJPE;G1;;2021/TJPE/09/G1/TJPE59753202109221632349248539;False;2021-09-22 19:20:48.547;Erro no arquivo
36;650397021;TJPE44805202109221632349246403;3eb8abbd29ea39bf88080eebef7e500a87a9cd906278940b8bff6edef8628c2c;7;1632349246420;;0;0;0;TJPE;G1;;2021/TJPE/09/G1/TJPE44805202109221632349246403;False;2021-09-22 19:20:46.420;Erro no arquivo
37;650397014;TJPE71315202109221632349244446;9956c2ffaa084434621a1a450a8f47352feb0d296d82e28e171e661045db7000;7;1632349244455;;0;0;0;TJPE;G1;;2021/TJPE/09/G1/TJPE71315202109221632349244446;False;2021-09-22 19:20:44.455;Erro no arquivo
38;650396998;TJPE53524202109221632349240502;67dc2ff63dc0830707d1ec31836c61e6d650ce8830565e2f5a35552c9c4fb03e;7;1632349240510;;0;0;0;TJPE;G1;;2021/TJPE/09/G1/TJPE53524202109221632349240502;False;2021-09-22 19:20:40.510;Erro no arquivo
39;650396988;TJPE20994202109221632349237837;447f9d4d163dcbe885188d3c0e1d36c246407f5e7c4662d381a243f7006715d1;7;1632349237847;;0;0;0;TJPE;G1;;2021/TJPE/09/G1/TJPE20994202109221632349237837;False;2021-09-22 19:20:37.847;Erro no arquivo
0;650396982;TJPE28907202109221632349235785;741df4d3dd3f99268c3e9d3bf545c0c28999b9b256bcf51cb05f1aa44ba0befe;3;1632349235800;;100;100;0;TJPE;JE;1314897.0;2021/TJPE/09/JE/TJPE28907202109221632349235785;False;2021-09-22 19:20:35.800;Processado com sucesso
1;650396970;TJPE96757202109221632349233484;1d4a26a78dbdf5a10d3451fa48dda2b5ac2e76f21f02811c5999e645a3d6e167;7;1632349233496;;0;0;0;TJPE;G1;;2021/TJPE/09/G1/TJPE96757202109221632349233484;False;2021-09-22 19:20:33.496;Erro no arquivo
2;650396962;TJPE32966202109221632349231275;c9fb88954a6f520547b11ed052ff3f9c8408f3574ef55eb41c1837303a6812f7;7;1632349231281;;0;0;0;TJPE;G1;;2021/TJPE/09/G1/TJPE32966202109221632349231275;False;2021-09-22 19:20:31.281;Erro no arquivo
3;650396957;TJPE29381202109221632349229665;d64817e51ea0d9b1fb6c943c32034e32a3ef7ab3f1b4c76deee4ba8493001dc0;3;1632349229675;;100;100;0;TJPE;JE;1272583.0;2021/TJPE/09/JE/TJPE29381202109221632349229665;False;2021-09-22 19:20:29.675;Processado com sucesso
4;650396947;TJPE17031202109221632349226539;c709203fef396774a69adb8a28228362a6a5552c2e20ad011dbf75e2dd09d9fc;7;1632349226548;;0;0;0;TJPE;G1;;2021/TJPE/09/G1/TJPE17031202109221632349226539;False;2021-09-22 19:20:26.548;Erro no arquivo
5;650396938;TJPE13100202109221632349224445;a543084723cbf46b9c02507cde31bddb39fe6318cc0233bd0f79c574ac6411af;7;1632349224458;;0;0;0;TJPE;G1;;2021/TJPE/09/G1/TJPE13100202109221632349224445;False;2021-09-22 19:20:24.458;Erro no arquivo
6;650396927;TJPE24072202109221632349222529;87c0373678e05da3f925293a33148c65cde0684941c817560551903e2415589f;7;1632349222537;;0;0;0;TJPE;G1;;2021/TJPE/09/G1/TJPE24072202109221632349222529;False;2021-09-22 19:20:22.537;Erro no arquivo
7;650396910;TJPE32853202109221632349214175;543f5a04933dc44e5bdca0b0ac0a3ff93e529495281dcd94f5adcbd5c8ae374a;7;1632349214184;;0;0;0;TJPE;G1;;2021/TJPE/09/G1/TJPE32853202109221632349214175;False;2021-09-22 19:20:14.184;Erro no arquivo
8;650396903;TJPE36641202109221632349212207;19f10d5b5c39412c0a7fde391b4f480889533ddabd024b1634fb3ff9c469c616;7;1632349212215;;0;0;0;TJPE;G1;;2021/TJPE/09/G1/TJPE36641202109221632349212207;False;2021-09-22 19:20:12.215;Erro no arquivo
9;650396899;TJPE23311202109221632349209786;771e92b64c0e6ee1dc0549a83e0a60ec172ab83536f2d0b9e8d912e194e06d12;3;1632349209800;;100;100;0;TJPE;JE;1232207.0;2021/TJPE/09/JE/TJPE23311202109221632349209786;False;2021-09-22 19:20:09.800;Processado com sucesso
10;650396893;TJPE26619202109221632349207581;9ff3ffef9a66c3da4b5686141134078d98f8e5513133facd1c5812af2b43fb6b;7;1632349207589;;0;0;0;TJPE;G1;;2021/TJPE/09/G1/TJPE26619202109221632349207581;False;2021-09-22 19:20:07.589;Erro no arquivo
11;650396879;TJPE21145202109221632349200559;57929edb5e19d954fe953bb7b93dd550650fe56e7da9b7c357f34ec7eaad5c95;3;1632349200573;;100;100;0;TJPE;JE;1153485.0;2021/TJPE/09/JE/TJPE21145202109221632349200559;False;2021-09-22 19:20:00.573;Processado com sucesso
12;650396824;TJPE59803202109221632349180246;4d8108e807ed21c5cd8cf928257dd57c1c129f82aacf8d1c3379a901984be44f;7;1632349180258;;0;0;0;TJPE;G1;;2021/TJPE/09/G1/TJPE59803202109221632349180246;False;2021-09-22 19:19:40.258;Erro no arquivo
13;650396778;TJPE63195202109221632349172473;2365439f98d32304bf034c681be05b5a5d1bceb233e1cf7c32fafaad7276ec78;3;1632349172487;;100;100;0;TJPE;JE;1152273.0;2021/TJPE/09/JE/TJPE63195202109221632349172473;False;2021-09-22 19:19:32.487;Processado com sucesso
14;650396765;TJPE29401202109221632349168612;1cf6ed69c266fe463873b7af8272c62e98c45effec70a7445a1cc4ddc2c7f2e6;7;1632349168622;;0;0;0;TJPE;G1;;2021/TJPE/09/G1/TJPE29401202109221632349168612;False;2021-09-22 19:19:28.622;Erro no arquivo
15;650396744;TJPE71252202109221632349163501;ef06891e23c491d997376667c60c1ceedfda7826fc9b6b09af0657672293aa1d;3;1632349163514;;100;100;0;TJPE;G1;1664113.0;2021/TJPE/09/G1/TJPE71252202109221632349163501;False;2021-09-22 19:19:23.514;Processado com sucesso
16;650396732;TJPE10309202109221632349158195;97da55cf9645efe35c02cc1492d95b54733dd1c311e2b3f899a145e92f6400a1;7;1632349158207;;0;0;0;TJPE;G1;;2021/TJPE/09/G1/TJPE10309202109221632349158195;False;2021-09-22 19:19:18.207;Erro no arquivo
17;650396718;TJPE52304202109221632349151633;b638d6579b6ccb3a81ae00f65a00c1b3666ede1c882f7219f1df8ab987d54b1b;7;1632349151648;;0;0;0;TJPE;G1;;2021/TJPE/09/G1/TJPE52304202109221632349151633;False;2021-09-22 19:19:11.648;Erro no arquivo
18;650396699;TJPE50451202109221632349144693;846f549b1c9049f1b014e0a76c96758ca8eb85f1d816f25f885f67f4dc0cd221;7;1632349144715;;0;0;0;TJPE;G1;;2021/TJPE/09/G1/TJPE50451202109221632349144693;False;2021-09-22 19:19:04.715;Erro no arquivo
19;650396681;TJPE38461202109221632349139262;bdfe42a06c4d42d790916685f1f3952e06230adaebca3a446cac7a4738192bb1;7;1632349139271;;0;0;0;TJPE;G1;;2021/TJPE/09/G1/TJPE38461202109221632349139262;False;2021-09-22 19:18:59.271;Erro no arquivo
20;650396667;TJPE87499202109221632349134971;53f4b3af2a56b85b106812771c03fd058333af04fb5aa7c09d0cd84e01b6de33;7;1632349134981;;0;0;0;TJPE;G1;;2021/TJPE/09/G1/TJPE87499202109221632349134971;False;2021-09-22 19:18:54.981;Erro no arquivo
21;650396655;TJPE54602202109221632349132212;765d94e635715527f2b002b2ef0ba2846d2e0431dd52af871d9dcbafd12a9477;7;1632349132220;;0;0;0;TJPE;G1;;2021/TJPE/09/G1/TJPE54602202109221632349132212;False;2021-09-22 19:18:52.220;Erro no arquivo
22;650396651;TJPE28025202109221632349130243;f3babdff2f0a2d2ba004fe03923dc0c23f91fb7057b05acc5cd1a83e96c578f9;7;1632349130252;;0;0;0;TJPE;G1;;2021/TJPE/09/G1/TJPE28025202109221632349130243;False;2021-09-22 19:18:50.252;Erro no arquivo
23;650396645;TJPE69219202109221632349128305;e96ab813c20c075e92f52ca394ce51ad2915bfbcf2f4032c5ab1e79cd358c7e0;7;1632349128330;;0;0;0;TJPE;G1;;2021/TJPE/09/G1/TJPE69219202109221632349128305;False;2021-09-22 19:18:48.330;Erro no arquivo
24;650396628;TJPE37270202109221632349122371;f534475c4d4c577767c119b4d54a0eacd91abb584f379c8f70df6926286968f9;7;1632349122384;;0;0;0;TJPE;G1;;2021/TJPE/09/G1/TJPE37270202109221632349122371;False;2021-09-22 19:18:42.384;Erro no arquivo
25;650396620;TJPE21598202109221632349119702;50e506a76b15b95a82d1b15d66f8aa203fb1d666197464088ef32027750de578;7;1632349119710;;0;0;0;TJPE;G1;;2021/TJPE/09/G1/TJPE21598202109221632349119702;False;2021-09-22 19:18:39.710;Erro no arquivo
26;650396608;TJPE91443202109221632349117959;d45d970ac697f2cc1acbd6b1dbe2c094abd31da631e9912c4cd6c050ed73e748;7;1632349117972;;0;0;0;TJPE;G1;;2021/TJPE/09/G1/TJPE91443202109221632349117959;False;2021-09-22 19:18:37.972;Erro no arquivo
27;650396603;TJPE69800202109221632349115820;02722749fdef67c34d8005d162f9fe5fe44f950f9c89ad8959bced1d644366a5;3;1632349115837;;100;100;0;TJPE;JE;1060536.0;2021/TJPE/09/JE/TJPE69800202109221632349115820;False;2021-09-22 19:18:35.837;Processado com sucesso
28;650396596;TJPE81305202109221632349113700;14aa9bd4bd3afb1ef7ccf8e7ff5c32fc2c959064c222105db2c42e80820c5e0f;7;1632349113709;;0;0;0;TJPE;G1;;2021/TJPE/09/G1/TJPE81305202109221632349113700;False;2021-09-22 19:18:33.709;Erro no arquivo
29;650396586;TJPE93245202109221632349111141;33a877abce2dc9ee3494de1f97a054b3c527e8c4609007e1b01914f78483c674;7;1632349111153;;0;0;0;TJPE;G1;;2021/TJPE/09/G1/TJPE93245202109221632349111141;False;2021-09-22 19:18:31.153;Erro no arquivo
30;650396571;TJPE52722202109221632349108822;0dfcaa4ad9f993b12b34d60fc3593134fc1f8c426b3e2a8d3829f059b2935a41;7;1632349108848;;0;0;0;TJPE;G1;;2021/TJPE/09/G1/TJPE52722202109221632349108822;False;2021-09-22 19:18:28.848;Erro no arquivo
31;650396561;TJPE89051202109221632349106681;dec097617315ee7860ca5e6ecf15fbd9115baa37371da7e611226dc92e5d5e42;7;1632349106689;;0;0;0;TJPE;G1;;2021/TJPE/09/G1/TJPE89051202109221632349106681;False;2021-09-22 19:18:26.689;Erro no arquivo
32;650396545;TJPE10230202109221632349104831;a9ad151385ae5fe5d57f697ecb80fc864848fb244b2b66256cf072be0e75eb20;7;1632349104839;;0;0;0;TJPE;G1;;2021/TJPE/09/G1/TJPE10230202109221632349104831;False;2021-09-22 19:18:24.839;Erro no arquivo
33;650396540;TJPE69029202109221632349102192;254a3e484d964c0f6ae5cfb6bdfddc4299141557bcef30d4a4915249af5ed96b;7;1632349102204;;0;0;0;TJPE;G1;;2021/TJPE/09/G1/TJPE69029202109221632349102192;False;2021-09-22 19:18:22.204;Erro no arquivo
34;650396520;TJPE11740202109221632349095862;9945c288e59290b2285a22137d8807f163ab0e44e947550ac214034467c2cb66;3;1632349095876;;100;100;0;TJPE;G1;1156223.0;2021/TJPE/09/G1/TJPE11740202109221632349095862;False;2021-09-22 19:18:15.876;Processado com sucesso
35;650396462;TJPE28705202109221632349077130;d35e1a7edf599588c21d0656922f6e09e7aae6ebe840ae74dbb55dc6bf483607;7;1632349077144;;0;0;0;TJPE;G1;;2021/TJPE/09/G1/TJPE28705202109221632349077130;False;2021-09-22 19:17:57.144;Erro no arquivo
36;650396450;TJPE77433202109221632349072526;2e289184f9b6c787a7c0e908d984d84c030b764a3d0a482f5ec777cd0ffbd96b;7;1632349072532;;0;0;0;TJPE;G1;;2021/TJPE/09/G1/TJPE77433202109221632349072526;False;2021-09-22 19:17:52.532;Erro no arquivo
37;650396433;TJPE45810202109221632349067058;54b082f85af85b7749e8a405cafa18ee8cf00be9b9670fa6c14d9e61fd933cdd;7;1632349067065;;0;0;0;TJPE;G1;;2021/TJPE/09/G1/TJPE45810202109221632349067058;False;2021-09-22 19:17:47.065;Erro no arquivo
38;650396423;TJPE90613202109221632349063931;935f27c0ddc19d7f94d1599c1763cecc9dead53eeddc1a50fa3dfcda7f55cf27;7;1632349063940;;0;0;0;TJPE;G1;;2021/TJPE/09/G1/TJPE90613202109221632349063931;False;2021-09-22 19:17:43.940;Erro no arquivo
39;650396404;TJPE20565202109221632349057706;bd9c1fb3717282dae0a91a3d3d96e9122ff1e887b8e92b2bd34b96824282a01c;7;1632349057714;;0;0;0;TJPE;G1;;2021/TJPE/09/G1/TJPE20565202109221632349057706;False;2021-09-22 19:17:37.714;Erro no arquivo
0;650396394;TJPE35467202109221632349052739;ab5952e3b1c850f2bf707048029c4552bf6bfc92b66c6612f89144261bee2a27;7;1632349052750;;0;0;0;TJPE;G1;;2021/TJPE/09/G1/TJPE35467202109221632349052739;False;2021-09-22 19:17:32.750;Erro no arquivo
1;650396358;TJPE31347202109221632349044981;fcc6b707b0886df722998efac1347ecfd23fade54b2946734067bab08e9d8de2;7;1632349044989;;0;0;0;TJPE;G1;;2021/TJPE/09/G1/TJPE31347202109221632349044981;False;2021-09-22 19:17:24.989;Erro no arquivo
2;650396344;TJPE97103202109221632349038647;95ac5951c9ec1e7acf0939822e864a4d52ecebfc81fd2c4cdef18363005256c7;3;1632349038660;;97;97;0;TJPE;G1;1070003.0;2021/TJPE/09/G1/TJPE97103202109221632349038647;False;2021-09-22 19:17:18.660;Processado com sucesso
3;650396335;TJPE87463202109221632349036542;6861de8a107d7ed95767f2003073a7ce8beb3a5372c90fb04062c60ccd563f70;7;1632349036555;;0;0;0;TJPE;JE;;2021/TJPE/09/JE/TJPE87463202109221632349036542;False;2021-09-22 19:17:16.555;Erro no arquivo
4;650396330;TJPE49893202109221632349034611;684f6472afb0694bebf60551e847c76ba68c2dba1bc3a7a249b50ac1583560c6;7;1632349034619;;0;0;0;TJPE;G1;;2021/TJPE/09/G1/TJPE49893202109221632349034611;False;2021-09-22 19:17:14.619;Erro no arquivo
5;650396323;TJPE95488202109221632349032334;e233b2eb6f661d216724b7f4fcc68d4eda7c4229c0126e442c73256012f8d19f;3;1632349032470;;100;100;0;TJPE;JE;1318472.0;2021/TJPE/09/JE/TJPE95488202109221632349032334;False;2021-09-22 19:17:12.470;Processado com sucesso
6;650396315;TJPE28590202109221632349030275;eca890ea0e963c75de39ead57d085bbcafcabdb8c8178d6bf0ba3d827e00505c;7;1632349030283;;0;0;0;TJPE;G1;;2021/TJPE/09/G1/TJPE28590202109221632349030275;False;2021-09-22 19:17:10.283;Erro no arquivo
7;650396311;TJPE14173202109221632349028633;61ea02815aafa6df83b0907e57eb9f4a103f3d254fac07f07fdaf992b8935595;7;1632349028638;;0;0;0;TJPE;G1;;2021/TJPE/09/G1/TJPE14173202109221632349028633;False;2021-09-22 19:17:08.638;Erro no arquivo
8;650396306;TJPE16531202109221632349026949;1f21c5e900e1c5b1e43d84c669b154c685db186b3eabec6ca6aee97c54f731be;7;1632349026955;;0;0;0;TJPE;G1;;2021/TJPE/09/G1/TJPE16531202109221632349026949;False;2021-09-22 19:17:06.955;Erro no arquivo
9;650396296;TJPE91218202109221632349025285;36bb1faeab6eb96a2b47b16be1b46141b82e16cd48f823e48dc2a154777488bc;7;1632349025293;;0;0;0;TJPE;G1;;2021/TJPE/09/G1/TJPE91218202109221632349025285;False;2021-09-22 19:17:05.293;Erro no arquivo
10;650396283;TJPE75383202109221632349023346;8341803104f4059188da96b8c971bc42271d002bd34fc60552cca5c005367cc3;7;1632349023361;;0;0;0;TJPE;G1;;2021/TJPE/09/G1/TJPE75383202109221632349023346;False;2021-09-22 19:17:03.361;Erro no arquivo
11;650396264;TJPE63801202109221632349018657;989b91baa73168679a9f5d275afcdd39a596323c56f2f229ec0d2b32d39438cf;7;1632349018665;;0;0;0;TJPE;G1;;2021/TJPE/09/G1/TJPE63801202109221632349018657;False;2021-09-22 19:16:58.665;Erro no arquivo
12;650396261;TJPE73490202109221632349016721;52f3e85e8738bc32576eeef882fbfc8e6a865e4b79c58353932ff2f724d72ab0;7;1632349016731;;0;0;0;TJPE;G1;;2021/TJPE/09/G1/TJPE73490202109221632349016721;False;2021-09-22 19:16:56.731;Erro no arquivo
13;650396257;TJPE49408202109221632349014753;85c8d7057e94693e5cb2c0f077e56fac76995ccc29a208ea687ca56fdd1d2e75;7;1632349014763;;0;0;0;TJPE;G1;;2021/TJPE/09/G1/TJPE49408202109221632349014753;False;2021-09-22 19:16:54.763;Erro no arquivo
14;650396246;TJPE72240202109221632349012063;afab12ae47a7ad651fec9e1d5c34b62c7436af590890b6a5ab73f51bb344f7df;7;1632349012072;;0;0;0;TJPE;G1;;2021/TJPE/09/G1/TJPE72240202109221632349012063;False;2021-09-22 19:16:52.072;Erro no arquivo
15;650396239;TJPE12158202109221632349009985;18c2c3670fffcd08db291b0917a3f3865a4bc31ddd0d1393906fb86c1ffa2ffc;7;1632349010011;;0;0;0;TJPE;G1;;2021/TJPE/09/G1/TJPE12158202109221632349009985;False;2021-09-22 19:16:50.011;Erro no arquivo
16;650396232;TJPE24041202109221632349008065;8442eec6792e2fbc8dc91426a29a9572a5a4551aa84ead8812a2a9f9983b3a9a;7;1632349008073;;0;0;0;TJPE;G1;;2021/TJPE/09/G1/TJPE24041202109221632349008065;False;2021-09-22 19:16:48.073;Erro no arquivo
17;650396205;TJPE68491202109221632349001347;6c6f4434e52fd04ca1bafe59808188132cf5fb5a01a8071358d9fe737c9cd77c;3;1632349001362;;100;100;0;TJPE;G1;1313602.0;2021/TJPE/09/G1/TJPE68491202109221632349001347;False;2021-09-22 19:16:41.362;Processado com sucesso
18;650396173;TJPE73012202109221632348993408;4a3e9856099b1add3d88a9af2beb22781cf1534c5b44f54ebe7d43f2e574e36b;7;1632348993415;;0;0;0;TJPE;G1;;2021/TJPE/09/G1/TJPE73012202109221632348993408;False;2021-09-22 19:16:33.415;Erro no arquivo
19;650396156;TJPE97916202109221632348988041;79d5dc74a9251ecddc1c4cc40c95108d9c6ba51382ffa9090db744280f65195b;7;1632348988049;;0;0;0;TJPE;G1;;2021/TJPE/09/G1/TJPE97916202109221632348988041;False;2021-09-22 19:16:28.049;Erro no arquivo
20;650396144;TJPE58518202109221632348983453;b64cd1b7de0c7216b2dbef7ec81596b89bc1e83b7c52059a4df0152bde8a18f5;7;1632348983496;;0;0;0;TJPE;G1;;2021/TJPE/09/G1/TJPE58518202109221632348983453;False;2021-09-22 19:16:23.496;Erro no arquivo
21;650396119;TJPE25054202109221632348975027;6229d12a1e6a62ba9d59a0feac5e7a970c067b217a9201698f88966819c956f8;3;1632348975038;;100;100;0;TJPE;JE;1006914.0;2021/TJPE/09/JE/TJPE25054202109221632348975027;False;2021-09-22 19:16:15.038;Processado com sucesso
22;650396114;TJPE99844202109221632348973084;935e35d6a54ca5f21b80a1897c1cafe58ddef07cc289999c7adcbe5a8920d68e;7;1632348973094;;0;0;0;TJPE;G1;;2021/TJPE/09/G1/TJPE99844202109221632348973084;False;2021-09-22 19:16:13.094;Erro no arquivo
23;650396094;TJPE14347202109221632348970405;6dffbcd11a9a6fe86fb6435890b16f6d01589f3b06a45a3291e8b58526dc2b66;3;1632348970426;;100;100;0;TJPE;JE;1044352.0;2021/TJPE/09/JE/TJPE14347202109221632348970405;False;2021-09-22 19:16:10.426;Processado com sucesso
24;650396088;TJPE73294202109221632348968568;41551f44565c5bc6911b6b1b16b4c908a933eb20e2c5df24c9760e006a2f38ab;7;1632348968579;;0;0;0;TJPE;G1;;2021/TJPE/09/G1/TJPE73294202109221632348968568;False;2021-09-22 19:16:08.579;Erro no arquivo
25;650396080;TJPE88685202109221632348966108;2db60b82f5dd252bf35e90d79c062120b06152deff7d044b7696bc7fe0c65686;7;1632348966116;;0;0;0;TJPE;G1;;2021/TJPE/09/G1/TJPE88685202109221632348966108;False;2021-09-22 19:16:06.116;Erro no arquivo
26;650396072;TJPE93532202109221632348964017;ffb33de4c1aaa209403ad6991be0eecd4783b1d228b6f0fe5f8cf5fde4b11619;7;1632348964028;;0;0;0;TJPE;G1;;2021/TJPE/09/G1/TJPE93532202109221632348964017;False;2021-09-22 19:16:04.028;Erro no arquivo
27;650396066;TJPE23614202109221632348962013;4e5b38e8d34d1af3e340791d47b33d9d356713173ce7a2122bb28404dd9bcb43;7;1632348962023;;0;0;0;TJPE;G1;;2021/TJPE/09/G1/TJPE23614202109221632348962013;False;2021-09-22 19:16:02.023;Erro no arquivo
28;650396063;TJPE78757202109221632348960078;f934f317506e6a3598f0add256a4cb269aeef72c9b581348d9497000dc566505;7;1632348960088;;0;0;0;TJPE;G1;;2021/TJPE/09/G1/TJPE78757202109221632348960078;False;2021-09-22 19:16:00.088;Erro no arquivo
29;650396055;TJPE79464202109221632348957190;2448fc86e404169ad489751d53e1c05095e5861fe28481434171e65c79137fec;7;1632348957198;;0;0;0;TJPE;G1;;2021/TJPE/09/G1/TJPE79464202109221632348957190;False;2021-09-22 19:15:57.198;Erro no arquivo
30;650396050;TJPE53587202109221632348955350;b76f1612443d39476aaeef475cfdb2e950b02776e601d6d46618a56086031cfe;7;1632348955359;;0;0;0;TJPE;G1;;2021/TJPE/09/G1/TJPE53587202109221632348955350;False;2021-09-22 19:15:55.359;Erro no arquivo
31;650396039;TJPE71319202109221632348953033;f965ab065d5896cfa49a3690be4f8ce7163fe6226b26816ccfe6eb7d1f9781fc;7;1632348953056;;0;0;0;TJPE;G1;;2021/TJPE/09/G1/TJPE71319202109221632348953033;False;2021-09-22 19:15:53.056;Erro no arquivo
32;650396028;TJPE40635202109221632348951038;891e62c9cf958e64494b9b4bec6e226e93b684e5349daa3c53b60a25793a886f;7;1632348951045;;0;0;0;TJPE;G1;;2021/TJPE/09/G1/TJPE40635202109221632348951038;False;2021-09-22 19:15:51.045;Erro no arquivo
33;650396022;TJPE29019202109221632348949163;9c088b0dfb8320a2aa5bcd89db640570df2901c6bf4681647ac65932fc35f663;7;1632348949173;;0;0;0;TJPE;G1;;2021/TJPE/09/G1/TJPE29019202109221632348949163;False;2021-09-22 19:15:49.173;Erro no arquivo
34;650396014;TJPE36558202109221632348946994;78b553d577250c743ab80b4ca1f6def9ae523472e69e509ebc34e1a79a3fe59f;7;1632348947002;;0;0;0;TJPE;G1;;2021/TJPE/09/G1/TJPE36558202109221632348946994;False;2021-09-22 19:15:47.002;Erro no arquivo
35;650396003;TJPE85462202109221632348944931;0210cb2f5f999fb0cdae8a60f9df40f8d19f978aa4403e101dc0796667193461;3;1632348944936;;93;93;0;TJPE;G1;687446.0;2021/TJPE/09/G1/TJPE85462202109221632348944931;False;2021-09-22 19:15:44.936;Processado com sucesso
36;650395992;TJPE89743202109221632348943327;0f66327a7afcfc2aa2842266f69977ec028798069c8c8dec478ea0dd62a65cb7;7;1632348943334;;0;0;0;TJPE;G1;;2021/TJPE/09/G1/TJPE89743202109221632348943327;False;2021-09-22 19:15:43.334;Erro no arquivo
37;650395970;TJPE92534202109221632348936324;02377f6fc0798e9834280f59d09ca971cfdf4f2a0de42d9dfbecdd9a7ae344b0;7;1632348936331;;0;0;0;TJPE;G1;;2021/TJPE/09/G1/TJPE92534202109221632348936324;False;2021-09-22 19:15:36.331;Erro no arquivo
38;650395961;TJPE24622202109221632348933438;8d8ed5c420b249658c18040ab00bcbca2da08626381826ac4786e1247516df75;7;1632348933448;;0;0;0;TJPE;G1;;2021/TJPE/09/G1/TJPE24622202109221632348933438;False;2021-09-22 19:15:33.448;Erro no arquivo
39;650395936;TJPE42848202109221632348928003;d1cf55342640d848311d0c8016142cfc3f69e150130a4f3909d9059781c7a855;3;1632348928022;;100;100;0;TJPE;JE;1040529.0;2021/TJPE/09/JE/TJPE42848202109221632348928003;False;2021-09-22 19:15:28.022;Processado com sucesso
0;650395916;TJPE92673202109221632348922001;7b03e312b636b010305a250c275a6d0b6dbb35081fd4be07ebd13b94af0411f9;7;1632348922010;;0;0;0;TJPE;G1;;2021/TJPE/09/G1/TJPE92673202109221632348922001;False;2021-09-22 19:15:22.010;Erro no arquivo
1;650395895;TJPE21675202109221632348917525;33da268562bbe6b05c454309f0aea271b7c29a4168c2f6a21f2b9f1670b69c69;7;1632348917553;;0;0;0;TJPE;G1;;2021/TJPE/09/G1/TJPE21675202109221632348917525;False;2021-09-22 19:15:17.553;Erro no arquivo
2;650395873;TJPE42212202109221632348910414;68a7c71a569f84dd35a3d959b7cff63aa36822707541adac954aa8e78760c35c;7;1632348910430;;0;0;0;TJPE;G1;;2021/TJPE/09/G1/TJPE42212202109221632348910414;False;2021-09-22 19:15:10.430;Erro no arquivo
3;650395841;TJPE14457202109221632348901036;831dec0bfa5da4bf1abdb0c1952944412a1a8d7a2e67262ee50f7d3891965daa;7;1632348901043;;0;0;0;TJPE;G1;;2021/TJPE/09/G1/TJPE14457202109221632348901036;False;2021-09-22 19:15:01.043;Erro no arquivo
4;650395826;TJPE11082202109221632348896327;0cd76bbe269bcd507c63c0fccb880f08f6777d9561b129154a64aef448a6ca77;7;1632348896349;;0;0;0;TJPE;G1;;2021/TJPE/09/G1/TJPE11082202109221632348896327;False;2021-09-22 19:14:56.349;Erro no arquivo
5;650395809;TJPE78132202109221632348890921;0c79dde770c726990beb7a17afcfad825600484c6f4f80f0df0f22501772620e;7;1632348890930;;0;0;0;TJPE;G1;;2021/TJPE/09/G1/TJPE78132202109221632348890921;False;2021-09-22 19:14:50.930;Erro no arquivo
6;650395789;TJPE85857202109221632348887234;88ff1452a04b041e5aef383867849c82c727cfa68e1381be93d6b216c7fe4d75;3;1632348887242;;100;100;0;TJPE;JE;1129256.0;2021/TJPE/09/JE/TJPE85857202109221632348887234;False;2021-09-22 19:14:47.242;Processado com sucesso
7;650395774;TJPE10612202109221632348882211;17bc566616f5fd369e243a75b02effecc7bffa19ecbb0b29103877bb8dafc742;7;1632348882224;;0;0;0;TJPE;G1;;2021/TJPE/09/G1/TJPE10612202109221632348882211;False;2021-09-22 19:14:42.224;Erro no arquivo
8;650395755;TJPE46092202109221632348876220;b4647b492942232ab7260d23b333481f5e87f0b99d8fe53aeb6f73dfc4f8655b;7;1632348876245;;0;0;0;TJPE;G1;;2021/TJPE/09/G1/TJPE46092202109221632348876220;False;2021-09-22 19:14:36.245;Erro no arquivo
9;650395750;TJPE25692202109221632348873898;f4f4b5a9055ff3854f19e1e9b5ec41061d330d7b513c31590488eb7e0f6ae56c;7;1632348873906;;0;0;0;TJPE;G1;;2021/TJPE/09/G1/TJPE25692202109221632348873898;False;2021-09-22 19:14:33.906;Erro no arquivo
10;650395744;TJPE25195202109221632348871913;f44d3a8c6d86ce3c6800b774ebc1d786c37d616ba6b0f9395c6268d6f2cbd451;7;1632348871922;;0;0;0;TJPE;G1;;2021/TJPE/09/G1/TJPE25195202109221632348871913;False;2021-09-22 19:14:31.922;Erro no arquivo
11;650395740;TJPE26266202109221632348869494;43a79fd63213f1b0584ce8092145a1b43ea89c78e409b679fae645e354096010;7;1632348869512;;0;0;0;TJPE;G1;;2021/TJPE/09/G1/TJPE26266202109221632348869494;False;2021-09-22 19:14:29.512;Erro no arquivo
12;650395726;TJPE10091202109221632348866107;d47223df3a438168649a47f8b2f0b38dbeb4505edca7031307bd00e21f1ff268;7;1632348866117;;0;0;0;TJPE;G1;;2021/TJPE/09/G1/TJPE10091202109221632348866107;False;2021-09-22 19:14:26.117;Erro no arquivo
13;650395717;TJPE49640202109221632348863462;a4fce80caad1739c9d3510d310581f00c8417cc7dbc07c2ebe80e79b60e9dd62;7;1632348863529;;0;0;0;TJPE;G1;;2021/TJPE/09/G1/TJPE49640202109221632348863462;False;2021-09-22 19:14:23.529;Erro no arquivo
14;650395713;TJPE25509202109221632348861442;87ab2e158d2a29ea2748c7d76a3de1382e881b3e8015263e9053c15da0d6f30f;3;1632348861451;;100;100;0;TJPE;JE;1163322.0;2021/TJPE/09/JE/TJPE25509202109221632348861442;False;2021-09-22 19:14:21.451;Processado com sucesso
15;650395704;TJPE89787202109221632348859215;218d7c7fc27d8b93b19f9912a5d11656cde1ccf15a276b05c8edd5063b4686c9;7;1632348859222;;0;0;0;TJPE;G1;;2021/TJPE/09/G1/TJPE89787202109221632348859215;False;2021-09-22 19:14:19.222;Erro no arquivo
16;650395691;TJPE20127202109221632348855456;dc555e2db0af388a476417d85db0d7e35788e50c000411c44b233462be574834;7;1632348855464;;0;0;0;TJPE;G1;;2021/TJPE/09/G1/TJPE20127202109221632348855456;False;2021-09-22 19:14:15.464;Erro no arquivo
17;650395681;TJPE92721202109221632348852994;ac850209103955bd62ff5c1bb82155ec794261db4721e0b56a8e00e61f342287;7;1632348853006;;0;0;0;TJPE;G1;;2021/TJPE/09/G1/TJPE92721202109221632348852994;False;2021-09-22 19:14:13.006;Erro no arquivo
18;650395674;TJPE60922202109221632348850581;2e108915da204496fdcf464f852b044372b14099a16069ff0393cf8520b531b6;7;1632348850588;;0;0;0;TJPE;G1;;2021/TJPE/09/G1/TJPE60922202109221632348850581;False;2021-09-22 19:14:10.588;Erro no arquivo
19;650395670;TJPE17677202109221632348848720;918d87804def3974240fc68c10bdf7508d8d191862b736b30dccdabfac1eba13;7;1632348848727;;0;0;0;TJPE;G1;;2021/TJPE/09/G1/TJPE17677202109221632348848720;False;2021-09-22 19:14:08.727;Erro no arquivo
20;650395657;TJPE42258202109221632348845921;73d8c9a5e6cfac8c6147ab1a242351397a8331ae3bd0ca953f467c1577b971f6;7;1632348845929;;0;0;0;TJPE;G1;;2021/TJPE/09/G1/TJPE42258202109221632348845921;False;2021-09-22 19:14:05.929;Erro no arquivo
21;650395642;TJPE59960202109221632348841325;28d86d77b5fd5ffd54afbbb475ed7aee2f3daa00dbcbed7ae9f2ba84074d963a;7;1632348841335;;0;0;0;TJPE;G1;;2021/TJPE/09/G1/TJPE59960202109221632348841325;False;2021-09-22 19:14:01.335;Erro no arquivo
22;650395624;TJPE68144202109221632348834120;643fe059c4c90626985e471cb9870c59599aafb2cdf7afe3c7e1b3c5dcf6154a;7;1632348834134;;0;0;0;TJPE;G1;;2021/TJPE/09/G1/TJPE68144202109221632348834120;False;2021-09-22 19:13:54.134;Erro no arquivo
23;650395576;TJPE59343202109221632348825063;acccdf5dc788043fb4b09e07217df1fba4fcdb6acfbabe0cc3ddae2f9dbbc997;7;1632348825072;;0;0;0;TJPE;G1;;2021/TJPE/09/G1/TJPE59343202109221632348825063;False;2021-09-22 19:13:45.072;Erro no arquivo
24;650395551;TJPE86480202109221632348820839;44eb70847ead419eae322365ef7227da7f6394ba53ddc4a55ebaba19672cb32c;7;1632348820849;;0;0;0;TJPE;G1;;2021/TJPE/09/G1/TJPE86480202109221632348820839;False;2021-09-22 19:13:40.849;Erro no arquivo
25;650395506;TJPE66133202109221632348814211;78e585e94f2de5869b6fa9e82acf695fe09066e6409de3c1811a8d3214d95007;7;1632348814220;;0;0;0;TJPE;G1;;2021/TJPE/09/G1/TJPE66133202109221632348814211;False;2021-09-22 19:13:34.220;Erro no arquivo
26;650395486;TJPE26668202109221632348811994;a4f10fcaaf2dff2e6573c07b1b77607eb5ce098317a0936876768e329b63ccb1;7;1632348812003;;0;0;0;TJPE;G1;;2021/TJPE/09/G1/TJPE26668202109221632348811994;False;2021-09-22 19:13:32.003;Erro no arquivo
27;650395472;TJPE48265202109221632348810044;5b298c87d4c0263aedcf46eaf593cfa4af7ccb56d0e6531c89364cf05cb62bd7;7;1632348810053;;0;0;0;TJPE;G1;;2021/TJPE/09/G1/TJPE48265202109221632348810044;False;2021-09-22 19:13:30.053;Erro no arquivo
28;650395459;TJPE38239202109221632348808256;59aa10a7ab77436884a46557eb41faf7693a55893c9f6e5f1bac7355b6c6e8a9;7;1632348808267;;0;0;0;TJPE;G1;;2021/TJPE/09/G1/TJPE38239202109221632348808256;False;2021-09-22 19:13:28.267;Erro no arquivo
29;650395450;TJPE38615202109221632348806424;00b19c0e71e4d6575132d30a079d44a0e172689feb7d1cb3b9d4a0a73146420e;7;1632348806436;;0;0;0;TJPE;G1;;2021/TJPE/09/G1/TJPE38615202109221632348806424;False;2021-09-22 19:13:26.436;Erro no arquivo
30;650395436;TJPE45613202109221632348804482;870ff9b6a59b2a0701e515453771dae6761d07b14ca2f489d554c6bd2550dd59;7;1632348804490;;0;0;0;TJPE;G1;;2021/TJPE/09/G1/TJPE45613202109221632348804482;False;2021-09-22 19:13:24.490;Erro no arquivo
31;650395427;TJPE57743202109221632348802488;599c03f4d9d0894186f1bf7de17552a593381c2b31828c3c1569a89f65a647e0;7;1632348802501;;0;0;0;TJPE;G1;;2021/TJPE/09/G1/TJPE57743202109221632348802488;False;2021-09-22 19:13:22.501;Erro no arquivo
32;650395343;TJPE85447202109221632348787827;8209c3aeb467f88c3d0a0d5ba0107496a6a57d94151d9fef5f65c6990d2c46b5;7;1632348787833;;0;0;0;TJPE;G1;;2021/TJPE/09/G1/TJPE85447202109221632348787827;False;2021-09-22 19:13:07.833;Erro no arquivo
33;650395337;TJPE13825202109221632348786341;05d09f7761108171bc7c88ba220f0508e88e62940626cf0564f94631d3a984a4;7;1632348786350;;0;0;0;TJPE;G1;;2021/TJPE/09/G1/TJPE13825202109221632348786341;False;2021-09-22 19:13:06.350;Erro no arquivo
34;650395167;TJPE93739202109221632348754116;bbfd516b8e2290a6de9135444be717f45396e88974e56ee02b74e231181536fa;7;1632348754122;;0;0;0;TJPE;G1;;2021/TJPE/09/G1/TJPE93739202109221632348754116;False;2021-09-22 19:12:34.122;Erro no arquivo
35;650395156;TJPE98965202109221632348752476;42ad2929f7c0018411ed5198c16e947a00a0df86195e556d0614746fd369b269;7;1632348752483;;0;0;0;TJPE;G1;;2021/TJPE/09/G1/TJPE98965202109221632348752476;False;2021-09-22 19:12:32.483;Erro no arquivo
36;650395143;TJPE50652202109221632348750505;db4d7962e9dc15699295a3cb7d2e0bc30efb35f78e03f22f6fb5adc760a8bc4d;7;1632348750513;;0;0;0;TJPE;G1;;2021/TJPE/09/G1/TJPE50652202109221632348750505;False;2021-09-22 19:12:30.513;Erro no arquivo
37;650395136;TJPE95562202109221632348748489;039aab26ce14555a47246c98cc70fe8c88c76205b85900791099a63561db0b96;7;1632348748504;;0;0;0;TJPE;G1;;2021/TJPE/09/G1/TJPE95562202109221632348748489;False;2021-09-22 19:12:28.504;Erro no arquivo
38;650395125;TJPE40217202109221632348746652;fd42c289227d33f77e468e5ccbe3107a4b637b7a6a4a3d800ec51dea61e1553e;3;1632348746657;;90;90;0;TJPE;G1;639631.0;2021/TJPE/09/G1/TJPE40217202109221632348746652;False;2021-09-22 19:12:26.657;Processado com sucesso
39;650395118;TJPE68155202109221632348745281;14fc07eb7257daa4c5feba630a8644b3fcdfcb4c6c948897ec03dc03cb978d07;7;1632348745289;;0;0;0;TJPE;G1;;2021/TJPE/09/G1/TJPE68155202109221632348745281;False;2021-09-22 19:12:25.289;Erro no arquivo
0;650395106;TJPE64058202109221632348743218;72b6ace4df69f86bc3999dfd49db9d7f844d49632ef277f197e45ba8a3accea4;7;1632348743229;;0;0;0;TJPE;G1;;2021/TJPE/09/G1/TJPE64058202109221632348743218;False;2021-09-22 19:12:23.229;Erro no arquivo
1;650395095;TJPE54874202109221632348741044;c5779a94e3cdb6dbce0f01ac8ec0d7a765109e884b4367924b940da1d94f6cae;7;1632348741053;;0;0;0;TJPE;G1;;2021/TJPE/09/G1/TJPE54874202109221632348741044;False;2021-09-22 19:12:21.053;Erro no arquivo
2;650395086;TJPE69617202109221632348739095;6f52d8bcc831da74df2b71f6e6c4dd81fdbb033938f7082fdc3e11c6bef0867a;7;1632348739114;;0;0;0;TJPE;G1;;2021/TJPE/09/G1/TJPE69617202109221632348739095;False;2021-09-22 19:12:19.114;Erro no arquivo
3;650395077;TJPE85245202109221632348737310;618a5275c3384f53a833b609cd3accffb00980bcd2b049e1974369d08b5bbf58;7;1632348737316;;0;0;0;TJPE;G1;;2021/TJPE/09/G1/TJPE85245202109221632348737310;False;2021-09-22 19:12:17.316;Erro no arquivo
4;650395071;TJPE51668202109221632348735830;c88eaf1ab80e1a0179ce5a971d041ded0d3b67b498e85b8115403efaabf0e471;7;1632348735836;;0;0;0;TJPE;G1;;2021/TJPE/09/G1/TJPE51668202109221632348735830;False;2021-09-22 19:12:15.836;Erro no arquivo
5;650395061;TJPE15034202109221632348733960;3f315f47f2909165153b2c3808706a7671456e3e4b09706c4ec14f73f3cbd491;7;1632348733971;;0;0;0;TJPE;G1;;2021/TJPE/09/G1/TJPE15034202109221632348733960;False;2021-09-22 19:12:13.971;Erro no arquivo
6;650395049;TJPE90051202109221632348732149;eae3399679217ca05dd0e312acefa4d22d599f48eaa1a49b3326853e02a8fe38;7;1632348732157;;0;0;0;TJPE;G1;;2021/TJPE/09/G1/TJPE90051202109221632348732149;False;2021-09-22 19:12:12.157;Erro no arquivo
7;650395008;TJPE40360202109221632348725857;8591bd7874a9681fd2883518e5348e7eb9cd68a7fb21e32894c94c915a05a68e;7;1632348725872;;0;0;0;TJPE;G1;;2021/TJPE/09/G1/TJPE40360202109221632348725857;False;2021-09-22 19:12:05.872;Erro no arquivo
8;650394974;TJPE77650202109221632348720477;b58d5baea51f65fedc05ce3759db147f9747fdb569778f69532bb77070c0c828;7;1632348720483;;0;0;0;TJPE;G1;;2021/TJPE/09/G1/TJPE77650202109221632348720477;False;2021-09-22 19:12:00.483;Erro no arquivo
9;650394966;TJPE12169202109221632348718878;ab78c247dc7d1ef3266abef3a5f4700b17ca4d5a73f27a02262d53193f7ca3c8;7;1632348718890;;0;0;0;TJPE;G1;;2021/TJPE/09/G1/TJPE12169202109221632348718878;False;2021-09-22 19:11:58.890;Erro no arquivo
10;650394957;TJPE15047202109221632348717148;fe97d59c59ef6e206525aa22786722085d28b2251b8b276afd79ee24c2be3417;7;1632348717157;;0;0;0;TJPE;JE;;2021/TJPE/09/JE/TJPE15047202109221632348717148;False;2021-09-22 19:11:57.157;Erro no arquivo
11;650394945;TJPE52542202109221632348715034;cfc81a45e2cbd6edc704b72995f33d273f511866f9bd0b5721752e1523e32704;7;1632348715042;;0;0;0;TJPE;JE;;2021/TJPE/09/JE/TJPE52542202109221632348715034;False;2021-09-22 19:11:55.042;Erro no arquivo
12;650394936;TJPE56320202109221632348713321;56e299996c4099d855bbb6f381f187df5cd1a026f5c27fbe83fd9d4d836cad4a;7;1632348713330;;0;0;0;TJPE;G1;;2021/TJPE/09/G1/TJPE56320202109221632348713321;False;2021-09-22 19:11:53.330;Erro no arquivo
13;650394927;TJPE12665202109221632348711153;92104f2bcb65a0b9f3aa64a8cb2b60f1598cefcc334a1c3ba2915972b5918e8a;7;1632348711162;;0;0;0;TJPE;G1;;2021/TJPE/09/G1/TJPE12665202109221632348711153;False;2021-09-22 19:11:51.162;Erro no arquivo
14;650394917;TJPE70244202109221632348708916;f01883a350984b1dea5e5b824647446a15944882d9121c9cd611a464907bec12;7;1632348708930;;0;0;0;TJPE;G1;;2021/TJPE/09/G1/TJPE70244202109221632348708916;False;2021-09-22 19:11:48.930;Erro no arquivo
15;650394902;TJPE93056202109221632348706956;f45c6374fffa97a07dd48adf61c969c7af9dff504000b3c29e6612b8961dd94d;7;1632348706965;;0;0;0;TJPE;G1;;2021/TJPE/09/G1/TJPE93056202109221632348706956;False;2021-09-22 19:11:46.965;Erro no arquivo
16;650394891;TJPE87308202109221632348704840;32390b953222643a9a98bd38ab1d01a4b64a4244d6e4029676e0db1b3838bd0c;3;1632348704850;;100;100;0;TJPE;JE;1162077.0;2021/TJPE/09/JE/TJPE87308202109221632348704840;False;2021-09-22 19:11:44.850;Processado com sucesso
17;650394880;TJPE23911202109221632348702530;aafb428cc86645f7c2f29b8917a2af8731b8bb3bb0b934abb8bf73bbb2989e27;7;1632348702541;;0;0;0;TJPE;G1;;2021/TJPE/09/G1/TJPE23911202109221632348702530;False;2021-09-22 19:11:42.541;Erro no arquivo
18;650394865;TJPE31876202109221632348700086;6bf9a277dea72e13d8157ebca1e218eb6bef3c6f7425db78ffffb33f16577cc9;7;1632348700093;;0;0;0;TJPE;G1;;2021/TJPE/09/G1/TJPE31876202109221632348700086;False;2021-09-22 19:11:40.093;Erro no arquivo
19;650394855;TJPE91962202109221632348698249;52474752d6726a8d5364b0880710e1f4c5b8013bf321e786d37561826871b2fc;7;1632348698257;;0;0;0;TJPE;G1;;2021/TJPE/09/G1/TJPE91962202109221632348698249;False;2021-09-22 19:11:38.257;Erro no arquivo
20;650394843;TJPE69161202109221632348696562;e65f9f67b81d6fa9088f79a687e6436c74543016c10d7ab55bcf2008114fea44;7;1632348696570;;0;0;0;TJPE;G1;;2021/TJPE/09/G1/TJPE69161202109221632348696562;False;2021-09-22 19:11:36.570;Erro no arquivo
21;650394833;TJPE83473202109221632348694578;2384e21d1db2fa0353ced94702334b8fe1cd767866d726da05714d724c1764ff;7;1632348694589;;0;0;0;TJPE;G1;;2021/TJPE/09/G1/TJPE83473202109221632348694578;False;2021-09-22 19:11:34.589;Erro no arquivo
22;650394826;TJPE75586202109221632348692859;2f50c8e2f57e845738b03979217a0fd055b6367afaada4cc381ac1de0616cb2b;7;1632348692867;;0;0;0;TJPE;G1;;2021/TJPE/09/G1/TJPE75586202109221632348692859;False;2021-09-22 19:11:32.867;Erro no arquivo
23;650394816;TJPE51169202109221632348690942;9138150dddb476dded45505309461c41db9cff7c6b488482dc45838fc8f8f96e;7;1632348690951;;0;0;0;TJPE;G1;;2021/TJPE/09/G1/TJPE51169202109221632348690942;False;2021-09-22 19:11:30.951;Erro no arquivo
24;650394802;TJPE59394202109221632348688926;0c68077798518ad14c71d29977463b7dde8ac07c69dd7cf9ef4eceaa6ab14103;7;1632348688934;;0;0;0;TJPE;JE;;2021/TJPE/09/JE/TJPE59394202109221632348688926;False;2021-09-22 19:11:28.934;Erro no arquivo
25;650394792;TJPE12356202109221632348687135;9cebd97267b4747237d1a378ab67cec0f8507444c97eeb3c01e35733675f6fee;7;1632348687143;;0;0;0;TJPE;JE;;2021/TJPE/09/JE/TJPE12356202109221632348687135;False;2021-09-22 19:11:27.143;Erro no arquivo
26;650394782;TJPE97465202109221632348684933;98ff770ec5494a516a4bd1049bc773684310d58ad46323dc31a8d3d00d06f79e;7;1632348684940;;0;0;0;TJPE;G1;;2021/TJPE/09/G1/TJPE97465202109221632348684933;False;2021-09-22 19:11:24.940;Erro no arquivo
27;650394773;TJPE99068202109221632348683157;17093123f832a1dc742004529fcd38c2b6fb1ad9329a385346783504b366b2df;7;1632348683164;;0;0;0;TJPE;G1;;2021/TJPE/09/G1/TJPE99068202109221632348683157;False;2021-09-22 19:11:23.164;Erro no arquivo
28;650394764;TJPE51680202109221632348680920;07aef8a6ee36680aa31459697b93cc37310495d3d0fbc7294044edd4c72539a9;7;1632348680940;;0;0;0;TJPE;G1;;2021/TJPE/09/G1/TJPE51680202109221632348680920;False;2021-09-22 19:11:20.940;Erro no arquivo
29;650394756;TJPE46006202109221632348679032;6db5a6c5bcf125720b94e7e8519c40cbb62ecd31a3a9980d189d302fe02016f5;7;1632348679045;;0;0;0;TJPE;G1;;2021/TJPE/09/G1/TJPE46006202109221632348679032;False;2021-09-22 19:11:19.045;Erro no arquivo
30;650394740;TJPE12554202109221632348676439;9f8366d10c045fff73582285dbd767a1eb7ba78abcc9d1de2456999274caac55;7;1632348676453;;0;0;0;TJPE;G1;;2021/TJPE/09/G1/TJPE12554202109221632348676439;False;2021-09-22 19:11:16.453;Erro no arquivo
31;650394719;TJPE66763202109221632348673857;d7d3f41da98969cf85c924a4793b944380d546943eaf04021479f7c9f648ac8a;7;1632348673867;;0;0;0;TJPE;G1;;2021/TJPE/09/G1/TJPE66763202109221632348673857;False;2021-09-22 19:11:13.867;Erro no arquivo
32;650394708;TJPE68745202109221632348671819;2fd91d10a1237fd1b32244c7f08bd50f8ca075bd3975cee9669d10f0dc5ac608;3;1632348671828;;98;98;0;TJPE;G1;813534.0;2021/TJPE/09/G1/TJPE68745202109221632348671819;False;2021-09-22 19:11:11.828;Processado com sucesso
33;650394701;TJPE73107202109221632348670056;d311a48e42b4292fea41053b1a8aa27bb56b137bdf4c8993a33ab5832275d3b2;7;1632348670066;;0;0;0;TJPE;G1;;2021/TJPE/09/G1/TJPE73107202109221632348670056;False;2021-09-22 19:11:10.066;Erro no arquivo
34;650394684;TJPE45114202109221632348667973;872c13504c40ce7967e2c6de80c8fb14c35666a6fd0189dafea97bb10fe4418c;7;1632348667983;;0;0;0;TJPE;G1;;2021/TJPE/09/G1/TJPE45114202109221632348667973;False;2021-09-22 19:11:07.983;Erro no arquivo
35;650394675;TJPE67236202109221632348665768;3f8b0e50a9e20853f4f3d2ab715f8b8408b6e7e955f4519c5820fd8aeb998525;7;1632348665783;;0;0;0;TJPE;G1;;2021/TJPE/09/G1/TJPE67236202109221632348665768;False;2021-09-22 19:11:05.783;Erro no arquivo
36;650394639;TJPE42347202109221632348659179;788a7510af6d0f873eda1895c32e98d3d36c5e6630c777006f76db756f9ebc20;7;1632348659189;;0;0;0;TJPE;G1;;2021/TJPE/09/G1/TJPE42347202109221632348659179;False;2021-09-22 19:10:59.189;Erro no arquivo
37;650394593;TJPE64674202109221632348650682;32d65aad1b9637526c8c1129a3604ff823e06623832c70446df8282432ed79c3;7;1632348650690;;0;0;0;TJPE;G1;;2021/TJPE/09/G1/TJPE64674202109221632348650682;False;2021-09-22 19:10:50.690;Erro no arquivo
38;650394555;TJPE25655202109221632348645017;6fda5c77ab1a14eac18f516846a2d0e5bccd5f194db59f2444069293391d7337;7;1632348645028;;0;0;0;TJPE;G1;;2021/TJPE/09/G1/TJPE25655202109221632348645017;False;2021-09-22 19:10:45.028;Erro no arquivo
39;650394518;TJPE52066202109221632348638135;3d1bed9ee6dc3bad5aa270b17b4e5bee4e5276810eccac83e222a71501a9a1aa;7;1632348638143;;0;0;0;TJPE;G1;;2021/TJPE/09/G1/TJPE52066202109221632348638135;False;2021-09-22 19:10:38.143;Erro no arquivo
0;650394471;TJPE10639202109221632348630183;1f27d2b3c81854434132eb7758797265a1707907f8abd958ebb8c542881e01c1;7;1632348630208;;0;0;0;TJPE;G1;;2021/TJPE/09/G1/TJPE10639202109221632348630183;False;2021-09-22 19:10:30.208;Erro no arquivo
1;650394461;TJPE26001202109221632348628205;4351e19c2602148fa6593a5758496e0a8cfd473f7472badf4de1f1d42e9c7e70;7;1632348628215;;0;0;0;TJPE;G1;;2021/TJPE/09/G1/TJPE26001202109221632348628205;False;2021-09-22 19:10:28.215;Erro no arquivo
2;650394451;TJPE70482202109221632348626616;d9e7d66abd2e4e3ac1ecb2f18028bb4abc9a13e73096ceea303c36025d637f9b;7;1632348626625;;0;0;0;TJPE;G1;;2021/TJPE/09/G1/TJPE70482202109221632348626616;False;2021-09-22 19:10:26.625;Erro no arquivo
3;650394440;TJPE66071202109221632348624766;c25510f418dc98e4339a18b4fb701962db6e90ad25ec487d046fdd86db2d6aac;7;1632348624782;;0;0;0;TJPE;G1;;2021/TJPE/09/G1/TJPE66071202109221632348624766;False;2021-09-22 19:10:24.782;Erro no arquivo
4;650394422;TJPE20259202109221632348621587;4801c0040ea43c02c322c559a75d39d9424b0a3bc46824c572d2c2408529af45;7;1632348621605;;0;0;0;TJPE;G1;;2021/TJPE/09/G1/TJPE20259202109221632348621587;False;2021-09-22 19:10:21.605;Erro no arquivo
5;650394411;TJPE44140202109221632348619642;0474d3952644e0719fa3b9eeb1131d88a50944a4f1a0efe731a077af53950388;7;1632348619651;;0;0;0;TJPE;G1;;2021/TJPE/09/G1/TJPE44140202109221632348619642;False;2021-09-22 19:10:19.651;Erro no arquivo
6;650394400;TJPE39351202109221632348617549;01d0e91c3b3aa9acf1ea4e95ed8dcd6cddbf0f2eadf668ef505a92c6c7143955;7;1632348617570;;0;0;0;TJPE;G1;;2021/TJPE/09/G1/TJPE39351202109221632348617549;False;2021-09-22 19:10:17.570;Erro no arquivo
7;650394387;TJPE96263202109221632348615204;76fc1833e4b5ae0dd98dd4de26009fa32c04d68e2d36ded33c9b3230e94ad9eb;7;1632348615213;;0;0;0;TJPE;G1;;2021/TJPE/09/G1/TJPE96263202109221632348615204;False;2021-09-22 19:10:15.213;Erro no arquivo
8;650394376;TJPE40652202109221632348613242;4417483aea296de503b5d8f2886e7de035bb1f419538001235950fb118b0c793;3;1632348613251;;100;100;0;TJPE;JE;1102366.0;2021/TJPE/09/JE/TJPE40652202109221632348613242;False;2021-09-22 19:10:13.251;Processado com sucesso
9;650394363;TJPE48885202109221632348610784;e43fabad1f428c7c58cd25473d9399c09bc52f954f152323fc8af60bd953dec4;3;1632348610803;;100;100;0;TJPE;G1;1583221.0;2021/TJPE/09/G1/TJPE48885202109221632348610784;False;2021-09-22 19:10:10.803;Processado com sucesso
10;650394349;TJPE54966202109221632348607907;9e16de16df31806ecd4fd3d7b3a1992f54b9e3e69cd821fbfa4f718fd00c49fb;7;1632348608025;;0;0;0;TJPE;G1;;2021/TJPE/09/G1/TJPE54966202109221632348607907;False;2021-09-22 19:10:08.025;Erro no arquivo
11;650394336;TJPE11186202109221632348604516;9cb9aa217e87c0b80bfb25bdd8a53934ccc0e35d141fde097ccc792dda3bb0f6;7;1632348604527;;0;0;0;TJPE;G1;;2021/TJPE/09/G1/TJPE11186202109221632348604516;False;2021-09-22 19:10:04.527;Erro no arquivo
12;650394314;TJPE34998202109221632348602575;37a512a6505895b118d94359670f446c92fe076ae61ec3a544709b1b0ab18100;7;1632348602584;;0;0;0;TJPE;G1;;2021/TJPE/09/G1/TJPE34998202109221632348602575;False;2021-09-22 19:10:02.584;Erro no arquivo
13;650394306;TJPE91972202109221632348600337;1fe9a99e0331fb00b1c206c8a5b705c0772e01f5d98ec1408a48194b432e2d09;7;1632348600350;;0;0;0;TJPE;G1;;2021/TJPE/09/G1/TJPE91972202109221632348600337;False;2021-09-22 19:10:00.350;Erro no arquivo
14;650394293;TJPE17958202109221632348598491;51d5f9ec502ee2195cf2023ce7a76588e78bf294ce6fbc3d80bbc61f8a1fe11b;7;1632348598499;;0;0;0;TJPE;G1;;2021/TJPE/09/G1/TJPE17958202109221632348598491;False;2021-09-22 19:09:58.499;Erro no arquivo
15;650394264;TJPE64066202109221632348593236;6095f05ea9d058c4f08d56e385196bf20512ffd36a0c759c987d510bcfebf03c;7;1632348593245;;0;0;0;TJPE;G1;;2021/TJPE/09/G1/TJPE64066202109221632348593236;False;2021-09-22 19:09:53.245;Erro no arquivo
16;650394230;TJPE32305202109221632348587539;bd09ef5d387d5988f1332c6d962f38c490f580150870ab153e0cb1b7f2a73bc9;3;1632348587573;;100;100;0;TJPE;G1;1797523.0;2021/TJPE/09/G1/TJPE32305202109221632348587539;False;2021-09-22 19:09:47.573;Processado com sucesso
17;650394165;TJPE68998202109221632348575135;fdd741aac04d92c19530f90bba43b7c509acb636faea292ccff67ba5399285cb;7;1632348575146;;0;0;0;TJPE;G1;;2021/TJPE/09/G1/TJPE68998202109221632348575135;False;2021-09-22 19:09:35.146;Erro no arquivo
18;650394141;TJPE61559202109221632348571035;d87150210c7e8672d656979358e25aea93a2f9c5aa5f6d52e3a456930f70dc07;3;1632348571043;;100;100;0;TJPE;JE;1077685.0;2021/TJPE/09/JE/TJPE61559202109221632348571035;False;2021-09-22 19:09:31.043;Processado com sucesso
19;650394107;TJPE37351202109221632348566695;0f25336e0bdacdabfcfd7c0735743cfe679c1641ece8fd63bfaf0260a396baa7;7;1632348566704;;0;0;0;TJPE;G1;;2021/TJPE/09/G1/TJPE37351202109221632348566695;False;2021-09-22 19:09:26.704;Erro no arquivo
20;650394084;TJPE35211202109221632348561935;531794b596a7c4cf60a27dcfbb2e39457fd409c8b871ca6ffda89f5d540f7c54;7;1632348561947;;0;0;0;TJPE;G1;;2021/TJPE/09/G1/TJPE35211202109221632348561935;False;2021-09-22 19:09:21.947;Erro no arquivo
21;650394055;TJPE37064202109221632348558086;5d7dd436d0229288418d689fc4f4d0f20583897f891a366ec55388631c42dc86;3;1632348558090;;95;95;0;TJPE;G1;520908.0;2021/TJPE/09/G1/TJPE37064202109221632348558086;False;2021-09-22 19:09:18.090;Processado com sucesso
22;650394038;TJPE47575202109221632348555443;1552f664850ad519f33e71a34329afd45407a74d3603f7a21b25ae99318acd6c;7;1632348555452;;0;0;0;TJPE;G1;;2021/TJPE/09/G1/TJPE47575202109221632348555443;False;2021-09-22 19:09:15.452;Erro no arquivo
23;650394011;TJPE99956202109221632348550419;1cacfd1760e7d4895b8e70a02a326a7425349c3f1a166fdbe8bf5947c1b0d411;7;1632348550428;;0;0;0;TJPE;G1;;2021/TJPE/09/G1/TJPE99956202109221632348550419;False;2021-09-22 19:09:10.428;Erro no arquivo
24;650393992;TJPE45586202109221632348547043;40b61813922054c89330ec7609359a5a76882c7a791f61eef035286d2c871098;3;1632348547056;;100;100;0;TJPE;G1;1775611.0;2021/TJPE/09/G1/TJPE45586202109221632348547043;False;2021-09-22 19:09:07.056;Processado com sucesso
25;650393932;TJPE90894202109221632348537685;74b6a7fa0eecb8210762dc8c997d5c7533df2fbfd96ba3df50f76bfe2b763826;7;1632348537695;;0;0;0;TJPE;G1;;2021/TJPE/09/G1/TJPE90894202109221632348537685;False;2021-09-22 19:08:57.695;Erro no arquivo
26;650393904;TJPE63463202109221632348533418;ed613b9f28daf7d0f37e0712610a531d8865e473e7ef04c807738eed9a30139b;7;1632348533430;;0;0;0;TJPE;G1;;2021/TJPE/09/G1/TJPE63463202109221632348533418;False;2021-09-22 19:08:53.430;Erro no arquivo
27;650393864;TJPE60439202109221632348527556;ccc287a5600054ff3b806808cfeeb99ca2601509db81822029bd0f82ca797b3a;7;1632348527575;;0;0;0;TJPE;G1;;2021/TJPE/09/G1/TJPE60439202109221632348527556;False;2021-09-22 19:08:47.575;Erro no arquivo
28;650393817;TJPE20725202109221632348521182;f90d84a0cd2c1cb86ddc91be7f3ebf7a27fb537b9f5e11928f48a5658cb8dfa1;7;1632348521190;;0;0;0;TJPE;G1;;2021/TJPE/09/G1/TJPE20725202109221632348521182;False;2021-09-22 19:08:41.190;Erro no arquivo
29;650393785;TJPE22344202109221632348514429;8ec9f5bf3d4d274eb2c84d9cae148605dacd102b4a616047ec739efc4f5a3547;7;1632348514439;;0;0;0;TJPE;G1;;2021/TJPE/09/G1/TJPE22344202109221632348514429;False;2021-09-22 19:08:34.439;Erro no arquivo
30;650393746;TJPE60830202109221632348507702;d93785375ae04a5f2cdb0a70aba25e6be9da5e18c65bdcd48c0be67d17209d0f;3;1632348507714;;100;100;0;TJPE;G1;1417308.0;2021/TJPE/09/G1/TJPE60830202109221632348507702;False;2021-09-22 19:08:27.714;Processado com sucesso
31;650393706;TJPE84026202109221632348501237;f0d1b2755d617648e31e369422908780bc8e59143efb2d8fe5705c5e3625bb04;7;1632348501254;;0;0;0;TJPE;G1;;2021/TJPE/09/G1/TJPE84026202109221632348501237;False;2021-09-22 19:08:21.254;Erro no arquivo
32;650393667;TJPE77520202109221632348493477;5b04fc2bfc4a1a6d1b5df2f40679521f0f6a9f34870382ca3923178372070ce4;3;1632348493492;;100;100;0;TJPE;G1;1361809.0;2021/TJPE/09/G1/TJPE77520202109221632348493477;False;2021-09-22 19:08:13.492;Processado com sucesso
33;650393644;TJPE61112202109221632348488761;e7a9abe42ecd0adc2abd3a8b2d1b5f8673597dd6592b3939e5e27e180f286fb9;7;1632348488774;;0;0;0;TJPE;G1;;2021/TJPE/09/G1/TJPE61112202109221632348488761;False;2021-09-22 19:08:08.774;Erro no arquivo
34;650393611;TJPE20585202109221632348482065;a1168925b9c3aebe357b5e2678cd70438cd16ca08d029ae38101ea134e7cda54;7;1632348482078;;0;0;0;TJPE;G1;;2021/TJPE/09/G1/TJPE20585202109221632348482065;False;2021-09-22 19:08:02.078;Erro no arquivo
35;650393571;TJPE27559202109221632348474817;c3a210cb789e3b1a1692e78564de28fc6854a01c9f5934c5bb7cde120267ddc8;7;1632348474832;;0;0;0;TJPE;G1;;2021/TJPE/09/G1/TJPE27559202109221632348474817;False;2021-09-22 19:07:54.832;Erro no arquivo
36;650393520;TJPE47229202109221632348465456;6fc271b3ee9d19e6f10c3d42a941e728cee8674102f9bdaa8f006d5f5230ef9a;7;1632348465465;;0;0;0;TJPE;G1;;2021/TJPE/09/G1/TJPE47229202109221632348465456;False;2021-09-22 19:07:45.465;Erro no arquivo
37;650393502;TJPE72305202109221632348463313;66ff83f1d9940f033dd37f7691fc393bf5c250735f2ab413e7eb651cfafc380b;7;1632348463318;;0;0;0;TJPE;G1;;2021/TJPE/09/G1/TJPE72305202109221632348463313;False;2021-09-22 19:07:43.318;Erro no arquivo
38;650393494;TJPE62632202109221632348461863;1a7d3e2c16100d9871cde29412e61c5f72ca4fb320ad3b820edbb18e9bc4298e;7;1632348461872;;0;0;0;TJPE;G1;;2021/TJPE/09/G1/TJPE62632202109221632348461863;False;2021-09-22 19:07:41.872;Erro no arquivo
39;650393484;TJPE67071202109221632348459804;903c53d1b3629ebdadef90e6eeb6bf2264287c3efc77aabe1dafa2a12ed1dea5;7;1632348459811;;0;0;0;TJPE;G1;;2021/TJPE/09/G1/TJPE67071202109221632348459804;False;2021-09-22 19:07:39.811;Erro no arquivo
0;650393469;TJPE13349202109221632348457855;bc073b346390d4825f14d60abee5e0c33ca3dba83bdcee985eb2ac21e1be54de;7;1632348457870;;0;0;0;TJPE;G1;;2021/TJPE/09/G1/TJPE13349202109221632348457855;False;2021-09-22 19:07:37.870;Erro no arquivo
1;650393451;TJPE52638202109221632348455171;43c258dd7fe9a747a5dada7c105a9d0f85fa20d370c883dd657bc8e375a99736;7;1632348455183;;0;0;0;TJPE;G1;;2021/TJPE/09/G1/TJPE52638202109221632348455171;False;2021-09-22 19:07:35.183;Erro no arquivo
2;650393433;TJPE89508202109221632348453427;f3076e57b1ee8350d92a34be1e6cef15d48d80d6ae772ffab8194548190f6078;7;1632348453435;;0;0;0;TJPE;G1;;2021/TJPE/09/G1/TJPE89508202109221632348453427;False;2021-09-22 19:07:33.435;Erro no arquivo
3;650393424;TJPE76137202109221632348451536;d33989858aaac272fbe9e86aec06c618901a7f504926947af159adbfd8bda655;7;1632348451552;;0;0;0;TJPE;G1;;2021/TJPE/09/G1/TJPE76137202109221632348451536;False;2021-09-22 19:07:31.552;Erro no arquivo
4;650393412;TJPE43617202109221632348449603;1c856ab791005f13e1f5a16c7583b2fb9bd912460dc1fb6a5fc9cf57d9fd76d9;7;1632348449614;;0;0;0;TJPE;G1;;2021/TJPE/09/G1/TJPE43617202109221632348449603;False;2021-09-22 19:07:29.614;Erro no arquivo
5;650393404;TJPE43617202109221632348447710;41aa226f273ddb953ce97433bd9ae71371577d7aea20dff516a9b9a4b6653c06;7;1632348447724;;0;0;0;TJPE;G1;;2021/TJPE/09/G1/TJPE43617202109221632348447710;False;2021-09-22 19:07:27.724;Erro no arquivo
6;650393390;TJPE67399202109221632348445506;c2526dc2f8df761119511e25722b3a4373b1eb2565d0025e991c62a805dfd779;7;1632348445518;;0;0;0;TJPE;G1;;2021/TJPE/09/G1/TJPE67399202109221632348445506;False;2021-09-22 19:07:25.518;Erro no arquivo
7;650393372;TJPE81726202109221632348443496;60323fa0bb0258d1fcf20aac935e5f7e7cecb5f540d41f134ce76a7739d0fa0e;7;1632348443572;;0;0;0;TJPE;G1;;2021/TJPE/09/G1/TJPE81726202109221632348443496;False;2021-09-22 19:07:23.572;Erro no arquivo
8;650393361;TJPE75783202109221632348441473;0a2ecefef2821b07aeb1a573e3ae9d7a155010ca1939eecc816f388a523245bf;7;1632348441482;;0;0;0;TJPE;G1;;2021/TJPE/09/G1/TJPE75783202109221632348441473;False;2021-09-22 19:07:21.482;Erro no arquivo
9;650393341;TJPE44030202109221632348439348;c51edbd78313d0d44d608a578e9b94105c22b2398e0ec6e5aa3dc1afabc78ef1;7;1632348439355;;0;0;0;TJPE;G1;;2021/TJPE/09/G1/TJPE44030202109221632348439348;False;2021-09-22 19:07:19.355;Erro no arquivo
10;650393325;TJPE37667202109221632348437482;ea42d1fa29ea38f65374ae4e9ec8d0d09d9b61262baf88bc819fbfd0c140a221;7;1632348437491;;0;0;0;TJPE;G1;;2021/TJPE/09/G1/TJPE37667202109221632348437482;False;2021-09-22 19:07:17.491;Erro no arquivo
11;650393233;TJPE48420202109221632348422277;ba54418b6c70369d7efdb9ee8d4b89e6c80ef45aae338bed36530fc76eda3e47;3;1632348422294;;91;91;0;TJPE;G1;1170805.0;2021/TJPE/09/G1/TJPE48420202109221632348422277;False;2021-09-22 19:07:02.294;Processado com sucesso
12;650393221;TJPE29777202109221632348420068;f59fa219ec7914c5092e7273070292cfedc6af66ec1bccf3c5ffdd7dc8e4106c;7;1632348420076;;0;0;0;TJPE;G1;;2021/TJPE/09/G1/TJPE29777202109221632348420068;False;2021-09-22 19:07:00.076;Erro no arquivo
13;650393205;TJPE39004202109221632348417853;5e9e65b9e1f2d88c564741dc6c0a086b7a0903d442cb4207602f8c61d68047c7;7;1632348417860;;0;0;0;TJPE;G1;;2021/TJPE/09/G1/TJPE39004202109221632348417853;False;2021-09-22 19:06:57.860;Erro no arquivo
14;650393192;TJPE64942202109221632348416080;c03570713c9ab03d24d0c2e2a187212aa962cbe92d75347ab10e669741332f98;7;1632348416088;;0;0;0;TJPE;G1;;2021/TJPE/09/G1/TJPE64942202109221632348416080;False;2021-09-22 19:06:56.088;Erro no arquivo
15;650393178;TJPE61747202109221632348414297;70fda203464093860c7b9ab0e51233022531f8b048fc69d1f48972016b61ae5c;7;1632348414305;;0;0;0;TJPE;G1;;2021/TJPE/09/G1/TJPE61747202109221632348414297;False;2021-09-22 19:06:54.305;Erro no arquivo
16;650393164;TJPE70559202109221632348411775;ae4abc984829925304bc62ea4221dd5d5fd9fbc4c45a12c879a00441f7bd7a5e;3;1632348411784;;100;100;0;TJPE;JE;1179305.0;2021/TJPE/09/JE/TJPE70559202109221632348411775;False;2021-09-22 19:06:51.784;Processado com sucesso
17;650393141;TJPE33821202109221632348409198;40d3081baf16b0b985fe3014993921bc7fdaa69c584af87fd05f78b694f8ff54;3;1632348409209;;100;100;0;TJPE;JE;1107714.0;2021/TJPE/09/JE/TJPE33821202109221632348409198;False;2021-09-22 19:06:49.209;Processado com sucesso
18;650393130;TJPE48037202109221632348406435;ef11c7bbb632e900514a58a0f4ee77fde43e169b94bd24cf244861ffffbeb752;7;1632348406444;;0;0;0;TJPE;G1;;2021/TJPE/09/G1/TJPE48037202109221632348406435;False;2021-09-22 19:06:46.444;Erro no arquivo
19;650393121;TJPE53667202109221632348404439;19245a62a2be03bf6137767330a3d08246895c80b74a310fc682aba91fbea1a1;7;1632348404451;;0;0;0;TJPE;G1;;2021/TJPE/09/G1/TJPE53667202109221632348404439;False;2021-09-22 19:06:44.451;Erro no arquivo
20;650393107;TJPE29670202109221632348401133;372fcbb43b6a1947d3c91b87d6aa22bf40c575f6617191d7f1c8d7c3d15f723e;7;1632348401144;;0;0;0;TJPE;G1;;2021/TJPE/09/G1/TJPE29670202109221632348401133;False;2021-09-22 19:06:41.144;Erro no arquivo
21;650393090;TJPE24423202109221632348398208;7dc789fe77bb0f83a957a58918dc7e5c9302e6754399fe988afc37c4a2c3a9c5;7;1632348398218;;0;0;0;TJPE;G1;;2021/TJPE/09/G1/TJPE24423202109221632348398208;False;2021-09-22 19:06:38.218;Erro no arquivo
22;650393076;TJPE87024202109221632348396358;73b8b9692950d458cb5bf13c70a223ab9ee8ae2cea5c4472dec04b59d0087fcf;7;1632348396378;;0;0;0;TJPE;G1;;2021/TJPE/09/G1/TJPE87024202109221632348396358;False;2021-09-22 19:06:36.378;Erro no arquivo
23;650393068;TJPE11337202109221632348394734;e18df67fabda3ac5ff2c9eb7a91e7dc8a3b1ca570ea60c60d5a9391d14c7f4da;7;1632348394746;;0;0;0;TJPE;G1;;2021/TJPE/09/G1/TJPE11337202109221632348394734;False;2021-09-22 19:06:34.746;Erro no arquivo
24;650393057;TJPE41423202109221632348392739;246e7823b41cb684aca1bf063e76159b424e259acbd45786d9bfcc7d1afcb6b8;7;1632348392750;;0;0;0;TJPE;G1;;2021/TJPE/09/G1/TJPE41423202109221632348392739;False;2021-09-22 19:06:32.750;Erro no arquivo
25;650393042;TJPE39207202109221632348390397;ba7d3c090d8947a9d4838b765c8dbed8dce4f396c6a39fc165cccc379304cabb;7;1632348390408;;0;0;0;TJPE;G1;;2021/TJPE/09/G1/TJPE39207202109221632348390397;False;2021-09-22 19:06:30.408;Erro no arquivo
26;650393026;TJPE82720202109221632348388112;ce0df89ee575a3b8211ad7f813cbe4f5e9de3c247821579a800b4ba15f010dee;7;1632348388126;;0;0;0;TJPE;G1;;2021/TJPE/09/G1/TJPE82720202109221632348388112;False;2021-09-22 19:06:28.126;Erro no arquivo
27;650393015;TJPE15276202109221632348386097;e66f4703dc7fad5ea24ddb8a543db44a1a087cc23c14a6796e7235944b3b96eb;3;1632348386109;;100;100;0;TJPE;JE;1060965.0;2021/TJPE/09/JE/TJPE15276202109221632348386097;False;2021-09-22 19:06:26.109;Processado com sucesso
28;650393007;TJPE21098202109221632348384285;d092bc376991eea62fd9587ac473d7b7f6747af3429703d1230b0d8000da4465;7;1632348384306;;0;0;0;TJPE;G1;;2021/TJPE/09/G1/TJPE21098202109221632348384285;False;2021-09-22 19:06:24.306;Erro no arquivo
29;650392994;TJPE91753202109221632348382182;3547cf27ac67c60c297b0145328e6591e82b32051daa5f939709b38d9f8b7fbf;7;1632348382195;;0;0;0;TJPE;G1;;2021/TJPE/09/G1/TJPE91753202109221632348382182;False;2021-09-22 19:06:22.195;Erro no arquivo
30;650392981;TJPE34946202109221632348380241;1162f63963c3df2e7ea9fbb22a6bf8d2a5562901e9ff4fd7e2bb9af0c0390ede;7;1632348380305;;0;0;0;TJPE;G1;;2021/TJPE/09/G1/TJPE34946202109221632348380241;False;2021-09-22 19:06:20.305;Erro no arquivo
31;650392972;TJPE82538202109221632348378351;14a22578d5bc26932dce4b918c8e9a5063033d828b68c25128cd1bf7f9e624dd;7;1632348378361;;0;0;0;TJPE;G1;;2021/TJPE/09/G1/TJPE82538202109221632348378351;False;2021-09-22 19:06:18.361;Erro no arquivo
32;650392956;TJPE42385202109221632348376266;07c55013e012b9fc83400f7429bc10ec220fabeb29d0c987aecbb8f36bd05197;7;1632348376274;;0;0;0;TJPE;JE;;2021/TJPE/09/JE/TJPE42385202109221632348376266;False;2021-09-22 19:06:16.274;Erro no arquivo
33;650392951;TJPE17967202109221632348374170;601f179c41be7422da1f663b4281d5bf24d57a6573aaf4c8ae1b825b8cc29dfe;7;1632348374183;;0;0;0;TJPE;G1;;2021/TJPE/09/G1/TJPE17967202109221632348374170;False;2021-09-22 19:06:14.183;Erro no arquivo
34;650392939;TJPE15727202109221632348371841;f342b6182b92ac530b095ba927dde762a0d78755a27f0eebf9cbb2bb6791b611;7;1632348371850;;0;0;0;TJPE;G1;;2021/TJPE/09/G1/TJPE15727202109221632348371841;False;2021-09-22 19:06:11.850;Erro no arquivo
35;650392928;TJPE94472202109221632348369789;114fd8c3fdc38881fc48ca8075ad182338ab73bc226be49e9a7725f69b783ab9;7;1632348369799;;0;0;0;TJPE;G1;;2021/TJPE/09/G1/TJPE94472202109221632348369789;False;2021-09-22 19:06:09.799;Erro no arquivo
36;650392917;TJPE46990202109221632348368435;10b0cc7bd8ec41ca9bd926ec99de88f8a5bf682abfca44e5e35bf4bc0a7dd970;7;1632348368445;;0;0;0;TJPE;G1;;2021/TJPE/09/G1/TJPE46990202109221632348368435;False;2021-09-22 19:06:08.445;Erro no arquivo
37;650392899;TJPE44378202109221632348365187;e5182c3d7d7289d5f2019d537467d78e3b899f3738cadf313d649bb4d8f08474;7;1632348365207;;0;0;0;TJPE;G1;;2021/TJPE/09/G1/TJPE44378202109221632348365187;False;2021-09-22 19:06:05.207;Erro no arquivo
38;650392889;TJPE51797202109221632348362947;48f857ed07dd4cb0cadf01bfb31cf4beb0585b8734014653eead7df6c9e85522;7;1632348362956;;0;0;0;TJPE;G1;;2021/TJPE/09/G1/TJPE51797202109221632348362947;False;2021-09-22 19:06:02.956;Erro no arquivo
39;650392876;TJPE51270202109221632348361080;448ee292eb17f879a758d80e21c6019f15e69e755ddbc70cbef6a54018aed773;7;1632348361087;;0;0;0;TJPE;G1;;2021/TJPE/09/G1/TJPE51270202109221632348361080;False;2021-09-22 19:06:01.087;Erro no arquivo
0;650392861;TJPE67794202109221632348359244;6a284104ce2563a2fb65a31a89264da7c6dbde4b13f613ba88a1abf8d3338da7;3;1632348359313;;100;100;0;TJPE;JE;1267984.0;2021/TJPE/09/JE/TJPE67794202109221632348359244;False;2021-09-22 19:05:59.313;Processado com sucesso
1;650392848;TJPE97274202109221632348356575;accbff6c4a3dc0aff877befaed08de497310be991dd942b74b44ea1eef8abe17;7;1632348356585;;0;0;0;TJPE;G1;;2021/TJPE/09/G1/TJPE97274202109221632348356575;False;2021-09-22 19:05:56.585;Erro no arquivo
2;650392835;TJPE39571202109221632348354574;af2d69d1c7bf6273f054e16346bd2bc6900f75f01251615d88ae680753733b23;3;1632348354587;;100;100;0;TJPE;JE;1045483.0;2021/TJPE/09/JE/TJPE39571202109221632348354574;False;2021-09-22 19:05:54.587;Processado com sucesso
3;650392825;TJPE42076202109221632348352594;47d99dd7c10e226934f3b283fb2f4dbfcce43ee9b0413c243406ea12177014b5;7;1632348352605;;0;0;0;TJPE;G1;;2021/TJPE/09/G1/TJPE42076202109221632348352594;False;2021-09-22 19:05:52.605;Erro no arquivo
4;650392813;TJPE77841202109221632348350784;0f12b7b2d6bdd6ad8b2f6ec2e121a0276411a2094a4b28490b151d5a51f1b5af;7;1632348350791;;0;0;0;TJPE;G1;;2021/TJPE/09/G1/TJPE77841202109221632348350784;False;2021-09-22 19:05:50.791;Erro no arquivo
5;650392802;TJPE67611202109221632348348997;0addee2d827cf3cdc973c6087d368a038e38108154a933138e43e481674fe470;3;1632348349026;;100;100;0;TJPE;JE;1593122.0;2021/TJPE/09/JE/TJPE67611202109221632348348997;False;2021-09-22 19:05:49.026;Processado com sucesso
6;650392783;TJPE35022202109221632348345795;5643ade890c6307130cf666887b31fecee3baa290df315b13836c43a351c1b82;7;1632348345804;;0;0;0;TJPE;G1;;2021/TJPE/09/G1/TJPE35022202109221632348345795;False;2021-09-22 19:05:45.804;Erro no arquivo
7;650392597;TJPE92911202109221632348313799;a78a37d5c312e46e52fe8345a907a900af4085161d32da5d5c3ef447061ced1e;3;1632348313808;;100;100;0;TJPE;JE;1127385.0;2021/TJPE/09/JE/TJPE92911202109221632348313799;False;2021-09-22 19:05:13.808;Processado com sucesso
8;650392575;TJPE88967202109221632348311099;0db302bf432e67bb477eed78e67245dc43f0ec87a3f5b523fc96db9e2eb8f138;7;1632348311110;;0;0;0;TJPE;G1;;2021/TJPE/09/G1/TJPE88967202109221632348311099;False;2021-09-22 19:05:11.110;Erro no arquivo
9;650392560;TJPE10322202109221632348309226;0dba0e14ca86f4c943c2c55e8a6234f11ffd863705b0303524c407ede0810c5c;3;1632348309236;;92;92;0;TJPE;G1;841055.0;2021/TJPE/09/G1/TJPE10322202109221632348309226;False;2021-09-22 19:05:09.236;Processado com sucesso
10;650392551;TJPE61366202109221632348307264;a1cbfbb8e323797008a24824748f5689a1d25e83074a95b5c99224cd3426f9c3;7;1632348307273;;0;0;0;TJPE;G1;;2021/TJPE/09/G1/TJPE61366202109221632348307264;False;2021-09-22 19:05:07.273;Erro no arquivo
11;650392539;TJPE53279202109221632348305143;96b857a88bb9cc24e7b67ba5e7dea6425d908a59bb84beeee172841c7f852450;7;1632348305157;;0;0;0;TJPE;G1;;2021/TJPE/09/G1/TJPE53279202109221632348305143;False;2021-09-22 19:05:05.157;Erro no arquivo
12;650392525;TJPE98160202109221632348303131;633ec7bda9709b334ba150f7d085787b6bc7841fff78c0bb9dba439f229310a7;7;1632348303143;;0;0;0;TJPE;G1;;2021/TJPE/09/G1/TJPE98160202109221632348303131;False;2021-09-22 19:05:03.143;Erro no arquivo
13;650392510;TJPE37780202109221632348301203;b9f6ed2794b3b0651a44ada3c633746d9a01be09b3796996545d201fddc63b8f;7;1632348301209;;0;0;0;TJPE;G1;;2021/TJPE/09/G1/TJPE37780202109221632348301203;False;2021-09-22 19:05:01.209;Erro no arquivo
14;650392500;TJPE29214202109221632348299548;6faee54a033b25037897614dbf87b6cb602fec087ff4a3ded2be87eefb36b476;7;1632348299555;;0;0;0;TJPE;G1;;2021/TJPE/09/G1/TJPE29214202109221632348299548;False;2021-09-22 19:04:59.555;Erro no arquivo
15;650392491;TJPE64558202109221632348297799;73f3501868205f36035060f42391488332120bb4583def58a7d736d7e2be82e5;7;1632348297809;;0;0;0;TJPE;G1;;2021/TJPE/09/G1/TJPE64558202109221632348297799;False;2021-09-22 19:04:57.809;Erro no arquivo
16;650392484;TJPE51441202109221632348295889;2795de2a716b0b871855cc70aae5623e9ecc096b0d6857a369b0b586b9dfa450;3;1632348295900;;100;100;0;TJPE;G1;1327867.0;2021/TJPE/09/G1/TJPE51441202109221632348295889;False;2021-09-22 19:04:55.900;Processado com sucesso
17;650392466;TJPE90953202109221632348292712;e3a57b6c299578e09effec57741a24a174dee53d91d61d4895f23b890a7f75a6;7;1632348292726;;0;0;0;TJPE;G1;;2021/TJPE/09/G1/TJPE90953202109221632348292712;False;2021-09-22 19:04:52.726;Erro no arquivo
18;650392451;TJPE46432202109221632348290624;470ec8fc1d224d1f316377dbf0f7603e4a46efea8f7ce26a89af43d9b3953dd5;7;1632348290632;;0;0;0;TJPE;G1;;2021/TJPE/09/G1/TJPE46432202109221632348290624;False;2021-09-22 19:04:50.632;Erro no arquivo
19;650392439;TJPE13215202109221632348288594;946e4a39957f34e4d1417c70ec6769b96b03371c2d51cea67ad9ae2083bc9b99;7;1632348288616;;0;0;0;TJPE;G1;;2021/TJPE/09/G1/TJPE13215202109221632348288594;False;2021-09-22 19:04:48.616;Erro no arquivo
20;650392426;TJPE93943202109221632348286804;8abcd69fb0e255b0cc128acf7cdad5053b1efdb98490c3cf2cc930f430b4848a;7;1632348286821;;0;0;0;TJPE;G1;;2021/TJPE/09/G1/TJPE93943202109221632348286804;False;2021-09-22 19:04:46.821;Erro no arquivo
21;650392385;TJPE15994202109221632348280817;24ca2df6144f4f3d44f55c8dd7d758c57ffe7128228201610e8292bda0c7b801;7;1632348280822;;0;0;0;TJPE;G1;;2021/TJPE/09/G1/TJPE15994202109221632348280817;False;2021-09-22 19:04:40.822;Erro no arquivo
22;650392375;TJPE38433202109221632348278501;d23173747829f80388d696d73544eef07e1bbce01f742a54c1efe27761c0b64c;7;1632348278513;;0;0;0;TJPE;G1;;2021/TJPE/09/G1/TJPE38433202109221632348278501;False;2021-09-22 19:04:38.513;Erro no arquivo
23;650392337;TJPE70442202109221632348270575;505f5408b365641472e0ca6abddced2ab3ff254af9f1ddae7fec39c0fe38567a;7;1632348270583;;0;0;0;TJPE;G1;;2021/TJPE/09/G1/TJPE70442202109221632348270575;False;2021-09-22 19:04:30.583;Erro no arquivo
24;650392301;TJPE80029202109221632348264139;cc9b0e620884c58e58acdb9ba46a62d38599cb0436a7386a35f2dc3b9aa3089e;7;1632348264152;;0;0;0;TJPE;G1;;2021/TJPE/09/G1/TJPE80029202109221632348264139;False;2021-09-22 19:04:24.152;Erro no arquivo
25;650392276;TJPE69155202109221632348259932;2c9cf92d1155fb35bd5c6a3d415977d08c4083e923adc69146249538f64ad104;7;1632348259939;;0;0;0;TJPE;JE;;2021/TJPE/09/JE/TJPE69155202109221632348259932;False;2021-09-22 19:04:19.939;Erro no arquivo
26;650392227;TJPE55518202109221632348252166;1a8b3d6e4e1b64a8ed5fe229e4551949630e010484f94c46f1b337d241ba9581;7;1632348252176;;0;0;0;TJPE;G1;;2021/TJPE/09/G1/TJPE55518202109221632348252166;False;2021-09-22 19:04:12.176;Erro no arquivo
27;650392215;TJPE62869202109221632348250165;541a38a42c22bb0dcb3b9cbbcc201fb35e19bc9dfe6084c79303954f96bc4f1f;3;1632348250174;;100;100;0;TJPE;JE;1106105.0;2021/TJPE/09/JE/TJPE62869202109221632348250165;False;2021-09-22 19:04:10.174;Processado com sucesso
28;650392207;TJPE82515202109221632348248366;695742d0d650b20d81a2b06bfe0c0dc64d758ce42f2c73f5296d113cf02e9ec7;7;1632348248373;;0;0;0;TJPE;G1;;2021/TJPE/09/G1/TJPE82515202109221632348248366;False;2021-09-22 19:04:08.373;Erro no arquivo
29;650392193;TJPE60506202109221632348246441;5b6dc411a9f6c006c24dd91abd9ca9036134afa571fe1a8deb50b531ff8cdb58;7;1632348246450;;0;0;0;TJPE;G1;;2021/TJPE/09/G1/TJPE60506202109221632348246441;False;2021-09-22 19:04:06.450;Erro no arquivo
30;650392181;TJPE15266202109221632348244339;a2fd8f88807350fb7482bd8d3bf583dbda169e4e4e6ccb1433496a866b776962;7;1632348244352;;0;0;0;TJPE;G1;;2021/TJPE/09/G1/TJPE15266202109221632348244339;False;2021-09-22 19:04:04.352;Erro no arquivo
31;650392167;TJPE60264202109221632348241560;0cdd1d066e19711237ace7da43e565dc0f6e35497a400c416f33cb0ae089605f;7;1632348241574;;0;0;0;TJPE;G1;;2021/TJPE/09/G1/TJPE60264202109221632348241560;False;2021-09-22 19:04:01.574;Erro no arquivo
32;650392150;TJPE98538202109221632348239234;693944db1b362bf9a2e37a2a835459ec4c73c80da6ed965541abb0335f3f48cc;7;1632348239248;;0;0;0;TJPE;G1;;2021/TJPE/09/G1/TJPE98538202109221632348239234;False;2021-09-22 19:03:59.248;Erro no arquivo
33;650392128;TJPE23899202109221632348235454;e150eb2eb98144a897dfefde78a259bde2a268e6e843cdf22765bf0bdece0544;7;1632348235463;;0;0;0;TJPE;G1;;2021/TJPE/09/G1/TJPE23899202109221632348235454;False;2021-09-22 19:03:55.463;Erro no arquivo
34;650392111;TJPE66386202109221632348233600;b4705867b74085fdadd731e8254499632b12a867983241b054cd0cb063e730d9;3;1632348233609;;100;100;0;TJPE;JE;1212316.0;2021/TJPE/09/JE/TJPE66386202109221632348233600;False;2021-09-22 19:03:53.609;Processado com sucesso
35;650392101;TJPE18818202109221632348231402;d821fbb59a47c5ace410dfded64cc27079063f9cfa5a02981c12027dbc08b7ba;7;1632348231416;;0;0;0;TJPE;G1;;2021/TJPE/09/G1/TJPE18818202109221632348231402;False;2021-09-22 19:03:51.416;Erro no arquivo
36;650392089;TJPE79951202109221632348229563;85cea517e2979718a2c58bb9290af486857e1460f7abc664a84d8a95e3ce90ee;7;1632348229570;;0;0;0;TJPE;G1;;2021/TJPE/09/G1/TJPE79951202109221632348229563;False;2021-09-22 19:03:49.570;Erro no arquivo
37;650392077;TJPE38786202109221632348227705;08f79e2ad96b7df0f8237ff84b4a40ecf33c3fff2a187ecb5605b25373ac7ab0;7;1632348227713;;0;0;0;TJPE;G1;;2021/TJPE/09/G1/TJPE38786202109221632348227705;False;2021-09-22 19:03:47.713;Erro no arquivo
38;650392067;TJPE57802202109221632348225669;8700df5a5770f29e5ef000df01db835f172c8d1ead5a984d9c7ade6f9101d058;7;1632348225683;;0;0;0;TJPE;G1;;2021/TJPE/09/G1/TJPE57802202109221632348225669;False;2021-09-22 19:03:45.683;Erro no arquivo
39;650392052;TJPE71192202109221632348223482;9f4e4782324d7f710a886a888e17555c9b47a69617744599275fd9f0d895eb06;7;1632348223488;;0;0;0;TJPE;G1;;2021/TJPE/09/G1/TJPE71192202109221632348223482;False;2021-09-22 19:03:43.488;Erro no arquivo
0;650392043;TJPE52009202109221632348221545;32d7dfd038d54291b0bdb5deb72add9c0e0cfd57c797073e66e1dfe5235c0a4c;7;1632348221552;;0;0;0;TJPE;G1;;2021/TJPE/09/G1/TJPE52009202109221632348221545;False;2021-09-22 19:03:41.552;Erro no arquivo
1;650392019;TJPE29249202109221632348216849;700814886fa65462ff16a289a95d611672796ff07b0f44a8377b66241034db61;7;1632348216858;;0;0;0;TJPE;G1;;2021/TJPE/09/G1/TJPE29249202109221632348216849;False;2021-09-22 19:03:36.858;Erro no arquivo
2;650391999;TJPE71305202109221632348214093;801b9c66816e38e9f03be3675cddd226a4a0ac21638c9b2f019fec546cb7ad49;7;1632348214106;;0;0;0;TJPE;G1;;2021/TJPE/09/G1/TJPE71305202109221632348214093;False;2021-09-22 19:03:34.106;Erro no arquivo
3;650391965;TJPE84452202109221632348207777;408b8fa18ddeb07982712cc1931332d3add47c805d21eefddcdca8924539fd14;7;1632348207791;;0;0;0;TJPE;G1;;2021/TJPE/09/G1/TJPE84452202109221632348207777;False;2021-09-22 19:03:27.791;Erro no arquivo
4;650391954;TJPE19915202109221632348205840;0ecb781bf500e205611bb9b97c04037e835565d8ea742f174d078003daa78bc0;7;1632348205850;;0;0;0;TJPE;G1;;2021/TJPE/09/G1/TJPE19915202109221632348205840;False;2021-09-22 19:03:25.850;Erro no arquivo
5;650391942;TJPE91158202109221632348203839;903fcda7f837b4b2079e285c7dc049930c6e9305682c660d3f0317439d094967;7;1632348203847;;0;0;0;TJPE;G1;;2021/TJPE/09/G1/TJPE91158202109221632348203839;False;2021-09-22 19:03:23.847;Erro no arquivo
6;650391933;TJPE46318202109221632348201802;6cc1e57af6e1f92dbbfa611d3b821a63497c4340bc4bbd9a2411194697013983;7;1632348201820;;0;0;0;TJPE;G1;;2021/TJPE/09/G1/TJPE46318202109221632348201802;False;2021-09-22 19:03:21.820;Erro no arquivo
7;650391923;TJPE73142202109221632348199204;b3b3a4f30fbb6e007dcabf769c731c1c8ac9e9aec268840226265506cbac5f60;7;1632348199216;;0;0;0;TJPE;G1;;2021/TJPE/09/G1/TJPE73142202109221632348199204;False;2021-09-22 19:03:19.216;Erro no arquivo
8;650391906;TJPE88927202109221632348197317;3fee7ea37adb7ea03efdaca1c0dc0b92e012423dfeb84772a615bfa8acf1fb41;7;1632348197325;;0;0;0;TJPE;G1;;2021/TJPE/09/G1/TJPE88927202109221632348197317;False;2021-09-22 19:03:17.325;Erro no arquivo
9;650391893;TJPE31974202109221632348195550;90243dce374971c0f9cfa5aa892ca5264314b32e5db8f2a235481a9e4d449830;7;1632348195563;;0;0;0;TJPE;G1;;2021/TJPE/09/G1/TJPE31974202109221632348195550;False;2021-09-22 19:03:15.563;Erro no arquivo
10;650391885;TJPE19841202109221632348193606;2230590720f74176f47fd40f4489c3d0eceb53186b170df9071ea965d083b230;7;1632348193619;;0;0;0;TJPE;G1;;2021/TJPE/09/G1/TJPE19841202109221632348193606;False;2021-09-22 19:03:13.619;Erro no arquivo
11;650391875;TJPE14951202109221632348191520;222c17869bbb224f7a7d1c00d1c1b82161c79ac24dbc0691046ca588baed7981;7;1632348191531;;0;0;0;TJPE;G1;;2021/TJPE/09/G1/TJPE14951202109221632348191520;False;2021-09-22 19:03:11.531;Erro no arquivo
12;650391860;TJPE25678202109221632348189063;65798491a47f3c6caf20494602f8aa9120b3da67018f33b8b633438070fe1a2b;7;1632348189075;;0;0;0;TJPE;G1;;2021/TJPE/09/G1/TJPE25678202109221632348189063;False;2021-09-22 19:03:09.075;Erro no arquivo
13;650391847;TJPE54886202109221632348187022;43b53a61e7bf4eb314d193889e64531d26ca8c5c6454aeeea22667340c9de8ad;7;1632348187030;;0;0;0;TJPE;G1;;2021/TJPE/09/G1/TJPE54886202109221632348187022;False;2021-09-22 19:03:07.030;Erro no arquivo
14;650391836;TJPE64384202109221632348184229;a96fbe98f2e39e2b3db4d0d58126a473dc3cafdb0a2a48b2cb93599fa28b1438;7;1632348184237;;0;0;0;TJPE;G1;;2021/TJPE/09/G1/TJPE64384202109221632348184229;False;2021-09-22 19:03:04.237;Erro no arquivo
15;650391827;TJPE95786202109221632348182441;d93fed5bfd7b6da30a16c53837c527e5dc72e1fcf3ed6a25a1e3616dbaef4527;7;1632348182455;;0;0;0;TJPE;G1;;2021/TJPE/09/G1/TJPE95786202109221632348182441;False;2021-09-22 19:03:02.455;Erro no arquivo
16;650391812;TJPE85420202109221632348180294;c2be64ce9eb95ad0563bb1b3379b0c1e7ea4620b590796e6957c5f964ee8264c;7;1632348180302;;0;0;0;TJPE;G1;;2021/TJPE/09/G1/TJPE85420202109221632348180294;False;2021-09-22 19:03:00.302;Erro no arquivo
17;650391802;TJPE97887202109221632348177764;27c7344499f16392510ee80996ed8a2861910a2bc50f62a94101cacf5043ef50;7;1632348177772;;0;0;0;TJPE;G1;;2021/TJPE/09/G1/TJPE97887202109221632348177764;False;2021-09-22 19:02:57.772;Erro no arquivo
18;650391787;TJPE42064202109221632348175576;42b29461fd21d655d1b5155fdfb291cab1b7e2ff7cad7e70ee0bf2dca2acf8e9;3;1632348175590;;100;100;0;TJPE;JE;1171406.0;2021/TJPE/09/JE/TJPE42064202109221632348175576;False;2021-09-22 19:02:55.590;Processado com sucesso
19;650391774;TJPE46250202109221632348172845;01d9c2d7e9118b82572c9cb50b392b8ef4e10d8ea94601431f7b53b2c720ef78;7;1632348172855;;0;0;0;TJPE;G1;;2021/TJPE/09/G1/TJPE46250202109221632348172845;False;2021-09-22 19:02:52.855;Erro no arquivo
20;650391760;TJPE90339202109221632348170477;6e7213560db6a1700a57071d85373ea600808872b88728be631d4cd8b23c9613;7;1632348170485;;0;0;0;TJPE;G1;;2021/TJPE/09/G1/TJPE90339202109221632348170477;False;2021-09-22 19:02:50.485;Erro no arquivo
21;650391750;TJPE29170202109221632348168592;487b729eb706705a1d2821de73e9b5a7dac423d536677fda2e07a6e7de6b7a01;7;1632348168603;;0;0;0;TJPE;G1;;2021/TJPE/09/G1/TJPE29170202109221632348168592;False;2021-09-22 19:02:48.603;Erro no arquivo
22;650391735;TJPE65259202109221632348165742;39a3b7ff103d750d02144ec15a4cb0576cfb37cd41d098f94a59d33e1537755b;7;1632348165760;;0;0;0;TJPE;G1;;2021/TJPE/09/G1/TJPE65259202109221632348165742;False;2021-09-22 19:02:45.760;Erro no arquivo
23;650391718;TJPE81061202109221632348163479;a21a87692eb45cadc8c66f3a959ec978f9a9a85f6d7a04b5c0a580b7f2e1cff0;3;1632348163492;;100;100;0;TJPE;G1;1599762.0;2021/TJPE/09/G1/TJPE81061202109221632348163479;False;2021-09-22 19:02:43.492;Processado com sucesso
24;650391702;TJPE87812202109221632348160615;396b5e78ae97f98ef0317f1d90a90fe8ba05de1b176a2aa40b56c5521f5e7e10;7;1632348160627;;0;0;0;TJPE;G1;;2021/TJPE/09/G1/TJPE87812202109221632348160615;False;2021-09-22 19:02:40.627;Erro no arquivo
25;650391693;TJPE98469202109221632348158352;39191666cb0fe546da6c2cfab86e40a05e0b439f8915fbb93608e00432823d19;7;1632348158362;;0;0;0;TJPE;G1;;2021/TJPE/09/G1/TJPE98469202109221632348158352;False;2021-09-22 19:02:38.362;Erro no arquivo
26;650391679;TJPE75446202109221632348156287;a6f981c0987cd0d4f96342eaf73d217eb877dba33c37b486ade7799ca753369f;7;1632348156297;;0;0;0;TJPE;G1;;2021/TJPE/09/G1/TJPE75446202109221632348156287;False;2021-09-22 19:02:36.297;Erro no arquivo
27;650391662;TJPE38854202109221632348154133;b840151b0704a72ee1136a652de1b0a8bda81e0f93bd35281c65d04cda7fe79c;7;1632348154152;;0;0;0;TJPE;G1;;2021/TJPE/09/G1/TJPE38854202109221632348154133;False;2021-09-22 19:02:34.152;Erro no arquivo
28;650391646;TJPE42830202109221632348152164;2e754325e8a7af63a14a972bba185dd015cfc9ec42de052ff76c6f4a620e0444;3;1632348152169;;77;77;0;TJPE;G1;529274.0;2021/TJPE/09/G1/TJPE42830202109221632348152164;False;2021-09-22 19:02:32.169;Processado com sucesso
29;650391632;TJPE10701202109221632348150601;a7f4006821fe4a9d090842f8468e4765d132afa976f04ae14d5c33e25c61bfcc;7;1632348150609;;0;0;0;TJPE;G1;;2021/TJPE/09/G1/TJPE10701202109221632348150601;False;2021-09-22 19:02:30.609;Erro no arquivo
30;650391532;TJPE10290202109221632348133294;6a64976d2726cd25b8a03151357f152cd0c66f76055fab236e719df0f86edee7;7;1632348133309;;0;0;0;TJPE;G1;;2021/TJPE/09/G1/TJPE10290202109221632348133294;False;2021-09-22 19:02:13.309;Erro no arquivo
31;650391517;TJPE36093202109221632348131216;e6d1960ba704edec8574a324ac7ada57a052be5ab5925ff150c05423a5b650d1;7;1632348131231;;0;0;0;TJPE;G1;;2021/TJPE/09/G1/TJPE36093202109221632348131216;False;2021-09-22 19:02:11.231;Erro no arquivo
32;650391499;TJPE42059202109221632348128333;850025c2a326a29a46107b4132b20549c56cae9e9da5ff1deb316589f4b8619a;7;1632348128356;;0;0;0;TJPE;G1;;2021/TJPE/09/G1/TJPE42059202109221632348128333;False;2021-09-22 19:02:08.356;Erro no arquivo
33;650391453;TJPE88220202109221632348119464;e80dcfce53a26a468767fb883dbfc6931747c8e584cd9d15306ec6219fa1d42c;7;1632348119478;;0;0;0;TJPE;G1;;2021/TJPE/09/G1/TJPE88220202109221632348119464;False;2021-09-22 19:01:59.478;Erro no arquivo
34;650391408;TJPE97125202109221632348112896;3c598334914fc70ad62daeda604731c109c45058c9f79ab57a6705d83d03d809;7;1632348112910;;0;0;0;TJPE;G1;;2021/TJPE/09/G1/TJPE97125202109221632348112896;False;2021-09-22 19:01:52.910;Erro no arquivo
35;650391352;TJPE93847202109221632348103225;c5acfe1b77a8a8f1c8b4fe14e578616127eb04a8cbf187860322b0d01ad554c2;7;1632348103239;;0;0;0;TJPE;G1;;2021/TJPE/09/G1/TJPE93847202109221632348103225;False;2021-09-22 19:01:43.239;Erro no arquivo
36;650391308;TJPE60070202109221632348096136;fffeb2f1112f2168dae51fdd4597313a711ef564d1d11ddd1711518d110ace2a;7;1632348096151;;0;0;0;TJPE;G1;;2021/TJPE/09/G1/TJPE60070202109221632348096136;False;2021-09-22 19:01:36.151;Erro no arquivo
37;650391292;TJPE84531202109221632348093679;3fff655374e62a558ff66e4d9371e7b84a030a0a600dd3dfdf2a68c6451ca2f3;7;1632348093688;;0;0;0;TJPE;G1;;2021/TJPE/09/G1/TJPE84531202109221632348093679;False;2021-09-22 19:01:33.688;Erro no arquivo
38;650391280;TJPE12183202109221632348091656;5df352a55168ebc5e4c19a2f1ff8aa55bb7fccc0cb064546f3f09d94699a4cf8;7;1632348091671;;0;0;0;TJPE;G1;;2021/TJPE/09/G1/TJPE12183202109221632348091656;False;2021-09-22 19:01:31.671;Erro no arquivo
39;650391270;TJPE71303202109221632348089586;dbb8ccfa3baa7ca6adfe939d5788a9fda3a8869c08d7583e884a303ddc96f354;7;1632348089595;;0;0;0;TJPE;G1;;2021/TJPE/09/G1/TJPE71303202109221632348089586;False;2021-09-22 19:01:29.595;Erro no arquivo
0;650391257;TJPE75066202109221632348087698;72f32c6daa54b0f2c454eddadd05d15daef7e44963f47d42d91f6552952a149d;7;1632348087708;;0;0;0;TJPE;JE;;2021/TJPE/09/JE/TJPE75066202109221632348087698;False;2021-09-22 19:01:27.708;Erro no arquivo
1;650391243;TJPE47134202109221632348085762;1053184b83f5f82352383461aade34bf6f251a5ae95acba8eeabfe3225286407;7;1632348085777;;0;0;0;TJPE;G1;;2021/TJPE/09/G1/TJPE47134202109221632348085762;False;2021-09-22 19:01:25.777;Erro no arquivo
2;650391230;TJPE92439202109221632348083176;828a8f9e5cae3f8f62ce627579fc5872e1ce16d8fd1e8411d6efc9f4bd6a5b3f;7;1632348083185;;0;0;0;TJPE;G1;;2021/TJPE/09/G1/TJPE92439202109221632348083176;False;2021-09-22 19:01:23.185;Erro no arquivo
3;650391218;TJPE60952202109221632348080571;85aa146dd4b2c86786cf939912329ffa1ac9bb283375ee530ede14e3eb81c506;7;1632348080579;;0;0;0;TJPE;G1;;2021/TJPE/09/G1/TJPE60952202109221632348080571;False;2021-09-22 19:01:20.579;Erro no arquivo
4;650391202;TJPE45696202109221632348078062;4e03d179842c02d1af74f703591bff5658bd57d14db008e9f41b00265e017afe;3;1632348078070;;100;100;0;TJPE;JE;986658.0;2021/TJPE/09/JE/TJPE45696202109221632348078062;False;2021-09-22 19:01:18.070;Processado com sucesso
5;650391178;TJPE98434202109221632348073244;93e6851bb24657916a721b81bd529628ac5253d93103e8472072109e2b1799bd;7;1632348073267;;0;0;0;TJPE;G1;;2021/TJPE/09/G1/TJPE98434202109221632348073244;False;2021-09-22 19:01:13.267;Erro no arquivo
6;650391146;TJPE43020202109221632348064038;a4208b2ddd5fbc11de298a8afdf6f7f46502c7617311fdf484161c7d5133bc27;7;1632348064047;;0;0;0;TJPE;G1;;2021/TJPE/09/G1/TJPE43020202109221632348064038;False;2021-09-22 19:01:04.047;Erro no arquivo
7;650390897;TJPE18512202109221632348028393;61db846453011558f5f7d2d95d09d3d5bc1133345da1210babe7a280d9e6f90e;7;1632348028401;;0;0;0;TJPE;G1;;2021/TJPE/09/G1/TJPE18512202109221632348028393;False;2021-09-22 19:00:28.401;Erro no arquivo
8;650390866;TJPE11655202109221632348023204;1653bcb89b6f25ef0e9832f0bab8ec15e6278268611d0099b6fc29992584390c;7;1632348023213;;0;0;0;TJPE;G1;;2021/TJPE/09/G1/TJPE11655202109221632348023204;False;2021-09-22 19:00:23.213;Erro no arquivo
9;650390834;TJPE32250202109221632348018677;d457d5ddf33300864ff842f896ae9df8b5880c73c83a68a2e62a850dc0c40608;7;1632348018686;;0;0;0;TJPE;G1;;2021/TJPE/09/G1/TJPE32250202109221632348018677;False;2021-09-22 19:00:18.686;Erro no arquivo
10;650390812;TJPE61315202109221632348014660;df836ea042648d0e70c9c158af31e69d11de286a6c5be8a63398ae608322e34a;7;1632348014672;;0;0;0;TJPE;G1;;2021/TJPE/09/G1/TJPE61315202109221632348014660;False;2021-09-22 19:00:14.672;Erro no arquivo
11;650390777;TJPE80931202109221632348009417;9e819aeca4b28dd40bf89739a556d1d91226a3161f9592ffdc3592ce89fbac60;7;1632348009432;;0;0;0;TJPE;G1;;2021/TJPE/09/G1/TJPE80931202109221632348009417;False;2021-09-22 19:00:09.432;Erro no arquivo
12;650390749;TJPE62615202109221632348004622;060a7762ee007b7fa2e05406aaace2d1954dcc3baa1504f6237fd6105d11c997;7;1632348004629;;0;0;0;TJPE;G1;;2021/TJPE/09/G1/TJPE62615202109221632348004622;False;2021-09-22 19:00:04.629;Erro no arquivo
13;650390717;TJPE62151202109221632347998848;763fdcb88b8a99be0867492a9544e69057310564a0cb02791418a5720dccf773;7;1632347998859;;0;0;0;TJPE;G1;;2021/TJPE/09/G1/TJPE62151202109221632347998848;False;2021-09-22 18:59:58.859;Erro no arquivo
14;650390688;TJPE67892202109221632347994316;f87805f9a10789abf64f8abbeddb15536b36f55e528c645a31e0c0ed464d0f6a;7;1632347994323;;0;0;0;TJPE;G1;;2021/TJPE/09/G1/TJPE67892202109221632347994316;False;2021-09-22 18:59:54.323;Erro no arquivo
15;650390675;TJPE82613202109221632347991801;6803036e769cf2150553f853c497178b82e5fe57535d1d1dc31561426b32f7e8;3;1632347991815;;96;96;0;TJPE;G1;1243917.0;2021/TJPE/09/G1/TJPE82613202109221632347991801;False;2021-09-22 18:59:51.815;Processado com sucesso
16;650390653;TJPE66119202109221632347986010;befc5fa16985055e82e733d9b2501bb5e665e8f14abb60c4961fbfaefd34ddd7;7;1632347986023;;0;0;0;TJPE;G1;;2021/TJPE/09/G1/TJPE66119202109221632347986010;False;2021-09-22 18:59:46.023;Erro no arquivo
17;650390613;TJPE67741202109221632347979223;558cb14981a4a1b00f94173d162b28650572929d7f0f07b65482cbeaf2d7446a;3;1632347979234;;93;93;0;TJPE;G1;1025427.0;2021/TJPE/09/G1/TJPE67741202109221632347979223;False;2021-09-22 18:59:39.234;Processado com sucesso
18;650390575;TJPE56555202109221632347972073;49ec32196f7c02da133f495c266fbb8e346633c0751484401692d899728d1454;7;1632347972096;;0;0;0;TJPE;G1;;2021/TJPE/09/G1/TJPE56555202109221632347972073;False;2021-09-22 18:59:32.096;Erro no arquivo
19;650390553;TJPE53457202109221632347967367;d4a7f60b63ae8ea5bc09c953268bd58c07ca0fab57a241016d2ec31873113dda;7;1632347967394;;0;0;0;TJPE;G1;;2021/TJPE/09/G1/TJPE53457202109221632347967367;False;2021-09-22 18:59:27.394;Erro no arquivo
20;650390519;TJPE35889202109221632347963040;feee4f58187900eb74752801ab11cce829808ff42e0c103be6f4e89669cf2ab2;7;1632347963052;;0;0;0;TJPE;G1;;2021/TJPE/09/G1/TJPE35889202109221632347963040;False;2021-09-22 18:59:23.052;Erro no arquivo
21;650390490;TJPE42579202109221632347958567;b4a19cd272fa04f7996d92f7f2d5786339c59e020c5639761b7fd6bf4d0fce4c;7;1632347958581;;0;0;0;TJPE;G1;;2021/TJPE/09/G1/TJPE42579202109221632347958567;False;2021-09-22 18:59:18.581;Erro no arquivo
22;650390449;TJPE30052202109221632347950631;320c8abff86031f2f0acb9e456fc92bd91213eaba5d247a27b78fdc9eabb9eb0;7;1632347950646;;0;0;0;TJPE;G1;;2021/TJPE/09/G1/TJPE30052202109221632347950631;False;2021-09-22 18:59:10.646;Erro no arquivo
23;650390415;TJPE59381202109221632347944029;6028048629f66125be74ca8bef16dc901a4d4c9a2c0a8765261419ff1ec8fa1d;3;1632347944040;;100;100;0;TJPE;JE;907235.0;2021/TJPE/09/JE/TJPE59381202109221632347944029;False;2021-09-22 18:59:04.040;Processado com sucesso
24;650390391;TJPE79910202109221632347939977;c6da26ce80020c5f70298be46fe01c78aec0d49edce8ccfc86fcbedbceb1d7bf;7;1632347939993;;0;0;0;TJPE;G1;;2021/TJPE/09/G1/TJPE79910202109221632347939977;False;2021-09-22 18:58:59.993;Erro no arquivo
25;650390349;TJPE45284202109221632347931919;d5e00193cbaa16050741d1c47325bf2506edb7fbff272b13ff15c7cce4685ac8;7;1632347931926;;0;0;0;TJPE;G1;;2021/TJPE/09/G1/TJPE45284202109221632347931919;False;2021-09-22 18:58:51.926;Erro no arquivo
26;650390327;TJPE69600202109221632347927945;2d822f49c75ee4e5012907b6777078d97f75974b15baa6a1a4b312d412ae986e;7;1632347927953;;0;0;0;TJPE;G1;;2021/TJPE/09/G1/TJPE69600202109221632347927945;False;2021-09-22 18:58:47.953;Erro no arquivo
27;650390296;TJPE58460202109221632347923285;a7c606804aba3415cbc854785122324eba5b76fdb1c53a98bc2f2be115f1f04c;7;1632347923304;;0;0;0;TJPE;G1;;2021/TJPE/09/G1/TJPE58460202109221632347923285;False;2021-09-22 18:58:43.304;Erro no arquivo
28;650390257;TJPE60924202109221632347916494;c4c6749053c9b83b59aa63c61f9bfbbac11b623def4712d711eec9c38a7d96a3;7;1632347916504;;0;0;0;TJPE;G1;;2021/TJPE/09/G1/TJPE60924202109221632347916494;False;2021-09-22 18:58:36.504;Erro no arquivo
29;650390235;TJPE24301202109221632347912007;63e4d4edd8c43e68aa8222502600fd286de2ad365c30ec4ddc9f3bc693ff69bf;7;1632347912014;;0;0;0;TJPE;G1;;2021/TJPE/09/G1/TJPE24301202109221632347912007;False;2021-09-22 18:58:32.014;Erro no arquivo
30;650390217;TJPE86443202109221632347908649;eaf08ee8381f1dccbdc22d87c084d8a78fb534c9e8d6ffb256485f35267f29f9;3;1632347908654;;98;98;0;TJPE;G1;632126.0;2021/TJPE/09/G1/TJPE86443202109221632347908649;False;2021-09-22 18:58:28.654;Processado com sucesso
31;650390196;TJPE55950202109221632347904742;72b5a30aacac4e0d41128e8b90815a95aa76d9cb4f98571c5e8aceeebd7385b0;7;1632347904750;;0;0;0;TJPE;G1;;2021/TJPE/09/G1/TJPE55950202109221632347904742;False;2021-09-22 18:58:24.750;Erro no arquivo
32;650390155;TJPE51903202109221632347897189;9c1ac5b811eb168b4554504041883714f6cc7fd99ff328e77a313f94b850e6f2;7;1632347897197;;0;0;0;TJPE;G1;;2021/TJPE/09/G1/TJPE51903202109221632347897189;False;2021-09-22 18:58:17.197;Erro no arquivo
33;650390118;TJPE49642202109221632347891021;cba6c25f1c6c6be3be52fde836dbf2c6cee239511b1d5e4dcfbd0e953877ec38;7;1632347891030;;0;0;0;TJPE;G1;;2021/TJPE/09/G1/TJPE49642202109221632347891021;False;2021-09-22 18:58:11.030;Erro no arquivo
34;650390092;TJPE26104202109221632347886392;58141f44b4684104751bd79fd099349a5a2c8045622f44ca4a1040b88122d880;7;1632347886399;;0;0;0;TJPE;G1;;2021/TJPE/09/G1/TJPE26104202109221632347886392;False;2021-09-22 18:58:06.399;Erro no arquivo
35;650390065;TJPE13473202109221632347880006;6208b0056f96543c8999dcf5aab2ea4316d8404a9850745780d659484d32cae1;7;1632347880018;;0;0;0;TJPE;G1;;2021/TJPE/09/G1/TJPE13473202109221632347880006;False;2021-09-22 18:58:00.018;Erro no arquivo
36;650390045;TJPE26877202109221632347877390;fef6dadc009cc5b347c8d49acca3b43b74e728bce109a8f2c4093d71779f8f75;7;1632347877398;;0;0;0;TJPE;G1;;2021/TJPE/09/G1/TJPE26877202109221632347877390;False;2021-09-22 18:57:57.398;Erro no arquivo
37;650389997;TJPE90552202109221632347868349;16948075a5cc7f0aa49b8e14b804b8cce44fc6c3e51c1a3ebcb77172607daaaf;7;1632347868372;;0;0;0;TJPE;G1;;2021/TJPE/09/G1/TJPE90552202109221632347868349;False;2021-09-22 18:57:48.372;Erro no arquivo
38;650389972;TJPE51872202109221632347863898;d94abfec20d7ca4ba18643badd2d045c16fb164ffa7d528b6c2ce7787e452737;7;1632347863908;;0;0;0;TJPE;G1;;2021/TJPE/09/G1/TJPE51872202109221632347863898;False;2021-09-22 18:57:43.908;Erro no arquivo
39;650389954;TJPE53124202109221632347859890;a7b855c25534c5feaadbe52412b5e46b5a389addd18d20cbc7b00db12a476605;7;1632347859900;;0;0;0;TJPE;G1;;2021/TJPE/09/G1/TJPE53124202109221632347859890;False;2021-09-22 18:57:39.900;Erro no arquivo
0;650389930;TJPE51322202109221632347855217;3bb3433bba62125ebf54a62dc3a1192a2b32d964e1e767e5f3a4762bf0e1b10d;7;1632347855226;;0;0;0;TJPE;G1;;2021/TJPE/09/G1/TJPE51322202109221632347855217;False;2021-09-22 18:57:35.226;Erro no arquivo
1;650389904;TJPE31466202109221632347851237;4c55c05e81bfac80528e12692a43c758a0e4fe3947d3fda889e3342fada7fa3b;7;1632347851245;;0;0;0;TJPE;G1;;2021/TJPE/09/G1/TJPE31466202109221632347851237;False;2021-09-22 18:57:31.245;Erro no arquivo
2;650389861;TJPE98981202109221632347843590;0cb33f66078e0f45640d94797310f3c7767b43d8ef3a704f499cbb932ab2d001;7;1632347843601;;0;0;0;TJPE;G1;;2021/TJPE/09/G1/TJPE98981202109221632347843590;False;2021-09-22 18:57:23.601;Erro no arquivo
3;650389833;TJPE94048202109221632347837186;ebb49502b4b7714359160e252ceae4f6fdc9e4aa98905868c49e2be27e996d63;7;1632347837199;;0;0;0;TJPE;G1;;2021/TJPE/09/G1/TJPE94048202109221632347837186;False;2021-09-22 18:57:17.199;Erro no arquivo
4;650389798;TJPE74380202109221632347831350;d2debebfff69c0459b7c7cc3a8f1d9f87a1747b781d4628be9c3fc62a09362f6;7;1632347831359;;0;0;0;TJPE;G1;;2021/TJPE/09/G1/TJPE74380202109221632347831350;False;2021-09-22 18:57:11.359;Erro no arquivo
5;650389750;TJPE88180202109221632347823224;4ff1771ca8911af342bc450cbd43100718dc8b899f5a4ad0e9477a6ffd229fcf;7;1632347823234;;0;0;0;TJPE;G1;;2021/TJPE/09/G1/TJPE88180202109221632347823224;False;2021-09-22 18:57:03.234;Erro no arquivo
6;650389707;TJPE18175202109221632347814174;d6ca5eef89f42c50160fc9bcccf05a5d948fa2d5019e1c57eb4a82c51afec145;7;1632347814183;;0;0;0;TJPE;G1;;2021/TJPE/09/G1/TJPE18175202109221632347814174;False;2021-09-22 18:56:54.183;Erro no arquivo
7;650389672;TJPE13760202109221632347808347;43d814fa8b70607a89a0654ec654c4f93bcf134e4c08f9ad66b498b95e1543d3;7;1632347808356;;0;0;0;TJPE;G1;;2021/TJPE/09/G1/TJPE13760202109221632347808347;False;2021-09-22 18:56:48.356;Erro no arquivo
8;650389635;TJPE21177202109221632347800518;bb8385fca18b05e7fa978c2a6f8fbcf52ebb8d869444b0131a800f3fe31b91eb;7;1632347800527;;0;0;0;TJPE;G1;;2021/TJPE/09/G1/TJPE21177202109221632347800518;False;2021-09-22 18:56:40.527;Erro no arquivo
9;650389615;TJPE92395202109221632347796518;e6856741c3ea9217a0ba79c1380e2a9db2f97efbfdb3dc90244eb975a7f59652;7;1632347796533;;0;0;0;TJPE;G1;;2021/TJPE/09/G1/TJPE92395202109221632347796518;False;2021-09-22 18:56:36.533;Erro no arquivo
10;650389582;TJPE52803202109221632347789645;cd5e5ea8b093040ba5e40c50444afdb73933cef7007eb32d77284d2772852204;7;1632347789655;;0;0;0;TJPE;G1;;2021/TJPE/09/G1/TJPE52803202109221632347789645;False;2021-09-22 18:56:29.655;Erro no arquivo
11;650389549;TJPE34506202109221632347784877;8dc8e15f404644259e157edab8be934e2cc04d15e4b634f2e1baed603c95497f;7;1632347784890;;0;0;0;TJPE;G1;;2021/TJPE/09/G1/TJPE34506202109221632347784877;False;2021-09-22 18:56:24.890;Erro no arquivo
12;650389533;TJPE99101202109221632347782181;e879251c0c3da978cc300410514e9548241bdf3646aa46d1a52bbdd8ae6b7e01;7;1632347782190;;0;0;0;TJPE;G1;;2021/TJPE/09/G1/TJPE99101202109221632347782181;False;2021-09-22 18:56:22.190;Erro no arquivo
13;650389501;TJPE45078202109221632347778400;ac7bd21085d8a91e0344140e6c92984d62708e220b84f907eb4801a5fcca3ae9;3;1632347778409;;95;95;0;TJPE;G1;1244242.0;2021/TJPE/09/G1/TJPE45078202109221632347778400;False;2021-09-22 18:56:18.409;Processado com sucesso
14;650389474;TJPE23080202109221632347773456;208abb27257709a41b08f95524527e778bed101d4ba421ef0d369555e49eeb58;7;1632347773464;;0;0;0;TJPE;G1;;2021/TJPE/09/G1/TJPE23080202109221632347773456;False;2021-09-22 18:56:13.464;Erro no arquivo
15;650389444;TJPE53966202109221632347768272;f88f8d5bee0e9029024312825aec817c77888df13dbb31aafed0a2505f8007b0;7;1632347768280;;0;0;0;TJPE;G1;;2021/TJPE/09/G1/TJPE53966202109221632347768272;False;2021-09-22 18:56:08.280;Erro no arquivo
16;650389403;TJPE29960202109221632347761023;ddd038ba790b5f6b186eff43d168056e306a7d42f44539ab934becaa5a257f83;7;1632347761031;;0;0;0;TJPE;G1;;2021/TJPE/09/G1/TJPE29960202109221632347761023;False;2021-09-22 18:56:01.031;Erro no arquivo
17;650389375;TJPE55963202109221632347755408;27b9f59d67f652da51611b35d2417b5e461db54389c461442bba8e1cd5c2a7b4;7;1632347755421;;0;0;0;TJPE;G1;;2021/TJPE/09/G1/TJPE55963202109221632347755408;False;2021-09-22 18:55:55.421;Erro no arquivo
18;650389349;TJPE52006202109221632347750268;4245f5e74f1e979b70dfe54de3faa9e2da336bfb3bf152709e119920276a466b;7;1632347750279;;0;0;0;TJPE;G1;;2021/TJPE/09/G1/TJPE52006202109221632347750268;False;2021-09-22 18:55:50.279;Erro no arquivo
19;650389325;TJPE18924202109221632347745896;340c95cd333d21fe2a75fbbec2a9db33b960ff3c4513191bf4e1d3dda99171a3;7;1632347745907;;0;0;0;TJPE;G1;;2021/TJPE/09/G1/TJPE18924202109221632347745896;False;2021-09-22 18:55:45.907;Erro no arquivo
20;650389283;TJPE27088202109221632347739496;c365ffcd090fc0383abc435c16f4bc20666822eacfa7b194e29474cb43d0362f;7;1632347739584;;0;0;0;TJPE;G1;;2021/TJPE/09/G1/TJPE27088202109221632347739496;False;2021-09-22 18:55:39.584;Erro no arquivo
21;650389259;TJPE24083202109221632347735562;1410657bd6d570cab87bffb3f09fe2ea3b02a694d0f61df2654a6438c700b82d;7;1632347735573;;0;0;0;TJPE;G1;;2021/TJPE/09/G1/TJPE24083202109221632347735562;False;2021-09-22 18:55:35.573;Erro no arquivo
22;650389206;TJPE42705202109221632347726708;640abfd5626ecf3c33cd9d501616f896432a519efa9e394d9eb607498100ea53;7;1632347726717;;0;0;0;TJPE;G1;;2021/TJPE/09/G1/TJPE42705202109221632347726708;False;2021-09-22 18:55:26.717;Erro no arquivo
23;650389171;TJPE94176202109221632347721415;71cf2b3b6e0e96cb68f025660122ad569d862191857e7fee24df991afcebc988;7;1632347721422;;0;0;0;TJPE;G1;;2021/TJPE/09/G1/TJPE94176202109221632347721415;False;2021-09-22 18:55:21.422;Erro no arquivo
24;650389130;TJPE75982202109221632347715138;0dc1c5d757b3a26018ade4c0a8d7927d371cfb38e010809acce1766902ce9ed2;7;1632347715151;;0;0;0;TJPE;G1;;2021/TJPE/09/G1/TJPE75982202109221632347715138;False;2021-09-22 18:55:15.151;Erro no arquivo
25;650389093;TJPE41009202109221632347707235;d8058064678c909805bd0e9277c4758cf95b2f5f80e5d539dc8ca43d834da0e6;7;1632347707243;;0;0;0;TJPE;G1;;2021/TJPE/09/G1/TJPE41009202109221632347707235;False;2021-09-22 18:55:07.243;Erro no arquivo
26;650389063;TJPE59566202109221632347701547;39cc4b534b96cc45d3b757b89b1abe667f8c5ee1b90b0a823acd40c52fa4e2a8;7;1632347701556;;0;0;0;TJPE;G1;;2021/TJPE/09/G1/TJPE59566202109221632347701547;False;2021-09-22 18:55:01.556;Erro no arquivo
27;650389027;TJPE71455202109221632347697177;080f0d68055af5e8925d15f2ec3559f40a2d43d4346cc38bc347c90fef5ca893;7;1632347697186;;0;0;0;TJPE;G1;;2021/TJPE/09/G1/TJPE71455202109221632347697177;False;2021-09-22 18:54:57.186;Erro no arquivo
28;650389020;TJPE85208202109221632347695155;fd0b9ddbfd28e7449a34c768aa23957c4489e8f3a2e54d28fe7fab94868d4976;7;1632347695178;;0;0;0;TJPE;G1;;2021/TJPE/09/G1/TJPE85208202109221632347695155;False;2021-09-22 18:54:55.178;Erro no arquivo
29;650389004;TJPE69571202109221632347693009;96046030bb2a782f39d14e721eeed53b807ce2cb9ef95a18498e1f47c1d7d96a;7;1632347693017;;0;0;0;TJPE;G1;;2021/TJPE/09/G1/TJPE69571202109221632347693009;False;2021-09-22 18:54:53.017;Erro no arquivo
30;650388993;TJPE51125202109221632347690803;611b6e08616184e5849001119d547557d6676a68e67964ee1626fc64b6820f0e;7;1632347690826;;0;0;0;TJPE;G1;;2021/TJPE/09/G1/TJPE51125202109221632347690803;False;2021-09-22 18:54:50.826;Erro no arquivo
31;650388980;TJPE63022202109221632347688293;481acfa7237ee1132b3c25fd32362fceb7d2aa36d2c0b89c607655343cd66e1b;7;1632347688314;;0;0;0;TJPE;G1;;2021/TJPE/09/G1/TJPE63022202109221632347688293;False;2021-09-22 18:54:48.314;Erro no arquivo
32;650388965;TJPE17940202109221632347685873;c9eaf9e2277768bca92527ee47c45fe5755f4c302c3456d5ccd4a852a96f02c9;7;1632347685882;;0;0;0;TJPE;G1;;2021/TJPE/09/G1/TJPE17940202109221632347685873;False;2021-09-22 18:54:45.882;Erro no arquivo
33;650388955;TJPE86815202109221632347683939;fa6d8062b08f72402db5c923572828f3bbf10975275046b0cf63a3bbca7b2acd;7;1632347683947;;0;0;0;TJPE;G1;;2021/TJPE/09/G1/TJPE86815202109221632347683939;False;2021-09-22 18:54:43.947;Erro no arquivo
34;650388943;TJPE73075202109221632347681968;b5a1784aa024131a2b130649e2f11563b2ddab454bac5b0eb2ded8968a7701da;7;1632347681986;;0;0;0;TJPE;G1;;2021/TJPE/09/G1/TJPE73075202109221632347681968;False;2021-09-22 18:54:41.986;Erro no arquivo
35;650388934;TJPE18356202109221632347679937;2b1c53ed8d19960a1167b09b5190b6b6e815239ee7b60d19cf5c73b3d716926a;7;1632347679960;;0;0;0;TJPE;G1;;2021/TJPE/09/G1/TJPE18356202109221632347679937;False;2021-09-22 18:54:39.960;Erro no arquivo
36;650388922;TJPE28602202109221632347677561;9ac6d1894c1f60bb1ff0272608fd2dae5434a4751e04ed704f782205ea1305e9;3;1632347677573;;100;100;0;TJPE;G1;1463243.0;2021/TJPE/09/G1/TJPE28602202109221632347677561;False;2021-09-22 18:54:37.573;Processado com sucesso
37;650388906;TJPE57951202109221632347674701;049e03172728456950c8b0e1d34c2247ed982f709244d5d7966a336da4796ffe;7;1632347674719;;0;0;0;TJPE;G1;;2021/TJPE/09/G1/TJPE57951202109221632347674701;False;2021-09-22 18:54:34.719;Erro no arquivo
38;650388894;TJPE60869202109221632347672494;d3405ace90b42eaec1380fd18329a77ba2c28eab7c42d97f59fc70fb44ec5fcc;7;1632347672502;;0;0;0;TJPE;G1;;2021/TJPE/09/G1/TJPE60869202109221632347672494;False;2021-09-22 18:54:32.502;Erro no arquivo
39;650388873;TJPE67388202109221632347669485;e6e5b2d1dd9ae853f632511d2c92565bdef8e06966311b9233fa4782a7d33467;7;1632347669491;;0;0;0;TJPE;G1;;2021/TJPE/09/G1/TJPE67388202109221632347669485;False;2021-09-22 18:54:29.491;Erro no arquivo
0;650388857;TJPE59169202109221632347667029;2e5ef2cda916f5fd42385f0f95dc8420f8fc0bd7af87ca2f1e0d65ff720ff550;3;1632347667038;;92;92;0;TJPE;G1;1113826.0;2021/TJPE/09/G1/TJPE59169202109221632347667029;False;2021-09-22 18:54:27.038;Processado com sucesso
1;650388843;TJPE58224202109221632347663654;06abd03d981459d71feae0ad907b6c4f3fe51b3790af2d3dbbcf8a7f23b84a5d;7;1632347663667;;0;0;0;TJPE;G1;;2021/TJPE/09/G1/TJPE58224202109221632347663654;False;2021-09-22 18:54:23.667;Erro no arquivo
2;650388832;TJPE51765202109221632347661539;93a52bc404e56f3ad91660c575b001c478c171a973120029c3d5ae9464d346b8;7;1632347661547;;0;0;0;TJPE;G1;;2021/TJPE/09/G1/TJPE51765202109221632347661539;False;2021-09-22 18:54:21.547;Erro no arquivo
3;650388823;TJPE10958202109221632347659796;ba8e3e0ebb2497eb4df67e98cfc6f16925bee0acac3173812880264265c120d8;7;1632347659805;;0;0;0;TJPE;G1;;2021/TJPE/09/G1/TJPE10958202109221632347659796;False;2021-09-22 18:54:19.805;Erro no arquivo
4;650388815;TJPE12566202109221632347657082;8e3c563afa918808b80d6cc542cd2f4035d95ceb689a590bcff60c6c6086851d;7;1632347657097;;0;0;0;TJPE;G1;;2021/TJPE/09/G1/TJPE12566202109221632347657082;False;2021-09-22 18:54:17.097;Erro no arquivo
5;650388791;TJPE64702202109221632347654494;1439c1542907d09dd784115e0d71c4d55572276b0828a2f77a8e2c3b39ce21e1;7;1632347654517;;0;0;0;TJPE;G1;;2021/TJPE/09/G1/TJPE64702202109221632347654494;False;2021-09-22 18:54:14.517;Erro no arquivo
6;650388770;TJPE41791202109221632347652157;a11055d0884ad2a740955eef7542274bf250c6bb193aca85ffe41dddc3080467;7;1632347652176;;0;0;0;TJPE;G1;;2021/TJPE/09/G1/TJPE41791202109221632347652157;False;2021-09-22 18:54:12.176;Erro no arquivo
7;650388761;TJPE88950202109221632347650207;9b2058824dd850ca5b276272bfbe4828cdb2a78513f1e1343cb2d5efb2781097;7;1632347650219;;0;0;0;TJPE;G1;;2021/TJPE/09/G1/TJPE88950202109221632347650207;False;2021-09-22 18:54:10.219;Erro no arquivo
8;650388743;TJPE78781202109221632347647328;94acfec559136462d5d73aabdfed42e704c0f1c074d21cc44befd6fbbf886ab6;3;1632347647342;;98;98;0;TJPE;G1;1199456.0;2021/TJPE/09/G1/TJPE78781202109221632347647328;False;2021-09-22 18:54:07.342;Processado com sucesso
9;650388718;TJPE86507202109221632347643437;b8ce686dde367c186e11ad7481dfa978091e671321b7433b9ccd119d4f7a3327;7;1632347643446;;0;0;0;TJPE;G1;;2021/TJPE/09/G1/TJPE86507202109221632347643437;False;2021-09-22 18:54:03.446;Erro no arquivo
10;650388633;TJPE12464202109221632347628048;ec83eb30f4e133834970ebae17e51ccf2b8819891adcb6d3805085c6b851cd87;7;1632347628057;;0;0;0;TJPE;G1;;2021/TJPE/09/G1/TJPE12464202109221632347628048;False;2021-09-22 18:53:48.057;Erro no arquivo
11;650388601;TJPE69019202109221632347623657;eec3e88d3621dab83723fbf9fbf429f90e778bd48a16f567afb2b32ba53e85e1;7;1632347623669;;0;0;0;TJPE;G1;;2021/TJPE/09/G1/TJPE69019202109221632347623657;False;2021-09-22 18:53:43.669;Erro no arquivo
12;650388577;TJPE35058202109221632347619051;591242687be983dfb226bc6fc14fe73b4dd45dc5eec81267dfbed6df9d9bcbcc;7;1632347619057;;0;0;0;TJPE;G1;;2021/TJPE/09/G1/TJPE35058202109221632347619051;False;2021-09-22 18:53:39.057;Erro no arquivo
13;650388544;TJPE45458202109221632347613560;f6f65c797255d5b275abff5c550022c5622b17a1b253e137f5076ec1dcbe8ed8;7;1632347613568;;0;0;0;TJPE;G1;;2021/TJPE/09/G1/TJPE45458202109221632347613560;False;2021-09-22 18:53:33.568;Erro no arquivo
14;650388517;TJPE50394202109221632347608852;c3e263605bcde30b5c31cb389db928456c5e5f1b88deb893b6088ec297927079;7;1632347608858;;0;0;0;TJPE;G1;;2021/TJPE/09/G1/TJPE50394202109221632347608852;False;2021-09-22 18:53:28.858;Erro no arquivo
15;650388487;TJPE67556202109221632347604038;14fc9dad6fa8e466be1569078149afcbc802fc861c3a532e9315e306e7456973;3;1632347604050;;100;100;0;TJPE;JE;1055236.0;2021/TJPE/09/JE/TJPE67556202109221632347604038;False;2021-09-22 18:53:24.050;Processado com sucesso
16;650388466;TJPE91796202109221632347600501;68ae7b1b3c34bddc405a608f9cc38a4832bba7e47315cec93c51eb65f57d8ca5;3;1632347600507;;96;96;0;TJPE;G1;769603.0;2021/TJPE/09/G1/TJPE91796202109221632347600501;False;2021-09-22 18:53:20.507;Processado com sucesso
17;650388439;TJPE72971202109221632347594988;ae59df72776fe22712657cc8a040e950b0983453bf738ed93e5d76d1cbb15159;7;1632347594998;;0;0;0;TJPE;G1;;2021/TJPE/09/G1/TJPE72971202109221632347594988;False;2021-09-22 18:53:14.998;Erro no arquivo
18;650388416;TJPE87231202109221632347590620;a5e5bac34b13059c1221f4f7b1cf27217e32db50a4679fc60337d6a7c17b7ae1;7;1632347590629;;0;0;0;TJPE;G1;;2021/TJPE/09/G1/TJPE87231202109221632347590620;False;2021-09-22 18:53:10.629;Erro no arquivo
19;650388382;TJPE74205202109221632347582504;9e1562b824a11ff36feb414b21ec5c049958ba52a66241d662e66bf495539e74;7;1632347582523;;0;0;0;TJPE;G1;;2021/TJPE/09/G1/TJPE74205202109221632347582504;False;2021-09-22 18:53:02.523;Erro no arquivo
20;650388362;TJPE96945202109221632347578675;ca90a32971b24902823bd7d7eef59e27aceca2a2527c5a11280e9a28750eee80;7;1632347578683;;0;0;0;TJPE;G1;;2021/TJPE/09/G1/TJPE96945202109221632347578675;False;2021-09-22 18:52:58.683;Erro no arquivo
21;650388351;TJPE54575202109221632347575189;448f70bc9ba11a16c2f893ec09c0073a7c53ed9a84026932b273cfcb13ccde1b;3;1632347575197;;95;95;0;TJPE;G1;1117434.0;2021/TJPE/09/G1/TJPE54575202109221632347575189;False;2021-09-22 18:52:55.197;Processado com sucesso
22;650388332;TJPE21091202109221632347570886;c7deffa07d75774725b7e22911ed5ae8a8df3fc84c46beb953d84260bd24a729;3;1632347570897;;100;100;0;TJPE;G1;1405202.0;2021/TJPE/09/G1/TJPE21091202109221632347570886;False;2021-09-22 18:52:50.897;Processado com sucesso
23;650388289;TJPE50349202109221632347562802;cf9c7d4680504d892a3ec4673f35de82aa1c2115a204bbe6bd0ff214f2460167;7;1632347562809;;0;0;0;TJPE;G1;;2021/TJPE/09/G1/TJPE50349202109221632347562802;False;2021-09-22 18:52:42.809;Erro no arquivo
24;650388269;TJPE79944202109221632347559088;aa489f757b1f9581e0e44b7b93120b3964399fdb8d98dc654e68267d1d29f4b9;7;1632347559101;;0;0;0;TJPE;G1;;2021/TJPE/09/G1/TJPE79944202109221632347559088;False;2021-09-22 18:52:39.101;Erro no arquivo
25;650388239;TJPE76168202109221632347554470;46f26edf2365599d06ff26294065762e454d6d9da00ff80e067823b1648a9cf9;7;1632347554477;;0;0;0;TJPE;G1;;2021/TJPE/09/G1/TJPE76168202109221632347554470;False;2021-09-22 18:52:34.477;Erro no arquivo
26;650388218;TJPE17608202109221632347550701;b6e54f1194874946841125ab4c9fbdc6a924b696057085c2d04c914b261a3d1e;3;1632347550709;;100;100;0;TJPE;JE;1036086.0;2021/TJPE/09/JE/TJPE17608202109221632347550701;False;2021-09-22 18:52:30.709;Processado com sucesso
27;650388194;TJPE14050202109221632347545764;488a4cb6a3c61346c2d5de17d32d147caa12da928824841c977b09a1d7c53046;7;1632347545773;;0;0;0;TJPE;G1;;2021/TJPE/09/G1/TJPE14050202109221632347545764;False;2021-09-22 18:52:25.773;Erro no arquivo
28;650388175;TJPE50885202109221632347537854;1a19d63f6ea9d17ed23baa6eab95e44428bf7c8f17550294c883296c48425e81;7;1632347537863;;0;0;0;TJPE;G1;;2021/TJPE/09/G1/TJPE50885202109221632347537854;False;2021-09-22 18:52:17.863;Erro no arquivo
29;650388167;TJPE64243202109221632347535771;1025a6c9eabc0b1d7e1853915bf9d501210ec87e428d7ca9614e804a8d178de7;7;1632347535780;;0;0;0;TJPE;G1;;2021/TJPE/09/G1/TJPE64243202109221632347535771;False;2021-09-22 18:52:15.780;Erro no arquivo
30;650388163;TJPE20847202109221632347533950;2e22fb12859b82a4c4892977ddd5e7f68f9d7491143c45b53bf5d6e268301c36;7;1632347533960;;0;0;0;TJPE;G1;;2021/TJPE/09/G1/TJPE20847202109221632347533950;False;2021-09-22 18:52:13.960;Erro no arquivo
31;650388158;TJPE78132202109221632347531702;60e7676a1f9a108a8b501763eded30a0ac6f2de2f56fc1206a72d212e6bcaa37;7;1632347531720;;0;0;0;TJPE;G1;;2021/TJPE/09/G1/TJPE78132202109221632347531702;False;2021-09-22 18:52:11.720;Erro no arquivo
32;650388155;TJPE68023202109221632347529945;43dac54e1196970db88f4fe61d53c93c0f095fbfe5b27e43b8f2188dad0fe8c3;7;1632347529955;;0;0;0;TJPE;G1;;2021/TJPE/09/G1/TJPE68023202109221632347529945;False;2021-09-22 18:52:09.955;Erro no arquivo
33;650388151;TJPE63800202109221632347528391;58d4bc300ab6116529cbd064c5ff98babc0e7028d00f58d55e982e595e39e4c3;7;1632347528410;;0;0;0;TJPE;G1;;2021/TJPE/09/G1/TJPE63800202109221632347528391;False;2021-09-22 18:52:08.410;Erro no arquivo
34;650388145;TJPE57668202109221632347526170;421625ae55d0857e01938951e95c87ce6e248daee4e42528249048101bc75bfe;7;1632347526180;;0;0;0;TJPE;G1;;2021/TJPE/09/G1/TJPE57668202109221632347526170;False;2021-09-22 18:52:06.180;Erro no arquivo
35;650388137;TJPE36174202109221632347523571;7886cef1ef824e942b6f4cf199b31e65a9f9fc2c387554631e7a59e1e8b029d6;7;1632347523579;;0;0;0;TJPE;G1;;2021/TJPE/09/G1/TJPE36174202109221632347523571;False;2021-09-22 18:52:03.579;Erro no arquivo
36;650388127;TJPE21026202109221632347521298;0df1b258a01966bfea1565c60a9a4b20a640b45553ae891002fddc6c672e715e;7;1632347521307;;0;0;0;TJPE;G1;;2021/TJPE/09/G1/TJPE21026202109221632347521298;False;2021-09-22 18:52:01.307;Erro no arquivo
37;650388119;TJPE70265202109221632347519234;043712626d6ecd45a978d2a2f5cfdf5b9d14e711f927614724c5887ebc18b2eb;7;1632347519261;;0;0;0;TJPE;G1;;2021/TJPE/09/G1/TJPE70265202109221632347519234;False;2021-09-22 18:51:59.261;Erro no arquivo
38;650388114;TJPE71968202109221632347517029;d92dddfbc51f61c480455fc0315be09b5549684f8304e218d78c50c1520d4da1;7;1632347517049;;0;0;0;TJPE;G1;;2021/TJPE/09/G1/TJPE71968202109221632347517029;False;2021-09-22 18:51:57.049;Erro no arquivo
39;650388105;TJPE61065202109221632347514995;5a78077c00201492539fe1513026e83b13bb16dd4a8b0f502ac8664efc5943e6;7;1632347515002;;0;0;0;TJPE;G1;;2021/TJPE/09/G1/TJPE61065202109221632347514995;False;2021-09-22 18:51:55.002;Erro no arquivo
0;650388098;TJPE20506202109221632347512591;c4d1c492e32972ae49df04bdbd61128cc1927a8f5f65b255da2be6d5d68b5f89;7;1632347512663;;0;0;0;TJPE;G1;;2021/TJPE/09/G1/TJPE20506202109221632347512591;False;2021-09-22 18:51:52.663;Erro no arquivo
1;650388091;TJPE18338202109221632347511017;4fc2de00c3f89c84359c284fb434799ad174be6c1569afd1d73e8fcc2a26d9bb;3;1632347511027;;100;100;0;TJPE;JE;1294242.0;2021/TJPE/09/JE/TJPE18338202109221632347511017;False;2021-09-22 18:51:51.027;Processado com sucesso
2;650388086;TJPE87542202109221632347509029;2316ba25bed0c27448ac486223fc0f0c80a211661850ac70e418c335c41d9d03;7;1632347509043;;0;0;0;TJPE;G1;;2021/TJPE/09/G1/TJPE87542202109221632347509029;False;2021-09-22 18:51:49.043;Erro no arquivo
3;650388077;TJPE83821202109221632347506959;f6df2629f55296c494a7d2d7cf12bcbfb1e02de370e80731c2e98e5b131f592a;7;1632347506969;;0;0;0;TJPE;G1;;2021/TJPE/09/G1/TJPE83821202109221632347506959;False;2021-09-22 18:51:46.969;Erro no arquivo
4;650388062;TJPE39834202109221632347503312;d39ed720f09bbebe2475e39a1d7c330cb0c34881a8ffa7a93e1d2933221c1812;3;1632347503332;;100;100;0;TJPE;JE;1060471.0;2021/TJPE/09/JE/TJPE39834202109221632347503312;False;2021-09-22 18:51:43.332;Processado com sucesso
5;650388045;TJPE48450202109221632347499477;4834f715b36b20f2477014eb64bb7207c8468e288620212f3601b65f19ed9cbe;7;1632347499485;;0;0;0;TJPE;JE;;2021/TJPE/09/JE/TJPE48450202109221632347499477;False;2021-09-22 18:51:39.485;Erro no arquivo
6;650388037;TJPE96743202109221632347496883;ac01fcc8e160e34a1ebadafab50590c46bdceca0820fb9ba4f16eb70e6316af2;3;1632347496893;;100;100;0;TJPE;G1;1322423.0;2021/TJPE/09/G1/TJPE96743202109221632347496883;False;2021-09-22 18:51:36.893;Processado com sucesso
7;650388021;TJPE63753202109221632347494133;8583c77edc389d6ded9ddcfb1ef18589e06d5e3aaf6a5dd72b0e12c676c2dd8a;7;1632347494142;;0;0;0;TJPE;G1;;2021/TJPE/09/G1/TJPE63753202109221632347494133;False;2021-09-22 18:51:34.142;Erro no arquivo
8;650388010;TJPE27794202109221632347491694;30f9aa4c5d4d543f14ac08e324af17b610a01a4a33fcd036fe5f732e23273de2;7;1632347491704;;0;0;0;TJPE;G1;;2021/TJPE/09/G1/TJPE27794202109221632347491694;False;2021-09-22 18:51:31.704;Erro no arquivo
9;650387999;TJPE72668202109221632347489448;13aabedc4d875cb2b65eb850864c2dac0605f0cd1f6e1672b2b5ec26d2677b0a;7;1632347489455;;0;0;0;TJPE;G1;;2021/TJPE/09/G1/TJPE72668202109221632347489448;False;2021-09-22 18:51:29.455;Erro no arquivo
10;650387989;TJPE51890202109221632347487491;cb079958bfe9005d448ace293647ed5e30c4cc7c660b34a5081020957f1fb47b;3;1632347487504;;100;100;0;TJPE;JE;1011815.0;2021/TJPE/09/JE/TJPE51890202109221632347487491;False;2021-09-22 18:51:27.504;Processado com sucesso
11;650387980;TJPE85857202109221632347485467;4af130f147caada6f24fa88bee415b83da7a73382230d33de916f95cd5afa955;7;1632347485478;;0;0;0;TJPE;G1;;2021/TJPE/09/G1/TJPE85857202109221632347485467;False;2021-09-22 18:51:25.478;Erro no arquivo
12;650387972;TJPE17411202109221632347483985;83b4dbad5d3f0499ed1e6f1c9d8fa53f3a0988408cf1298374b077ab5c29a461;7;1632347483998;;0;0;0;TJPE;G1;;2021/TJPE/09/G1/TJPE17411202109221632347483985;False;2021-09-22 18:51:23.998;Erro no arquivo
13;650387957;TJPE37486202109221632347481857;2694d0e78e870f492406a6456f479c20c7989ca00ea305657c2ae9ab514ba8a0;7;1632347481865;;0;0;0;TJPE;G1;;2021/TJPE/09/G1/TJPE37486202109221632347481857;False;2021-09-22 18:51:21.865;Erro no arquivo
14;650387942;TJPE67607202109221632347479737;6e7ce9e7873fc11c595eaa483078f9a01d753b05fbe905a5d32214a8aa204b9d;7;1632347479760;;0;0;0;TJPE;G1;;2021/TJPE/09/G1/TJPE67607202109221632347479737;False;2021-09-22 18:51:19.760;Erro no arquivo
15;650387928;TJPE66470202109221632347477868;207703ee3beae4ec6c6f4b522db5ea9d7b045fca6e3a352bf99377901f749cc4;7;1632347477877;;0;0;0;TJPE;G1;;2021/TJPE/09/G1/TJPE66470202109221632347477868;False;2021-09-22 18:51:17.877;Erro no arquivo
16;650387915;TJPE33603202109221632347475434;adaa9823eedfd78fad4b1420223ce0ba259f3fde3b02228e1500bda5c2db0959;7;1632347475445;;0;0;0;TJPE;G1;;2021/TJPE/09/G1/TJPE33603202109221632347475434;False;2021-09-22 18:51:15.445;Erro no arquivo
17;650387901;TJPE85354202109221632347473671;fd3dddf10bf74df784917d6d67c7d6afe481883e108ec84b3383bd6099d6fc65;7;1632347473679;;0;0;0;TJPE;G1;;2021/TJPE/09/G1/TJPE85354202109221632347473671;False;2021-09-22 18:51:13.679;Erro no arquivo
18;650387884;TJPE56560202109221632347471689;4ceee6cd362b99cd86dac49f13286b02a71d7101475cd9438d4c58c5a344fdae;7;1632347471701;;0;0;0;TJPE;G1;;2021/TJPE/09/G1/TJPE56560202109221632347471689;False;2021-09-22 18:51:11.701;Erro no arquivo
19;650387872;TJPE80834202109221632347469593;80714046799033fc54ce5d57674697ef11d0457a83b8f33ecac4e3def65b9bf5;7;1632347469602;;0;0;0;TJPE;G1;;2021/TJPE/09/G1/TJPE80834202109221632347469593;False;2021-09-22 18:51:09.602;Erro no arquivo
20;650387862;TJPE93854202109221632347467360;31606f215fbc41e9beb5fd315eea4eb9f6d54ec520f6a52137dbe5f0f2031b88;7;1632347467368;;0;0;0;TJPE;G1;;2021/TJPE/09/G1/TJPE93854202109221632347467360;False;2021-09-22 18:51:07.368;Erro no arquivo
21;650387841;TJPE31425202109221632347464908;5217e3ead3f4a2526a1dd415d8f04a68c18683d2241f9197fcea03c4927f3ec9;7;1632347464920;;0;0;0;TJPE;G1;;2021/TJPE/09/G1/TJPE31425202109221632347464908;False;2021-09-22 18:51:04.920;Erro no arquivo
22;650387832;TJPE82584202109221632347463072;907aec9912743b94369e0bcd78ca5c13a22785bbe166899a2760378398dfd91e;7;1632347463079;;0;0;0;TJPE;G1;;2021/TJPE/09/G1/TJPE82584202109221632347463072;False;2021-09-22 18:51:03.079;Erro no arquivo
23;650387819;TJPE36341202109221632347460484;923378e1177c4d43733356e28830821f5a30df62098b7a9d1e80aef31a3daeff;3;1632347460497;;100;100;0;TJPE;JE;1652668.0;2021/TJPE/09/JE/TJPE36341202109221632347460484;False;2021-09-22 18:51:00.497;Processado com sucesso
24;650387807;TJPE28922202109221632347457985;70f92140dad9676e09346284ebb74b799f4ee65d6fdb2415b1984276643ea3ab;7;1632347458000;;0;0;0;TJPE;G1;;2021/TJPE/09/G1/TJPE28922202109221632347457985;False;2021-09-22 18:50:58.000;Erro no arquivo
25;650387795;TJPE88264202109221632347455685;1964ae989b46d1bba28b03611dd33ee0824f9a57b8487077588d1b634b524a68;7;1632347455694;;0;0;0;TJPE;G1;;2021/TJPE/09/G1/TJPE88264202109221632347455685;False;2021-09-22 18:50:55.694;Erro no arquivo
26;650387785;TJPE51834202109221632347453829;8bb1000c9527f920c8db53b435567f22d69e33d9ff956b01e4502013b3186ef4;7;1632347453844;;0;0;0;TJPE;G1;;2021/TJPE/09/G1/TJPE51834202109221632347453829;False;2021-09-22 18:50:53.844;Erro no arquivo
27;650387767;TJPE91297202109221632347451692;dbe77f94a36f83008a203cf6f6ff2e38087477103f489a963d669b7b03d3e28a;7;1632347451701;;0;0;0;TJPE;G1;;2021/TJPE/09/G1/TJPE91297202109221632347451692;False;2021-09-22 18:50:51.701;Erro no arquivo
28;650387754;TJPE47186202109221632347449527;40ce6364d20d285d4f8217f12e0a98f22b7398a4df4325cb2ef69cff4905eaf0;7;1632347449550;;0;0;0;TJPE;G1;;2021/TJPE/09/G1/TJPE47186202109221632347449527;False;2021-09-22 18:50:49.550;Erro no arquivo
29;650387742;TJPE41930202109221632347447443;171cfc6cad26384bcf7172578f3e6cd9a55c20320f1fa6f1066daa7af0411a40;7;1632347447452;;0;0;0;TJPE;G1;;2021/TJPE/09/G1/TJPE41930202109221632347447443;False;2021-09-22 18:50:47.452;Erro no arquivo
30;650387731;TJPE13422202109221632347445444;1e6158f42ea82790cceedc1d62fccddc46a0e61e4b182964568550049bf46fcb;7;1632347445452;;0;0;0;TJPE;G1;;2021/TJPE/09/G1/TJPE13422202109221632347445444;False;2021-09-22 18:50:45.452;Erro no arquivo
31;650387717;TJPE82975202109221632347443392;87679992aed20980b635aa9e9b3a65291be2d1e8ce742f3cbb82a3e59a9fba14;7;1632347443399;;0;0;0;TJPE;G1;;2021/TJPE/09/G1/TJPE82975202109221632347443392;False;2021-09-22 18:50:43.399;Erro no arquivo
32;650387687;TJPE48696202109221632347438294;3d1b5f294cf3152ab9df4b6c54563c5328a7717b9eb011b4adab473f3d60e970;7;1632347438306;;0;0;0;TJPE;G1;;2021/TJPE/09/G1/TJPE48696202109221632347438294;False;2021-09-22 18:50:38.306;Erro no arquivo
33;650387679;TJPE94118202109221632347436452;36498e4d3c696385f95debd6e46afe4415a86ed44b2c14c78c529e8beaed3dac;7;1632347436476;;0;0;0;TJPE;G1;;2021/TJPE/09/G1/TJPE94118202109221632347436452;False;2021-09-22 18:50:36.476;Erro no arquivo
34;650387667;TJPE59315202109221632347434173;f14b939d195b755b07cd130cd6a0fd7f3cfbe50a307128fb253a175b70c5b67a;3;1632347434192;;100;100;0;TJPE;JE;1016262.0;2021/TJPE/09/JE/TJPE59315202109221632347434173;False;2021-09-22 18:50:34.192;Processado com sucesso
35;650387655;TJPE54045202109221632347431830;f315260e9f3debd82d5d32e62d756dfee69da3ac0ad1eee4c0b3e5dd01932e90;7;1632347431852;;0;0;0;TJPE;G1;;2021/TJPE/09/G1/TJPE54045202109221632347431830;False;2021-09-22 18:50:31.852;Erro no arquivo
36;650387647;TJPE37197202109221632347429834;1c7ae4e13ca02b24673a616df27e7b6c6ab9f2b953ef5f1f1e05a2cdff5cb575;7;1632347429838;;0;0;0;TJPE;G1;;2021/TJPE/09/G1/TJPE37197202109221632347429834;False;2021-09-22 18:50:29.838;Erro no arquivo
37;650387634;TJPE96944202109221632347428268;b4193d4b791202d9dea51d6746f58529530993708d662d0273ed43213210fd66;7;1632347428279;;0;0;0;TJPE;G1;;2021/TJPE/09/G1/TJPE96944202109221632347428268;False;2021-09-22 18:50:28.279;Erro no arquivo
38;650387623;TJPE44538202109221632347426475;6b30627cd7c234fc6a1a1550339110ef1e813e7c6f06211972ea9fa402dbb2cc;7;1632347426491;;0;0;0;TJPE;G1;;2021/TJPE/09/G1/TJPE44538202109221632347426475;False;2021-09-22 18:50:26.491;Erro no arquivo
39;650387613;TJPE92879202109221632347424850;37c9374668a7413bc76290da8640d62fd1b969c2cd57009d1d3c30dd0769e942;7;1632347424858;;0;0;0;TJPE;G1;;2021/TJPE/09/G1/TJPE92879202109221632347424850;False;2021-09-22 18:50:24.858;Erro no arquivo
0;650387602;TJPE62421202109221632347422918;157e556ee7a0401c8495434387688ddd1615ec687d3dcb5a497114c1a1eae453;7;1632347422925;;0;0;0;TJPE;G1;;2021/TJPE/09/G1/TJPE62421202109221632347422918;False;2021-09-22 18:50:22.925;Erro no arquivo
1;650387595;TJPE16661202109221632347421019;dfd3e6ee7fc298f1f858178a14d45200bd789d439f531c22ec655d2bc69913b7;7;1632347421033;;0;0;0;TJPE;G1;;2021/TJPE/09/G1/TJPE16661202109221632347421019;False;2021-09-22 18:50:21.033;Erro no arquivo
2;650387582;TJPE79669202109221632347419071;ee7f1f0933c453990efcb38e8a44e5f0b5566b7b0fa2bda980c7d9112b71a6da;3;1632347419084;;100;100;0;TJPE;G1;1744630.0;2021/TJPE/09/G1/TJPE79669202109221632347419071;False;2021-09-22 18:50:19.084;Processado com sucesso
3;650387568;TJPE94033202109221632347416742;7f619ccdf47a0959f1d894d2ffb835d6e05df181a5888732cc88cdd4f1ded6ff;7;1632347416749;;0;0;0;TJPE;G1;;2021/TJPE/09/G1/TJPE94033202109221632347416742;False;2021-09-22 18:50:16.749;Erro no arquivo
4;650387559;TJPE21922202109221632347415049;90747b72196a8cc378927a759171813022f23868f5cd3aa4c679f53ac6300cec;7;1632347415066;;0;0;0;TJPE;G1;;2021/TJPE/09/G1/TJPE21922202109221632347415049;False;2021-09-22 18:50:15.066;Erro no arquivo
5;650387548;TJPE83818202109221632347413309;fe0c47bdab1ad77dff08f012ec687aaa576d3fab05379e61adf0055483811d65;7;1632347413317;;0;0;0;TJPE;G1;;2021/TJPE/09/G1/TJPE83818202109221632347413309;False;2021-09-22 18:50:13.317;Erro no arquivo
6;650387540;TJPE22556202109221632347411447;ccc0152e4a4ffa8de9611619d5f02da7dcd989ed7253c56d3100b5d77e1a8ba1;7;1632347411456;;0;0;0;TJPE;G1;;2021/TJPE/09/G1/TJPE22556202109221632347411447;False;2021-09-22 18:50:11.456;Erro no arquivo
7;650387531;TJPE39865202109221632347409434;8c20b7cb9de4fba508101ecbea4009326da362ecc6a856bd80105c7429bb804a;7;1632347409444;;0;0;0;TJPE;G1;;2021/TJPE/09/G1/TJPE39865202109221632347409434;False;2021-09-22 18:50:09.444;Erro no arquivo
8;650387522;TJPE64096202109221632347407265;ed5e8dd706850064af12bd5e6e8cb9e9feb99636ac1092ab54b244ce1879f837;7;1632347407275;;0;0;0;TJPE;G1;;2021/TJPE/09/G1/TJPE64096202109221632347407265;False;2021-09-22 18:50:07.275;Erro no arquivo
9;650387509;TJPE52202202109221632347405210;f5dd91ed9e7cb91e96de9bb142ec7a721a6b504b41d89614235f3bf6f7f91c9b;7;1632347405220;;0;0;0;TJPE;G1;;2021/TJPE/09/G1/TJPE52202202109221632347405210;False;2021-09-22 18:50:05.220;Erro no arquivo
10;650387499;TJPE97222202109221632347403202;5b2e301e943822b6cb3b0f9b7782419eabe621481c22d2254082bb868234adc5;7;1632347403210;;0;0;0;TJPE;G1;;2021/TJPE/09/G1/TJPE97222202109221632347403202;False;2021-09-22 18:50:03.210;Erro no arquivo
11;650387483;TJPE65069202109221632347400512;1938f4b1f95b0a28fa93b03a69d26d78c920a82059c751a18f53516a191fc23d;7;1632347400520;;0;0;0;TJPE;G1;;2021/TJPE/09/G1/TJPE65069202109221632347400512;False;2021-09-22 18:50:00.520;Erro no arquivo
12;650387471;TJPE65465202109221632347398747;e1747dabf6586bc80bf821a21343c23459ef8959440d8aef41edac975e9d2249;7;1632347398767;;0;0;0;TJPE;JE;;2021/TJPE/09/JE/TJPE65465202109221632347398747;False;2021-09-22 18:49:58.767;Erro no arquivo
13;650387461;TJPE86646202109221632347396840;ae579c7cad35319d6471a7c14dcf47ebfe6efea7871278d37daffa8d309b2c57;7;1632347396858;;0;0;0;TJPE;G1;;2021/TJPE/09/G1/TJPE86646202109221632347396840;False;2021-09-22 18:49:56.858;Erro no arquivo
14;650387444;TJPE29098202109221632347393920;eb56debd51494a2ca4f1719a6353a43d4f80e4daf37879d65a268c9c16f8c11c;7;1632347393931;;0;0;0;TJPE;G1;;2021/TJPE/09/G1/TJPE29098202109221632347393920;False;2021-09-22 18:49:53.931;Erro no arquivo
15;650387427;TJPE64937202109221632347389725;910249a569594bfcd6d4d91e1da29d417865c277348a21f7590be17d4b09354c;7;1632347389748;;0;0;0;TJPE;G1;;2021/TJPE/09/G1/TJPE64937202109221632347389725;False;2021-09-22 18:49:49.748;Erro no arquivo
16;650387404;TJPE21253202109221632347385336;7083467c6d87820cc3972dc1c7866a3d673391d6862aa0b855ffe31a27ba17c5;7;1632347385346;;0;0;0;TJPE;G1;;2021/TJPE/09/G1/TJPE21253202109221632347385336;False;2021-09-22 18:49:45.346;Erro no arquivo
17;650387387;TJPE54560202109221632347381726;696359905a02ef22dd4f4550b9da519ee5bcec941161e3736f99973b2f355e1e;7;1632347381733;;0;0;0;TJPE;G1;;2021/TJPE/09/G1/TJPE54560202109221632347381726;False;2021-09-22 18:49:41.733;Erro no arquivo
18;650387375;TJPE46160202109221632347379370;e4ef14bc69cebc655985c16ba478211e71a8d8b6ca6ac89fa281fd2c1fd5e385;7;1632347379379;;0;0;0;TJPE;G1;;2021/TJPE/09/G1/TJPE46160202109221632347379370;False;2021-09-22 18:49:39.379;Erro no arquivo
19;650387363;TJPE45834202109221632347377339;7bfd85ac4ed3bfefe49418507c794d8642f881dcde6c9e1d25fb06c8356e8891;7;1632347377349;;0;0;0;TJPE;G1;;2021/TJPE/09/G1/TJPE45834202109221632347377339;False;2021-09-22 18:49:37.349;Erro no arquivo
20;650387353;TJPE48072202109221632347374653;286b38d70edeeb96d5696fdb0c50a444350d41d8e63c40b4bbc005a1590ab8ea;3;1632347374658;;85;85;0;TJPE;G1;636994.0;2021/TJPE/09/G1/TJPE48072202109221632347374653;False;2021-09-22 18:49:34.658;Processado com sucesso
21;650387342;TJPE72773202109221632347373169;c5a4a993c4c3ef311ebce56aede6901d0079670725b08021439d672dcca42a40;7;1632347373177;;0;0;0;TJPE;G1;;2021/TJPE/09/G1/TJPE72773202109221632347373169;False;2021-09-22 18:49:33.177;Erro no arquivo
22;650387332;TJPE56410202109221632347370741;c338c2e70f5fdfd4788294750cc42be40e35379dac50b50b9fd5019ff8285703;7;1632347370749;;0;0;0;TJPE;G1;;2021/TJPE/09/G1/TJPE56410202109221632347370741;False;2021-09-22 18:49:30.749;Erro no arquivo
23;650387321;TJPE76676202109221632347368876;61b105d1c816107a364e248df57bbea2e45a8f9df31d3269916197df91862f3b;7;1632347368898;;0;0;0;TJPE;G1;;2021/TJPE/09/G1/TJPE76676202109221632347368876;False;2021-09-22 18:49:28.898;Erro no arquivo
24;650387311;TJPE41210202109221632347366903;c6e02a928f68ec606b0b1f20af843ae8945e3c68bf16b2acecb58348c0a47d90;7;1632347366914;;0;0;0;TJPE;G1;;2021/TJPE/09/G1/TJPE41210202109221632347366903;False;2021-09-22 18:49:26.914;Erro no arquivo
25;650387300;TJPE32594202109221632347363894;10c47c4552492ca51e158dcb39021b1f57fc66c6bb84d125ad41cf1f0010f307;7;1632347363906;;0;0;0;TJPE;G1;;2021/TJPE/09/G1/TJPE32594202109221632347363894;False;2021-09-22 18:49:23.906;Erro no arquivo
26;650387287;TJPE25393202109221632347361275;7aba292095fd0dcdbb571472261a420174aecba063543f75c9fee122d8c35422;7;1632347361283;;0;0;0;TJPE;G1;;2021/TJPE/09/G1/TJPE25393202109221632347361275;False;2021-09-22 18:49:21.283;Erro no arquivo
27;650387271;TJPE67618202109221632347358220;4d4f8a172d0f2001f24e5de114f7b7ca766079dba3ae821dfe642cc8d3e72baa;7;1632347358246;;0;0;0;TJPE;G1;;2021/TJPE/09/G1/TJPE67618202109221632347358220;False;2021-09-22 18:49:18.246;Erro no arquivo
28;650387256;TJPE53828202109221632347355658;3b767ae614d25aaa53b6f53e3c59936cbb7dbd2f37c3b8f0196bff873dbf920d;7;1632347355667;;0;0;0;TJPE;G1;;2021/TJPE/09/G1/TJPE53828202109221632347355658;False;2021-09-22 18:49:15.667;Erro no arquivo
29;650387241;TJPE69896202109221632347353333;be6e466604a533daf9557fbc6337b3c3fb7ed7379526ea1ff7ccaf8a28377946;7;1632347353340;;0;0;0;TJPE;G1;;2021/TJPE/09/G1/TJPE69896202109221632347353333;False;2021-09-22 18:49:13.340;Erro no arquivo
30;650387165;TJPE66083202109221632347339745;1c8387ae2852ce3ef3843d146fc30a6e7fe16a3f9cbf443ebb6ea86e8396f8e1;7;1632347339755;;0;0;0;TJPE;G1;;2021/TJPE/09/G1/TJPE66083202109221632347339745;False;2021-09-22 18:48:59.755;Erro no arquivo
31;650387150;TJPE63130202109221632347337603;bb5dc43ceedd82ee5a3c8066308babafdfd49e0c3dcbd5ed7b9e88f86b636434;3;1632347337621;;100;100;0;TJPE;G1;1366486.0;2021/TJPE/09/G1/TJPE63130202109221632347337603;False;2021-09-22 18:48:57.621;Processado com sucesso
32;650387133;TJPE38961202109221632347334225;35ff7fcd110c68451dd1817eceb95fae7e12500ae664f431df7d05dc893f9340;7;1632347334240;;0;0;0;TJPE;JE;;2021/TJPE/09/JE/TJPE38961202109221632347334225;False;2021-09-22 18:48:54.240;Erro no arquivo
33;650387120;TJPE71141202109221632347332309;f220a115999489aa1eb886a9dd000dab96c6d3f18bbbf1a9f1856ecb356ee199;7;1632347332315;;0;0;0;TJPE;G1;;2021/TJPE/09/G1/TJPE71141202109221632347332309;False;2021-09-22 18:48:52.315;Erro no arquivo
34;650387109;TJPE92153202109221632347330154;3026cffad7e5fbf3b0aea5c2d2065df5329d01b2994789605618b934a97e88e0;7;1632347330164;;0;0;0;TJPE;G1;;2021/TJPE/09/G1/TJPE92153202109221632347330154;False;2021-09-22 18:48:50.164;Erro no arquivo
35;650387094;TJPE66941202109221632347328480;2250b4392a568fa6c1da76ef9c83d8e0a1cbc4356514135dc875e452aa4173ae;7;1632347328489;;0;0;0;TJPE;G1;;2021/TJPE/09/G1/TJPE66941202109221632347328480;False;2021-09-22 18:48:48.489;Erro no arquivo
36;650387075;TJPE78969202109221632347326495;9f0c54bf0519c6736c66d91b19e9f4a5a8dae13ec0c0ae85208d5b98aa9cce69;7;1632347326502;;0;0;0;TJPE;G1;;2021/TJPE/09/G1/TJPE78969202109221632347326495;False;2021-09-22 18:48:46.502;Erro no arquivo
37;650387067;TJPE71991202109221632347325002;ec84cdf6c3cd5968cbdaf29fb16a315d9dff97558a318c05abf13ff8dbb1266e;7;1632347325011;;0;0;0;TJPE;G1;;2021/TJPE/09/G1/TJPE71991202109221632347325002;False;2021-09-22 18:48:45.011;Erro no arquivo
38;650387054;TJPE36029202109221632347322564;1dc735899a2c71b387d038231feb8a8a710dbfd700b50d5c2c51b3e6f9e81450;7;1632347322573;;0;0;0;TJPE;G1;;2021/TJPE/09/G1/TJPE36029202109221632347322564;False;2021-09-22 18:48:42.573;Erro no arquivo
39;650387038;TJPE39899202109221632347320552;1ae5b29fb982d9282ad15425e75010f33ec4a6a445fa0b5f41c84902379a99bf;7;1632347320558;;0;0;0;TJPE;G1;;2021/TJPE/09/G1/TJPE39899202109221632347320552;False;2021-09-22 18:48:40.558;Erro no arquivo
0;650387027;TJPE69228202109221632347318782;ae46c52233ac88a21470ac6139895e434a7aeeee514f55caef0af966042fca46;7;1632347318797;;0;0;0;TJPE;G1;;2021/TJPE/09/G1/TJPE69228202109221632347318782;False;2021-09-22 18:48:38.797;Erro no arquivo
1;650387012;TJPE30885202109221632347316627;2b1fcfad94799c08b467a1674035a0509629595b88c5902d81494a9a77b92551;7;1632347316636;;0;0;0;TJPE;G1;;2021/TJPE/09/G1/TJPE30885202109221632347316627;False;2021-09-22 18:48:36.636;Erro no arquivo
2;650387000;TJPE87336202109221632347314699;8a4671cea4721648a1e72f70b59153e2e0551b677c217cfd0e1942e2cbd93d91;7;1632347314709;;0;0;0;TJPE;G1;;2021/TJPE/09/G1/TJPE87336202109221632347314699;False;2021-09-22 18:48:34.709;Erro no arquivo
3;650386988;TJPE43439202109221632347312531;1ca07f38252086464bdebf5701925f5a677510dc99b1180d048b95d4f3cabf69;7;1632347312542;;0;0;0;TJPE;G1;;2021/TJPE/09/G1/TJPE43439202109221632347312531;False;2021-09-22 18:48:32.542;Erro no arquivo
4;650386976;TJPE24162202109221632347310575;37696367abca8b0f3da97c82e80f287d20cbe3cab466d0718cb6a0a5dc5c4313;7;1632347310586;;0;0;0;TJPE;G1;;2021/TJPE/09/G1/TJPE24162202109221632347310575;False;2021-09-22 18:48:30.586;Erro no arquivo
5;650386958;TJPE24020202109221632347308572;16150fb88542ed57d2311df75d490e2f0c22b8415cf8c4641ed665f8e9468b6e;7;1632347308583;;0;0;0;TJPE;G1;;2021/TJPE/09/G1/TJPE24020202109221632347308572;False;2021-09-22 18:48:28.583;Erro no arquivo
6;650386943;TJPE45122202109221632347306115;b186cc31bde868604b857c11967a7c03b7e120e255ddc6a3200cb7603fcc30dc;7;1632347306123;;0;0;0;TJPE;G1;;2021/TJPE/09/G1/TJPE45122202109221632347306115;False;2021-09-22 18:48:26.123;Erro no arquivo
7;650386934;TJPE89614202109221632347304429;7a83e0b9388ad3517297ae9ff60c509fc9ab42865afdb3cf64af1cb515c55790;7;1632347304440;;0;0;0;TJPE;G1;;2021/TJPE/09/G1/TJPE89614202109221632347304429;False;2021-09-22 18:48:24.440;Erro no arquivo
8;650386927;TJPE25390202109221632347302602;1336998a3cab49f58097f4b09768286a7bef8abdc5170f0a16cebd75d9ffd168;7;1632347302607;;0;0;0;TJPE;G1;;2021/TJPE/09/G1/TJPE25390202109221632347302602;False;2021-09-22 18:48:22.607;Erro no arquivo
9;650386920;TJPE56102202109221632347300883;67145152f611a772a81ba951920698b1765ca4c185efb947d40d735b79f330bc;7;1632347300891;;0;0;0;TJPE;G1;;2021/TJPE/09/G1/TJPE56102202109221632347300883;False;2021-09-22 18:48:20.891;Erro no arquivo
10;650386912;TJPE17559202109221632347299345;90822c3ab463eee9a0dbf05a14643a13022653422526cb041429d11b68e77cb2;7;1632347299354;;0;0;0;TJPE;G1;;2021/TJPE/09/G1/TJPE17559202109221632347299345;False;2021-09-22 18:48:19.354;Erro no arquivo
11;650386901;TJPE10641202109221632347297083;e8a9d2c32c1c4e3ed02a898c2c7401cd48067c8daf4974f216aa6ed30c42e6e0;7;1632347297094;;0;0;0;TJPE;G1;;2021/TJPE/09/G1/TJPE10641202109221632347297083;False;2021-09-22 18:48:17.094;Erro no arquivo
12;650386893;TJPE37514202109221632347294196;a7a1e39099b628b47925cc0c7badd88cc2f1883b9be252fa869d86cddb7dcdb4;7;1632347294216;;0;0;0;TJPE;G1;;2021/TJPE/09/G1/TJPE37514202109221632347294196;False;2021-09-22 18:48:14.216;Erro no arquivo
13;650386878;TJPE37886202109221632347292250;88a2363c8c8cc1ca2ce864bba35fa56d6b7459ca14059d19d0e68cb97d146ef6;7;1632347292257;;0;0;0;TJPE;G1;;2021/TJPE/09/G1/TJPE37886202109221632347292250;False;2021-09-22 18:48:12.257;Erro no arquivo
14;650386863;TJPE81255202109221632347290592;1836a089517674d049ace245d705d14a3aed0644c0bca9e93b97ec2d4cbee8a2;7;1632347290605;;0;0;0;TJPE;G1;;2021/TJPE/09/G1/TJPE81255202109221632347290592;False;2021-09-22 18:48:10.605;Erro no arquivo
15;650386853;TJPE91654202109221632347287941;7c63155d87243f5ba3cbeac6512f0f6e0cf27cd496d67044c639dabf94a14d1c;7;1632347287949;;0;0;0;TJPE;G1;;2021/TJPE/09/G1/TJPE91654202109221632347287941;False;2021-09-22 18:48:07.949;Erro no arquivo
16;650386844;TJPE57938202109221632347286376;a7e25d26a22183aa48bad2bad19d595e4b836d092c5e6daa1fbaa248d655d46d;7;1632347286387;;0;0;0;TJPE;G1;;2021/TJPE/09/G1/TJPE57938202109221632347286376;False;2021-09-22 18:48:06.387;Erro no arquivo
17;650386834;TJPE43774202109221632347284006;468ee241635924cd7d92ebfe5d7bf345c038252b5be256d3fdb394846cff8c81;7;1632347284014;;0;0;0;TJPE;G1;;2021/TJPE/09/G1/TJPE43774202109221632347284006;False;2021-09-22 18:48:04.014;Erro no arquivo
18;650386825;TJPE55238202109221632347281837;52db6abab247889781b08fe81b824260a0e03f97c9139d44d9b4de8b70084277;3;1632347281851;;100;100;0;TJPE;G1;1801328.0;2021/TJPE/09/G1/TJPE55238202109221632347281837;False;2021-09-22 18:48:01.851;Processado com sucesso
19;650386806;TJPE80205202109221632347279023;89d431684e8478c5c73814f350e4c23482f42a5a03e3f80ca125df517bc8359e;7;1632347279034;;0;0;0;TJPE;G1;;2021/TJPE/09/G1/TJPE80205202109221632347279023;False;2021-09-22 18:47:59.034;Erro no arquivo
20;650386774;TJPE61868202109221632347273954;ff2f2c40b653495c4d781e230030b85428b6922586da0e0df53e531c37d55b59;7;1632347273960;;0;0;0;TJPE;G1;;2021/TJPE/09/G1/TJPE61868202109221632347273954;False;2021-09-22 18:47:53.960;Erro no arquivo
21;650386755;TJPE84179202109221632347270702;4397b7d800b639f4ec633eefb816bf1ac8427910046cefd4e3fd259a6fe379c0;7;1632347270706;;0;0;0;TJPE;G1;;2021/TJPE/09/G1/TJPE84179202109221632347270702;False;2021-09-22 18:47:50.706;Erro no arquivo
22;650386709;TJPE44806202109221632347265747;8c76193667d404c3e8673acb26b45c5678967d88b1007d54fe9092fa7cd7b216;3;1632347265756;;100;100;0;TJPE;JE;1089966.0;2021/TJPE/09/JE/TJPE44806202109221632347265747;False;2021-09-22 18:47:45.756;Processado com sucesso
23;650386651;TJPE52367202109221632347255865;c9431add6765a71c720177daef1b71c08c330787869faa7e34ac1837ad1ea12c;7;1632347255883;;0;0;0;TJPE;G1;;2021/TJPE/09/G1/TJPE52367202109221632347255865;False;2021-09-22 18:47:35.883;Erro no arquivo
24;650386621;TJPE74076202109221632347249040;389d38803cff2ae065f5bee97618ad8e683146e2224025e4379971dc323625b5;7;1632347249051;;0;0;0;TJPE;G1;;2021/TJPE/09/G1/TJPE74076202109221632347249040;False;2021-09-22 18:47:29.051;Erro no arquivo
25;650386601;TJPE41390202109221632347245252;217bd8e62e9b1652bfa29fd646d6b7b531fea335f4263673d68dce5099e7c898;7;1632347245262;;0;0;0;TJPE;G1;;2021/TJPE/09/G1/TJPE41390202109221632347245252;False;2021-09-22 18:47:25.262;Erro no arquivo
26;650386584;TJPE86304202109221632347242759;6672ee5e95ec6a2a1ef2eb837848494f2e6055a8941ead5fd8bbbbf00fcba4b9;7;1632347242768;;0;0;0;TJPE;G1;;2021/TJPE/09/G1/TJPE86304202109221632347242759;False;2021-09-22 18:47:22.768;Erro no arquivo
27;650386573;TJPE54689202109221632347239918;68e933e6b0a50e4ccd047745cb6371eedff84b933fb209c012cea69a390bea92;7;1632347239931;;0;0;0;TJPE;G1;;2021/TJPE/09/G1/TJPE54689202109221632347239918;False;2021-09-22 18:47:19.931;Erro no arquivo
28;650386554;TJPE34395202109221632347237161;e8f1872742dce10d0e3c2b51f2ce2441d2cf7fb788bc0fe2494817a5bcaea940;7;1632347237172;;0;0;0;TJPE;JE;;2021/TJPE/09/JE/TJPE34395202109221632347237161;False;2021-09-22 18:47:17.172;Erro no arquivo
29;650386545;TJPE49619202109221632347235324;e4b8291c7349e6bc757a1730ff2e7d1ded1e354d70d4996a106a4593a8a05b66;3;1632347235333;;100;100;0;TJPE;JE;1197645.0;2021/TJPE/09/JE/TJPE49619202109221632347235324;False;2021-09-22 18:47:15.333;Processado com sucesso
30;650386538;TJPE72555202109221632347232716;a034c7a6af42e5b29606c98cdaf314ed6b93214b0b6bc3153dbecd4af5b9caf6;7;1632347232724;;0;0;0;TJPE;JE;;2021/TJPE/09/JE/TJPE72555202109221632347232716;False;2021-09-22 18:47:12.724;Erro no arquivo
31;650386520;TJPE20343202109221632347230673;48cf18b7de119eb7186d6164bef270117fcd07ad2f98c797b42f910a9a3f8a99;7;1632347230685;;0;0;0;TJPE;G1;;2021/TJPE/09/G1/TJPE20343202109221632347230673;False;2021-09-22 18:47:10.685;Erro no arquivo
32;650386510;TJPE71697202109221632347228230;352619699a7b7ffda83dfbd4b5cd3c353dd928ed992a5ad38e08909c535d4248;7;1632347228243;;0;0;0;TJPE;G1;;2021/TJPE/09/G1/TJPE71697202109221632347228230;False;2021-09-22 18:47:08.243;Erro no arquivo
33;650386495;TJPE71420202109221632347225037;e0a504eb7b66b78e43095c779d9f488dc2878d069c9a47fcc0d029be19666f01;7;1632347225049;;0;0;0;TJPE;G1;;2021/TJPE/09/G1/TJPE71420202109221632347225037;False;2021-09-22 18:47:05.049;Erro no arquivo
34;650386480;TJPE68630202109221632347222098;ad8c794ae6e1d1daad57e0770807573da766d849de1afbf537cf9b568a208c24;7;1632347222131;;0;0;0;TJPE;G1;;2021/TJPE/09/G1/TJPE68630202109221632347222098;False;2021-09-22 18:47:02.131;Erro no arquivo
35;650386459;TJPE46375202109221632347218181;d2d98b9adde0ad0d5ebe23881959ae1fb546443b89bcaef19902670066fe5259;7;1632347218193;;0;0;0;TJPE;G1;;2021/TJPE/09/G1/TJPE46375202109221632347218181;False;2021-09-22 18:46:58.193;Erro no arquivo
36;650386445;TJPE35904202109221632347214507;d326e14b47ab66292864434846ccbaaf3b6097351655b417c8fe3e3a6e8c12db;7;1632347214515;;0;0;0;TJPE;G1;;2021/TJPE/09/G1/TJPE35904202109221632347214507;False;2021-09-22 18:46:54.515;Erro no arquivo
37;650386429;TJPE19933202109221632347212041;6559111897fe833c619bdafee9e0f76d76cbe2a25fa893bf69ba9ababe4b6948;7;1632347212051;;0;0;0;TJPE;G1;;2021/TJPE/09/G1/TJPE19933202109221632347212041;False;2021-09-22 18:46:52.051;Erro no arquivo
38;650386415;TJPE43545202109221632347209326;12aa4d9e87d1fc394a1f313e239fbe9f2193b49995595666b380264dc859d2f5;7;1632347209347;;0;0;0;TJPE;G1;;2021/TJPE/09/G1/TJPE43545202109221632347209326;False;2021-09-22 18:46:49.347;Erro no arquivo
39;650386400;TJPE74755202109221632347206591;5ce4f92c8233f03ef4c39910c774e8c600616fd4ba330fa5271859764fb78a84;7;1632347206600;;0;0;0;TJPE;G1;;2021/TJPE/09/G1/TJPE74755202109221632347206591;False;2021-09-22 18:46:46.600;Erro no arquivo
0;650386386;TJPE40666202109221632347204001;3e96b43f4adecdc115b411174d85d029da26fb5462683fa75f549eccb4706a08;7;1632347204011;;0;0;0;TJPE;G1;;2021/TJPE/09/G1/TJPE40666202109221632347204001;False;2021-09-22 18:46:44.011;Erro no arquivo
1;650386372;TJPE68498202109221632347201247;64b0d4272a6981f285133678619391dc377d593a369113f36d2ee13d4733cb39;7;1632347201267;;0;0;0;TJPE;G1;;2021/TJPE/09/G1/TJPE68498202109221632347201247;False;2021-09-22 18:46:41.267;Erro no arquivo
2;650386357;TJPE91177202109221632347199347;325d6ab7a25dd5066dbf1b72a7131df7eb73e21f68a23b29f748e4d7a13be633;7;1632347199359;;0;0;0;TJPE;G1;;2021/TJPE/09/G1/TJPE91177202109221632347199347;False;2021-09-22 18:46:39.359;Erro no arquivo
3;650386342;TJPE93223202109221632347197007;a36043c82de3046e5f5eb9116a36bb32e3b9e01b3c1e31314168568aab98e99c;7;1632347197020;;0;0;0;TJPE;G1;;2021/TJPE/09/G1/TJPE93223202109221632347197007;False;2021-09-22 18:46:37.020;Erro no arquivo
4;650386328;TJPE58202202109221632347195068;777dd91d907990599df3289ff75a5a2cc345a7c0158c0e03b6a40ecd4492ba6e;7;1632347195081;;0;0;0;TJPE;G1;;2021/TJPE/09/G1/TJPE58202202109221632347195068;False;2021-09-22 18:46:35.081;Erro no arquivo
5;650386315;TJPE90336202109221632347193228;b0c1d344bb70a20522904647b905f2d646f0671e4fe22ae4edcb34b0752efc21;7;1632347193237;;0;0;0;TJPE;G1;;2021/TJPE/09/G1/TJPE90336202109221632347193228;False;2021-09-22 18:46:33.237;Erro no arquivo
6;650386308;TJPE62841202109221632347190513;27d3db3920004ba64fdbc2dc4c22df8fe128a73298f61e78ed9772dec79bb66e;7;1632347190522;;0;0;0;TJPE;G1;;2021/TJPE/09/G1/TJPE62841202109221632347190513;False;2021-09-22 18:46:30.522;Erro no arquivo
7;650386272;TJPE16278202109221632347184175;3e1530289dfe7f27a6cd08344649e0835749d11dec11dfae1db555478f2ff870;3;1632347184187;;95;95;0;TJPE;G1;1069278.0;2021/TJPE/09/G1/TJPE16278202109221632347184175;False;2021-09-22 18:46:24.187;Processado com sucesso
8;650386257;TJPE30436202109221632347181958;9c3d4f8f781aedd17e10864085c2cb5c38c10e1a547b90e3a6a175be6206e50a;7;1632347181966;;0;0;0;TJPE;G1;;2021/TJPE/09/G1/TJPE30436202109221632347181958;False;2021-09-22 18:46:21.966;Erro no arquivo
9;650386246;TJPE73549202109221632347178857;25f5fe0d694b1566b657231ddd65bcb901844e24ce6f0e5d6b88872ed5aeedc5;7;1632347178873;;0;0;0;TJPE;G1;;2021/TJPE/09/G1/TJPE73549202109221632347178857;False;2021-09-22 18:46:18.873;Erro no arquivo
10;650386228;TJPE49043202109221632347175914;8666e72545158a74091de971c2ad88089dc6c201f9c58ac263b537c7d9f0bc74;7;1632347175938;;0;0;0;TJPE;G1;;2021/TJPE/09/G1/TJPE49043202109221632347175914;False;2021-09-22 18:46:15.938;Erro no arquivo
11;650386218;TJPE36946202109221632347173071;6a7afb59f185f285b0a34481e876cf7ed462b9923b1309cca81b48de9b3f4c49;7;1632347173082;;0;0;0;TJPE;G1;;2021/TJPE/09/G1/TJPE36946202109221632347173071;False;2021-09-22 18:46:13.082;Erro no arquivo
12;650386209;TJPE70092202109221632347170912;6eba6e6a9ed3ddbef406ff5832d523a36552990a5239dc84c25d9ceefc7401b1;7;1632347170934;;0;0;0;TJPE;G1;;2021/TJPE/09/G1/TJPE70092202109221632347170912;False;2021-09-22 18:46:10.934;Erro no arquivo
13;650386187;TJPE42028202109221632347167167;9dea9c56d59ea3bac867043e216360b9aaf1c91599b5cd0ce4878d792cac56aa;7;1632347167177;;0;0;0;TJPE;G1;;2021/TJPE/09/G1/TJPE42028202109221632347167167;False;2021-09-22 18:46:07.177;Erro no arquivo
14;650386177;TJPE81451202109221632347164559;4b834e7f7acb0a3633de3a5381da5abecc3cbf92d09b0153791bc9b266ebf316;7;1632347164569;;0;0;0;TJPE;G1;;2021/TJPE/09/G1/TJPE81451202109221632347164559;False;2021-09-22 18:46:04.569;Erro no arquivo
15;650386160;TJPE80980202109221632347161724;5124fa4841da56bcfa6b225ac20e07ade2c81d166d593576ffc88b6d19b5f23f;7;1632347161731;;0;0;0;TJPE;G1;;2021/TJPE/09/G1/TJPE80980202109221632347161724;False;2021-09-22 18:46:01.731;Erro no arquivo
16;650386150;TJPE67775202109221632347160031;02e434d04af00ded366c0f12bdc3e84178c0cd86bda8935c140b40526c347c25;7;1632347160044;;0;0;0;TJPE;G1;;2021/TJPE/09/G1/TJPE67775202109221632347160031;False;2021-09-22 18:46:00.044;Erro no arquivo
17;650386141;TJPE65642202109221632347158103;efd1de497ac1df06d14de7c898094754635fcd8257aadf3cbc68343f834cb8f1;7;1632347158112;;0;0;0;TJPE;G1;;2021/TJPE/09/G1/TJPE65642202109221632347158103;False;2021-09-22 18:45:58.112;Erro no arquivo
18;650386131;TJPE13152202109221632347155777;8d732e1e29cb27b284ebcd3410b945762482df80c112410e7bc97fd7c4f60205;7;1632347155786;;0;0;0;TJPE;G1;;2021/TJPE/09/G1/TJPE13152202109221632347155777;False;2021-09-22 18:45:55.786;Erro no arquivo
19;650386121;TJPE75146202109221632347153577;ca94e18f10c53f2b6e09da239d180b64849388d5c8a0233bd5ff42d3f59d24d0;7;1632347153589;;0;0;0;TJPE;G1;;2021/TJPE/09/G1/TJPE75146202109221632347153577;False;2021-09-22 18:45:53.589;Erro no arquivo
20;650386108;TJPE79320202109221632347151517;b2b54edef8e412d52150b5531016a2b6ae7bf6023c2d349ea29338b4bf5a969e;7;1632347151531;;0;0;0;TJPE;G1;;2021/TJPE/09/G1/TJPE79320202109221632347151517;False;2021-09-22 18:45:51.531;Erro no arquivo
21;650386094;TJPE55167202109221632347148816;6bbe80af77121898518b606ce4a6346104e35146969eee71ac036a95c767730a;7;1632347148826;;0;0;0;TJPE;G1;;2021/TJPE/09/G1/TJPE55167202109221632347148816;False;2021-09-22 18:45:48.826;Erro no arquivo
22;650386088;TJPE60372202109221632347146649;4023d3d5c4dfad7754bf461d32de0ae63a2a8f6479134f03abb262019700844c;7;1632347146657;;0;0;0;TJPE;G1;;2021/TJPE/09/G1/TJPE60372202109221632347146649;False;2021-09-22 18:45:46.657;Erro no arquivo
23;650386076;TJPE67692202109221632347144359;2b278448986eb7c59bf30a6201e592ceaa12b37c37e15851acf5340597c00a51;3;1632347144373;;100;100;0;TJPE;JE;1227773.0;2021/TJPE/09/JE/TJPE67692202109221632347144359;False;2021-09-22 18:45:44.373;Processado com sucesso
24;650386067;TJPE30316202109221632347142337;e41ca3ba86e64b29dcd4f855d5498439f5c9a49865d653cb095eb3d122cc662f;7;1632347142347;;0;0;0;TJPE;G1;;2021/TJPE/09/G1/TJPE30316202109221632347142337;False;2021-09-22 18:45:42.347;Erro no arquivo
25;650386045;TJPE84881202109221632347138155;356fa1b246afcc9d82f93befd4c1f243c067b85bdfcc3522e8ccca84ffd581b8;7;1632347138162;;0;0;0;TJPE;G1;;2021/TJPE/09/G1/TJPE84881202109221632347138155;False;2021-09-22 18:45:38.162;Erro no arquivo
26;650386037;TJPE51870202109221632347136464;80574756323d4f02dd58c71afe539d03b320c256e7399c1afbc7cc4b06193300;7;1632347136484;;0;0;0;TJPE;G1;;2021/TJPE/09/G1/TJPE51870202109221632347136464;False;2021-09-22 18:45:36.484;Erro no arquivo
27;650386021;TJPE91317202109221632347133832;864ba2d3e0204b5e743d964c463c1a0a902b88f0700d3edc5dde8783f96a4899;7;1632347133849;;0;0;0;TJPE;G1;;2021/TJPE/09/G1/TJPE91317202109221632347133832;False;2021-09-22 18:45:33.849;Erro no arquivo
28;650386001;TJPE90099202109221632347131145;aa1e246785f17362d895216410aa307389c74dc41ceea135953b79e93849fe97;7;1632347131154;;0;0;0;TJPE;G1;;2021/TJPE/09/G1/TJPE90099202109221632347131145;False;2021-09-22 18:45:31.154;Erro no arquivo
29;650385989;TJPE76033202109221632347128970;f5f67b63be30a55f01f3d027bedb44d03d688b61b5c52cb95e7979afb9d25f6a;7;1632347128996;;0;0;0;TJPE;G1;;2021/TJPE/09/G1/TJPE76033202109221632347128970;False;2021-09-22 18:45:28.996;Erro no arquivo
30;650385979;TJPE80226202109221632347126626;9597a2680a4d9c3267f2c3fd7e469838f7fc19fbe570a5eb5fa523e0573171f3;7;1632347126635;;0;0;0;TJPE;G1;;2021/TJPE/09/G1/TJPE80226202109221632347126626;False;2021-09-22 18:45:26.635;Erro no arquivo
31;650385951;TJPE46466202109221632347122339;4edebdf05372e10c887b150102150c151db30c8f72c3963068465220b08e04e2;7;1632347122355;;0;0;0;TJPE;G1;;2021/TJPE/09/G1/TJPE46466202109221632347122339;False;2021-09-22 18:45:22.355;Erro no arquivo
32;650385922;TJPE96127202109221632347117239;4206a3a746e205ee43c1923978e85fe8b84a5285f0b668723be910185afbdda8;7;1632347117247;;0;0;0;TJPE;G1;;2021/TJPE/09/G1/TJPE96127202109221632347117239;False;2021-09-22 18:45:17.247;Erro no arquivo
33;650385900;TJPE46729202109221632347111015;579b05fb6fef9665128028637219a8661dfc7ed3bb42739f8271abb567081aee;7;1632347111027;;0;0;0;TJPE;G1;;2021/TJPE/09/G1/TJPE46729202109221632347111015;False;2021-09-22 18:45:11.027;Erro no arquivo
34;650385874;TJPE55456202109221632347104732;5fa2ca8a5c92233d9f01995528e992821fed69793b5bde7f0f61a7c8a0759b92;7;1632347104742;;0;0;0;TJPE;G1;;2021/TJPE/09/G1/TJPE55456202109221632347104732;False;2021-09-22 18:45:04.742;Erro no arquivo
35;650385839;TJPE22286202109221632347097939;3398a481531ea6ec25e6f0da319ce41948dc20a6ed8725ef7ff9dff4833dac3b;7;1632347097948;;0;0;0;TJPE;G1;;2021/TJPE/09/G1/TJPE22286202109221632347097939;False;2021-09-22 18:44:57.948;Erro no arquivo
36;650385822;TJPE93342202109221632347093077;201e8c6a78c3ccfdf50cd0aad7c0ca16f19df278a6d0ce025cd13bfed2925a22;7;1632347093099;;0;0;0;TJPE;G1;;2021/TJPE/09/G1/TJPE93342202109221632347093077;False;2021-09-22 18:44:53.099;Erro no arquivo
37;650385805;TJPE92891202109221632347088570;706c323f49aa90cfa3e4443aba1a065e4576582a63fcf4b029628d4f0104bb41;7;1632347088576;;0;0;0;TJPE;G1;;2021/TJPE/09/G1/TJPE92891202109221632347088570;False;2021-09-22 18:44:48.576;Erro no arquivo
38;650385796;TJPE28261202109221632347086809;1223228f79e3ca153aebb42fe15c7321c989876267ab224f5331b0e8d9c71581;7;1632347086825;;0;0;0;TJPE;G1;;2021/TJPE/09/G1/TJPE28261202109221632347086809;False;2021-09-22 18:44:46.825;Erro no arquivo
39;650385787;TJPE16182202109221632347083557;f281eaa85e8a181267d6bc3ac903f5e5bbf8faa6863da0d2a32620017858a7e6;7;1632347083568;;0;0;0;TJPE;G1;;2021/TJPE/09/G1/TJPE16182202109221632347083557;False;2021-09-22 18:44:43.568;Erro no arquivo
0;650385768;TJPE24915202109221632347079940;1d90b68882364ccaf59c702a53c3ffdc0d11d4e2a43164327ed2d83f5c8bcdd4;7;1632347079949;;0;0;0;TJPE;G1;;2021/TJPE/09/G1/TJPE24915202109221632347079940;False;2021-09-22 18:44:39.949;Erro no arquivo
1;650385755;TJPE18718202109221632347077815;1e77a85bd2445516f238b17b0386813a72330bae4361ee7533d4e7dd388179b7;7;1632347077825;;0;0;0;TJPE;G1;;2021/TJPE/09/G1/TJPE18718202109221632347077815;False;2021-09-22 18:44:37.825;Erro no arquivo
2;650385747;TJPE45955202109221632347075943;a4091996228ba380e7869171d8c63f0f902178d33509633e5344f5a7781a8a8d;7;1632347075955;;0;0;0;TJPE;G1;;2021/TJPE/09/G1/TJPE45955202109221632347075943;False;2021-09-22 18:44:35.955;Erro no arquivo
3;650385736;TJPE35110202109221632347074116;f12a41ae7b5df05631a0b3598b68038d83a9d33a31377438ad1c57ad13f79155;7;1632347074125;;0;0;0;TJPE;G1;;2021/TJPE/09/G1/TJPE35110202109221632347074116;False;2021-09-22 18:44:34.125;Erro no arquivo
4;650385723;TJPE48351202109221632347071103;1795f879ee83868e2786129d24a6c3ff9e15815fc628bf112c7307b812e90a96;7;1632347071112;;0;0;0;TJPE;G1;;2021/TJPE/09/G1/TJPE48351202109221632347071103;False;2021-09-22 18:44:31.112;Erro no arquivo
5;650385714;TJPE97612202109221632347069070;ac85fd0e6cbacf25d0a1ba2d464e7efe02c4114714a8138d5a4f38ecf1de9808;7;1632347069076;;0;0;0;TJPE;G1;;2021/TJPE/09/G1/TJPE97612202109221632347069070;False;2021-09-22 18:44:29.076;Erro no arquivo
6;650385707;TJPE21840202109221632347067516;aef1d2e0e7d64201579101b08d376983237474bb2b60ff04df23f7ffdcb33618;7;1632347067524;;0;0;0;TJPE;G1;;2021/TJPE/09/G1/TJPE21840202109221632347067516;False;2021-09-22 18:44:27.524;Erro no arquivo
7;650385700;TJPE51978202109221632347065703;9586e3942dc1d3321d58aa3b5b9d85df71d1dfb695f0f2a8fa2cd2d74a833edb;7;1632347065712;;0;0;0;TJPE;G1;;2021/TJPE/09/G1/TJPE51978202109221632347065703;False;2021-09-22 18:44:25.712;Erro no arquivo
8;650385678;TJPE42302202109221632347060965;183a9ff452a5099f2909a3b5d56d20f8bf455dfa9ec563a5b11ecb9d71050da0;7;1632347060987;;0;0;0;TJPE;G1;;2021/TJPE/09/G1/TJPE42302202109221632347060965;False;2021-09-22 18:44:20.987;Erro no arquivo
9;650385665;TJPE60104202109221632347058740;e97306fdb643e29b215db6a6c3ee7bd1d59b55c4bef06b2cb043b15cef3f1436;7;1632347058748;;0;0;0;TJPE;G1;;2021/TJPE/09/G1/TJPE60104202109221632347058740;False;2021-09-22 18:44:18.748;Erro no arquivo
10;650385605;TJPE55606202109221632347044045;fd7793fe76e8bdce16f8962059f7fb7535c9db9cf39a7880e7fcc3888b47da4c;7;1632347044058;;0;0;0;TJPE;G1;;2021/TJPE/09/G1/TJPE55606202109221632347044045;False;2021-09-22 18:44:04.058;Erro no arquivo
11;650385570;TJPE31493202109221632347037090;3f8600f819ee7431ef23d185152975d979ed3e2581974d0353b10cdaa53bd320;7;1632347037099;;0;0;0;TJPE;G1;;2021/TJPE/09/G1/TJPE31493202109221632347037090;False;2021-09-22 18:43:57.099;Erro no arquivo
12;650385533;TJPE78134202109221632347030035;bddaff91f18b0fb5955f07c810d641b3073de0163ccfdc9fbb39bfd9434144e2;7;1632347030044;;0;0;0;TJPE;G1;;2021/TJPE/09/G1/TJPE78134202109221632347030035;False;2021-09-22 18:43:50.044;Erro no arquivo
13;650385489;TJPE87992202109221632347019942;fa16f3a5bb62b8653a30d4fcd7251c451f70e791878ef41628d3a457f488d507;7;1632347019951;;0;0;0;TJPE;G1;;2021/TJPE/09/G1/TJPE87992202109221632347019942;False;2021-09-22 18:43:39.951;Erro no arquivo
14;650385453;TJPE63940202109221632347012531;c5905fd2e96069ce817242822d0e356df456d6d9e5131d85788472ccf329943f;7;1632347012550;;0;0;0;TJPE;G1;;2021/TJPE/09/G1/TJPE63940202109221632347012531;False;2021-09-22 18:43:32.550;Erro no arquivo
15;650385446;TJPE43652202109221632347009699;940b828113c45fe961162361ac5f18df51db140875d574aad3db96a3a2866c4a;7;1632347009707;;0;0;0;TJPE;G1;;2021/TJPE/09/G1/TJPE43652202109221632347009699;False;2021-09-22 18:43:29.707;Erro no arquivo
16;650385435;TJPE51361202109221632347007334;4724e3612ead83ed7cf6f68978c724458b05d703d924a7bbd072a02a0b36fd08;3;1632347007344;;100;100;0;TJPE;JE;1201534.0;2021/TJPE/09/JE/TJPE51361202109221632347007334;False;2021-09-22 18:43:27.344;Processado com sucesso
17;650385422;TJPE60055202109221632347005090;28199e690496d1c10fb5305647720c95c13092713c1a915de55bf79362cb84ce;7;1632347005101;;0;0;0;TJPE;G1;;2021/TJPE/09/G1/TJPE60055202109221632347005090;False;2021-09-22 18:43:25.101;Erro no arquivo
18;650385413;TJPE84221202109221632347002531;f54c883ea76bd309589dbc6de4951134863a65cf1b6959e9e4a119a359efdc14;7;1632347002545;;0;0;0;TJPE;G1;;2021/TJPE/09/G1/TJPE84221202109221632347002531;False;2021-09-22 18:43:22.545;Erro no arquivo
19;650385399;TJPE55663202109221632347000219;1ef3b75d9ca4fb3c621390d5159d7c34d1aa0a17af1aef1046f7efb0e30d7b74;7;1632347000225;;0;0;0;TJPE;G1;;2021/TJPE/09/G1/TJPE55663202109221632347000219;False;2021-09-22 18:43:20.225;Erro no arquivo
20;650385394;TJPE49395202109221632346998222;6fa296194b18c1a4a18e83d34ff28bda7a716bb27240f93544648e54df695ad4;7;1632346998235;;0;0;0;TJPE;G1;;2021/TJPE/09/G1/TJPE49395202109221632346998222;False;2021-09-22 18:43:18.235;Erro no arquivo
21;650385370;TJPE42772202109221632346992646;95bcd8ed3175327d4c01e20d5164a6c73684d2d7a94e91cbd4055a90d21504b4;7;1632346992662;;0;0;0;TJPE;G1;;2021/TJPE/09/G1/TJPE42772202109221632346992646;False;2021-09-22 18:43:12.662;Erro no arquivo
22;650385353;TJPE94270202109221632346987652;d21fa1379263a6825580e98869abfef3d32ca46af498832f0cbe253d7005db70;7;1632346987659;;0;0;0;TJPE;G1;;2021/TJPE/09/G1/TJPE94270202109221632346987652;False;2021-09-22 18:43:07.659;Erro no arquivo
23;650385341;TJPE97695202109221632346984438;e71411d11ae522d58d0dc7627f054212560e20ee58a87bab8b17e95c40e8bab1;7;1632346984447;;0;0;0;TJPE;G1;;2021/TJPE/09/G1/TJPE97695202109221632346984438;False;2021-09-22 18:43:04.447;Erro no arquivo
24;650385329;TJPE34955202109221632346982228;2a1202f9777a162dcf6cbd0b44b2e50c715b63395d986edcec0cb47b508e6a38;7;1632346982237;;0;0;0;TJPE;G1;;2021/TJPE/09/G1/TJPE34955202109221632346982228;False;2021-09-22 18:43:02.237;Erro no arquivo
25;650385318;TJPE34940202109221632346979718;2b01a5a1c174e365b9dd47382f832fe49381ba9bf1d97e1867b4794eea395519;3;1632346979728;;100;100;0;TJPE;G1;1308240.0;2021/TJPE/09/G1/TJPE34940202109221632346979718;False;2021-09-22 18:42:59.728;Processado com sucesso
26;650385295;TJPE42379202109221632346973689;736bab621cff03abc70447c5becdeac14b683f51e4e3c5572103ac9b3699dae1;3;1632346973701;;100;100;0;TJPE;G1;1665706.0;2021/TJPE/09/G1/TJPE42379202109221632346973689;False;2021-09-22 18:42:53.701;Processado com sucesso
27;650385285;TJPE91048202109221632346971119;cab1532aa9d45dd5d1b01a796e082e19bc134c071fd46325194881167a0b6955;7;1632346971129;;0;0;0;TJPE;G1;;2021/TJPE/09/G1/TJPE91048202109221632346971119;False;2021-09-22 18:42:51.129;Erro no arquivo
28;650385278;TJPE81512202109221632346969018;2754d0e776dabc091640f4c3b835b290ee6628009118d72ed5a49111f0f36d5b;7;1632346969026;;0;0;0;TJPE;G1;;2021/TJPE/09/G1/TJPE81512202109221632346969018;False;2021-09-22 18:42:49.026;Erro no arquivo
29;650385271;TJPE64357202109221632346966225;c61052ba99a26e8c46ae190447c58d2453a2eec61417f51991e24661cc48c27b;7;1632346966231;;0;0;0;TJPE;G1;;2021/TJPE/09/G1/TJPE64357202109221632346966225;False;2021-09-22 18:42:46.231;Erro no arquivo
30;650385261;TJPE94975202109221632346963816;8af61c2b5ec93218be9f4a90ea9623279cfcd6f5f178e3fffea57f545004484a;7;1632346963824;;0;0;0;TJPE;G1;;2021/TJPE/09/G1/TJPE94975202109221632346963816;False;2021-09-22 18:42:43.824;Erro no arquivo
31;650385238;TJPE90806202109221632346958088;e806b2dac7a4e357f5a8d4ca7847567995266a018badcdad24aba7f4c7f6b8c5;7;1632346958096;;0;0;0;TJPE;G1;;2021/TJPE/09/G1/TJPE90806202109221632346958088;False;2021-09-22 18:42:38.096;Erro no arquivo
32;650385229;TJPE14270202109221632346955914;fe8095f5a2c980345131d5dbede8494c96758d7fa5d2880f1b7ccb705cec1503;3;1632346955938;;100;100;0;TJPE;JE;1185566.0;2021/TJPE/09/JE/TJPE14270202109221632346955914;False;2021-09-22 18:42:35.938;Processado com sucesso
33;650385215;TJPE42684202109221632346953451;873159652de9f32c704ed53e0745842c1faafefafcc5ae8dfbdb043486d12ad1;7;1632346953461;;0;0;0;TJPE;G1;;2021/TJPE/09/G1/TJPE42684202109221632346953451;False;2021-09-22 18:42:33.461;Erro no arquivo
34;650385205;TJPE92861202109221632346951182;3f97664f8ef0b35e7867ed95c8e4f4f15fcee244066d295a0cbc5d5d61e7e23f;7;1632346951218;;0;0;0;TJPE;G1;;2021/TJPE/09/G1/TJPE92861202109221632346951182;False;2021-09-22 18:42:31.218;Erro no arquivo
35;650385172;TJPE82556202109221632346941264;99532d3d9b11f9fd7c9b2d2806c3a27e596649aa8dbc276cb4eaff65c01fb931;7;1632346941272;;0;0;0;TJPE;G1;;2021/TJPE/09/G1/TJPE82556202109221632346941264;False;2021-09-22 18:42:21.272;Erro no arquivo
36;650385153;TJPE82804202109221632346936673;686f36ea3ad5454e6cfab1375977e426164a5194ecf07dfda338f8203d996eab;7;1632346936685;;0;0;0;TJPE;G1;;2021/TJPE/09/G1/TJPE82804202109221632346936673;False;2021-09-22 18:42:16.685;Erro no arquivo
37;650385132;TJPE58331202109221632346932261;bb7d94e2a7f34f6339c6af66577c6fad40338d30e17d9647035f0860cbb95146;7;1632346932271;;0;0;0;TJPE;G1;;2021/TJPE/09/G1/TJPE58331202109221632346932261;False;2021-09-22 18:42:12.271;Erro no arquivo
38;650385120;TJPE96791202109221632346927878;23491d57ea25267235b52d9e2d5d548ac162ad84ce7d2bbc6f9ba65657c2a9a3;7;1632346927886;;0;0;0;TJPE;G1;;2021/TJPE/09/G1/TJPE96791202109221632346927878;False;2021-09-22 18:42:07.886;Erro no arquivo
39;650385101;TJPE87331202109221632346923991;61eae77bb3e04122165688d4399ef653d8b84e324b12f4f20d1acd1566c38c15;7;1632346924007;;0;0;0;TJPE;G1;;2021/TJPE/09/G1/TJPE87331202109221632346923991;False;2021-09-22 18:42:04.007;Erro no arquivo
0;650385080;TJPE96870202109221632346918878;a3e98fd59ada6790eb4b4151251ca43691924f47640ea80b18ceb37135e61f68;7;1632346918888;;0;0;0;TJPE;G1;;2021/TJPE/09/G1/TJPE96870202109221632346918878;False;2021-09-22 18:41:58.888;Erro no arquivo
1;650385058;TJPE76341202109221632346913059;ecf63727b279185891ec6981b89985355442410ae7794a8d98d11826c82e48ad;7;1632346913069;;0;0;0;TJPE;G1;;2021/TJPE/09/G1/TJPE76341202109221632346913059;False;2021-09-22 18:41:53.069;Erro no arquivo
2;650385047;TJPE50089202109221632346909467;8974a28ef9c9c3037d07a5d9c435b91e80cfc78832263d3022d416098703cc74;7;1632346909496;;0;0;0;TJPE;G1;;2021/TJPE/09/G1/TJPE50089202109221632346909467;False;2021-09-22 18:41:49.496;Erro no arquivo
3;650385024;TJPE30938202109221632346903842;8620ae14fdcab2ae23a133637d8815d0b733fc9d4c20d6c54f5d73be5571c546;3;1632346903851;;100;100;0;TJPE;JE;1073302.0;2021/TJPE/09/JE/TJPE30938202109221632346903842;False;2021-09-22 18:41:43.851;Processado com sucesso
4;650385013;TJPE71182202109221632346901275;93b7cd98a4b061914d8fc2c76d3723d8f49dd7df3154650ab9c8ef2e4de9c003;7;1632346901284;;0;0;0;TJPE;G1;;2021/TJPE/09/G1/TJPE71182202109221632346901275;False;2021-09-22 18:41:41.284;Erro no arquivo
5;650385004;TJPE25759202109221632346899058;e76ce91f76461fe848ed6212ea82042577a2973c4200d9ff6f5d3ec3ca5ba574;7;1632346899067;;0;0;0;TJPE;G1;;2021/TJPE/09/G1/TJPE25759202109221632346899058;False;2021-09-22 18:41:39.067;Erro no arquivo
6;650384987;TJPE63115202109221632346894365;6f5a815f45794c20d9c16f2e9a794c6d4bf7d37d966b940ec5a1feda8d923d86;7;1632346894373;;0;0;0;TJPE;G1;;2021/TJPE/09/G1/TJPE63115202109221632346894365;False;2021-09-22 18:41:34.373;Erro no arquivo
7;650384980;TJPE52275202109221632346891641;f5c1f78ace8af38d8abcaf60c344b54019d733d0975f083db537550159c1e1c0;7;1632346891667;;0;0;0;TJPE;G1;;2021/TJPE/09/G1/TJPE52275202109221632346891641;False;2021-09-22 18:41:31.667;Erro no arquivo
8;650384970;TJPE22330202109221632346888814;f292888782e6b76c489bc822c594f555fc3f0cbb5c6d5fb8bebeafedbf861980;7;1632346888819;;0;0;0;TJPE;G1;;2021/TJPE/09/G1/TJPE22330202109221632346888814;False;2021-09-22 18:41:28.819;Erro no arquivo
9;650384956;TJPE94885202109221632346884967;f3300a52787d1b93f6089db0d1fab25ecb5fc02e98b7938ffdae733c0e732b67;7;1632346884976;;0;0;0;TJPE;G1;;2021/TJPE/09/G1/TJPE94885202109221632346884967;False;2021-09-22 18:41:24.976;Erro no arquivo
10;650384936;TJPE84921202109221632346882262;36d6b38b91a740247a367e5e5482d03aab7fe711c8e928ea0d4276dc42aa0f7f;7;1632346882271;;0;0;0;TJPE;G1;;2021/TJPE/09/G1/TJPE84921202109221632346882262;False;2021-09-22 18:41:22.271;Erro no arquivo
11;650384907;TJPE28815202109221632346875692;97313bdfb742dad3ed491fb50b42dca11bc90ccb65523ca81f343ecd19b551dc;7;1632346875700;;0;0;0;TJPE;G1;;2021/TJPE/09/G1/TJPE28815202109221632346875692;False;2021-09-22 18:41:15.700;Erro no arquivo
12;650384877;TJPE75447202109221632346867481;6b787f4bcd0277c25d107db9072c4a400494b35e4c808218c942be7ffba180c1;7;1632346867505;;0;0;0;TJPE;G1;;2021/TJPE/09/G1/TJPE75447202109221632346867481;False;2021-09-22 18:41:07.505;Erro no arquivo
13;650384836;TJPE15229202109221632346856084;07fb103db60560c31166ac9822a6f43052d147b9ecc9480771391c08abc5f101;3;1632346856109;;100;100;0;TJPE;JE;997101.0;2021/TJPE/09/JE/TJPE15229202109221632346856084;False;2021-09-22 18:40:56.109;Processado com sucesso
14;650384790;TJPE17251202109221632346845065;18c252bb2dbeed6a49b6e3730719c17edf7867e6a2b81c2d17116ed3b1a30692;7;1632346845077;;0;0;0;TJPE;G1;;2021/TJPE/09/G1/TJPE17251202109221632346845065;False;2021-09-22 18:40:45.077;Erro no arquivo
15;650384776;TJPE75665202109221632346841174;c022b0a5bb385e38ed96ac6e88b8fe3c9166f7a62abe8b11816c6f4666daffa0;7;1632346841179;;0;0;0;TJPE;G1;;2021/TJPE/09/G1/TJPE75665202109221632346841174;False;2021-09-22 18:40:41.179;Erro no arquivo
16;650384768;TJPE40122202109221632346838960;57842a328b6758156b5d844338e6f0a6e92bee9e53f546ef726119bff582b308;7;1632346838968;;0;0;0;TJPE;G1;;2021/TJPE/09/G1/TJPE40122202109221632346838960;False;2021-09-22 18:40:38.968;Erro no arquivo
17;650384756;TJPE13474202109221632346836788;fe3541b68223f38b6df73e08051ae8afdeee00407813a3801ef644cdd8b7ec81;7;1632346836822;;0;0;0;TJPE;G1;;2021/TJPE/09/G1/TJPE13474202109221632346836788;False;2021-09-22 18:40:36.822;Erro no arquivo
18;650384745;TJPE28560202109221632346832353;c2453c10d4fa8864bc6ac55ce69888809f0997f41456dfd298b0fda87c322699;7;1632346832361;;0;0;0;TJPE;G1;;2021/TJPE/09/G1/TJPE28560202109221632346832353;False;2021-09-22 18:40:32.361;Erro no arquivo
19;650384732;TJPE57399202109221632346828746;8f5e3c829a9f3e1113cf756c3d5c7921e5dc628801a3011fca5fe47edb86d553;7;1632346828753;;0;0;0;TJPE;G1;;2021/TJPE/09/G1/TJPE57399202109221632346828746;False;2021-09-22 18:40:28.753;Erro no arquivo
20;650384724;TJPE19414202109221632346826513;a99e8f38f60b3d50e54657d15713d9e2b52a7247ce49f2b4ccc629014ba4b117;7;1632346826522;;0;0;0;TJPE;G1;;2021/TJPE/09/G1/TJPE19414202109221632346826513;False;2021-09-22 18:40:26.522;Erro no arquivo
21;650384715;TJPE26604202109221632346823814;b9f9c2e95969c7ab7898221da7ae999fedde84b115b9c16814f8b9c0cb25ea53;7;1632346823823;;0;0;0;TJPE;G1;;2021/TJPE/09/G1/TJPE26604202109221632346823814;False;2021-09-22 18:40:23.823;Erro no arquivo
22;650384706;TJPE49721202109221632346821341;9937f9681cbb0d00107e5896e1a38662fce53509482db92116ccb373ed5f3cc9;7;1632346821347;;0;0;0;TJPE;G1;;2021/TJPE/09/G1/TJPE49721202109221632346821341;False;2021-09-22 18:40:21.347;Erro no arquivo
23;650384689;TJPE46410202109221632346817920;091a7a9047b3228172b8848c18dc21569323419445edc30f244b1ad74edf5769;7;1632346817928;;0;0;0;TJPE;G1;;2021/TJPE/09/G1/TJPE46410202109221632346817920;False;2021-09-22 18:40:17.928;Erro no arquivo
24;650384680;TJPE38746202109221632346815284;4f42cd4fd768ca10fa9923d8a3c1f7d8e5fc355bb807e9f71594a88532f4e117;3;1632346815293;;100;100;0;TJPE;G1;1179414.0;2021/TJPE/09/G1/TJPE38746202109221632346815284;False;2021-09-22 18:40:15.293;Processado com sucesso
25;650384670;TJPE88231202109221632346810847;ef5d860d40ff928c683bf064458989b80729d10769c8d5e548342eb2aeb25a1f;7;1632346810860;;0;0;0;TJPE;G1;;2021/TJPE/09/G1/TJPE88231202109221632346810847;False;2021-09-22 18:40:10.860;Erro no arquivo
26;650384658;TJPE46552202109221632346808644;5689d3a8d537511ddbb8a974f466f31ab04ccc2bf68f8af9a67cbf8fcb1205e3;7;1632346808653;;0;0;0;TJPE;G1;;2021/TJPE/09/G1/TJPE46552202109221632346808644;False;2021-09-22 18:40:08.653;Erro no arquivo
27;650384628;TJPE55515202109221632346802183;7d040e066a49613199539dfcbfb4f142630908d67a836c2c5119bc789893cb12;7;1632346802195;;0;0;0;TJPE;G1;;2021/TJPE/09/G1/TJPE55515202109221632346802183;False;2021-09-22 18:40:02.195;Erro no arquivo
28;650384610;TJPE32042202109221632346797641;a04ae2c6a3e2bbd0ad0362184147348d79d57888633b3084056a1a9ec4505a0a;7;1632346797648;;0;0;0;TJPE;G1;;2021/TJPE/09/G1/TJPE32042202109221632346797641;False;2021-09-22 18:39:57.648;Erro no arquivo
29;650384604;TJPE53963202109221632346795747;ef2b620ed079faa81020dab6d08c2b1d49cd08f51ad874ba6c84ac5cc2a0424f;7;1632346795754;;0;0;0;TJPE;G1;;2021/TJPE/09/G1/TJPE53963202109221632346795747;False;2021-09-22 18:39:55.754;Erro no arquivo
30;650384591;TJPE61123202109221632346793235;819e9d150de95be0771c7e2563ee564e7816304664b4f623a60c92903915ea19;7;1632346793243;;0;0;0;TJPE;G1;;2021/TJPE/09/G1/TJPE61123202109221632346793235;False;2021-09-22 18:39:53.243;Erro no arquivo
31;650384584;TJPE14801202109221632346790503;576403b575c79f1530fa7b228e21417463004f95ba9cf829c3af33228f1aa276;7;1632346790511;;0;0;0;TJPE;G1;;2021/TJPE/09/G1/TJPE14801202109221632346790503;False;2021-09-22 18:39:50.511;Erro no arquivo
32;650384570;TJPE73457202109221632346787838;09149cfc0091a38b4f1fbf59b87f5c6fa959d96d9b5eacf11b0938679a58d15f;7;1632346787850;;0;0;0;TJPE;G1;;2021/TJPE/09/G1/TJPE73457202109221632346787838;False;2021-09-22 18:39:47.850;Erro no arquivo
33;650384552;TJPE64291202109221632346782811;105cccdf5ec31fa0851f49373e3595e17011456402cd0236bb36ed98c47c6872;7;1632346782822;;0;0;0;TJPE;G1;;2021/TJPE/09/G1/TJPE64291202109221632346782811;False;2021-09-22 18:39:42.822;Erro no arquivo
34;650384540;TJPE26295202109221632346780724;013383997bf473c0c19c05b20268a20d6363fbe9dbca70dd80c21aff01f2105c;7;1632346780733;;0;0;0;TJPE;G1;;2021/TJPE/09/G1/TJPE26295202109221632346780724;False;2021-09-22 18:39:40.733;Erro no arquivo
35;650384514;TJPE87534202109221632346775189;a0b4bc9fcefbb4b5f6d45f7eaf9b62298cbcd5aeef2b74cc731e0d8288a26a9a;7;1632346775195;;0;0;0;TJPE;G1;;2021/TJPE/09/G1/TJPE87534202109221632346775189;False;2021-09-22 18:39:35.195;Erro no arquivo
36;650384506;TJPE82153202109221632346772751;52a8677b866170739d6185dd6c96aacbd413c532dcd0ed8d46141d71c5c522c9;3;1632346772762;;100;100;0;TJPE;JE;993465.0;2021/TJPE/09/JE/TJPE82153202109221632346772751;False;2021-09-22 18:39:32.762;Processado com sucesso
37;650384475;TJPE99601202109221632346763807;10b244b5a32a6dbd887e90ddbf514c333e0fd108ad3917b25cf0b86d5a5909f8;7;1632346763821;;0;0;0;TJPE;G1;;2021/TJPE/09/G1/TJPE99601202109221632346763807;False;2021-09-22 18:39:23.821;Erro no arquivo
38;650384451;TJPE50441202109221632346757849;2dfd9a364e1827412e0439ac755a49d4b6f7deba813d9d2d083d546ab6f3b796;7;1632346757873;;0;0;0;TJPE;G1;;2021/TJPE/09/G1/TJPE50441202109221632346757849;False;2021-09-22 18:39:17.873;Erro no arquivo
39;650384422;TJPE29931202109221632346752728;d224115e44b291ec34d1f03789d950dace8fd609080f3c8d362f59329228385d;7;1632346752742;;0;0;0;TJPE;G1;;2021/TJPE/09/G1/TJPE29931202109221632346752728;False;2021-09-22 18:39:12.742;Erro no arquivo
0;650384395;TJPE27761202109221632346745356;170a71f440c8fb35ad035f01ee4b80b1d1e3624780ed7e0ded06219d66c0d403;7;1632346745363;;0;0;0;TJPE;G1;;2021/TJPE/09/G1/TJPE27761202109221632346745356;False;2021-09-22 18:39:05.363;Erro no arquivo
1;650384366;TJPE84036202109221632346738139;6f1017e147398e62b867c0c11cbfed70848a6d4f27365fee0e0e535d33cab075;7;1632346738152;;0;0;0;TJPE;G1;;2021/TJPE/09/G1/TJPE84036202109221632346738139;False;2021-09-22 18:38:58.152;Erro no arquivo
2;650384333;TJPE63247202109221632346730570;43a535c918f7e5b80cd8e5d99555b7325f49222b0a735e36dfebac8d84196803;3;1632346730603;;100;100;0;TJPE;JE;1039756.0;2021/TJPE/09/JE/TJPE63247202109221632346730570;False;2021-09-22 18:38:50.603;Processado com sucesso
3;650384315;TJPE88094202109221632346725397;c2beabdd4f3c7c42137d20b8c7aab9038ea0279a72d0c0f04b78e06daf018a2d;7;1632346725408;;0;0;0;TJPE;G1;;2021/TJPE/09/G1/TJPE88094202109221632346725397;False;2021-09-22 18:38:45.408;Erro no arquivo
4;650384293;TJPE62207202109221632346718545;3b823da87ee6e41ee35ff3d59b828b3382ab3571f52e35ec61c7794e018a17ea;7;1632346718553;;0;0;0;TJPE;G1;;2021/TJPE/09/G1/TJPE62207202109221632346718545;False;2021-09-22 18:38:38.553;Erro no arquivo
5;650384264;TJPE42023202109221632346712119;1c9be9414bcf39a4c1dcd162d09ff6da6d588a419b30dfd08b588ec1a152e9ec;7;1632346712128;;0;0;0;TJPE;G1;;2021/TJPE/09/G1/TJPE42023202109221632346712119;False;2021-09-22 18:38:32.128;Erro no arquivo
6;650384245;TJPE74985202109221632346707287;168c576f1e59242d50b8a4a045ecc4fad6ff2e1636b2ec5709ec0b0811af5b59;3;1632346707310;;100;100;0;TJPE;JE;1172661.0;2021/TJPE/09/JE/TJPE74985202109221632346707287;False;2021-09-22 18:38:27.310;Processado com sucesso
7;650384216;TJPE62466202109221632346701403;d5d20d4896a270a0bbee8fbc7f94d2732aac8fd3fc89a1f4d1eb7fc6180a8b43;7;1632346701411;;0;0;0;TJPE;G1;;2021/TJPE/09/G1/TJPE62466202109221632346701403;False;2021-09-22 18:38:21.411;Erro no arquivo
8;650384196;TJPE89049202109221632346697008;eed54b900d15da7a566bd8ae0e054559521560d65a258743102b135dfc968daa;7;1632346697036;;0;0;0;TJPE;G1;;2021/TJPE/09/G1/TJPE89049202109221632346697008;False;2021-09-22 18:38:17.036;Erro no arquivo
9;650384177;TJPE68483202109221632346691230;c24fdfe7a5207bafc34f655984131314c09c07fc5e75356454a144ac4d262825;7;1632346691241;;0;0;0;TJPE;G1;;2021/TJPE/09/G1/TJPE68483202109221632346691230;False;2021-09-22 18:38:11.241;Erro no arquivo
10;650384146;TJPE91897202109221632346684486;7de8fc943aed7f9f5af5d7dc3b0906a2a3076f5db52fab8618d73965c390d903;7;1632346684494;;0;0;0;TJPE;G1;;2021/TJPE/09/G1/TJPE91897202109221632346684486;False;2021-09-22 18:38:04.494;Erro no arquivo
11;650384123;TJPE30993202109221632346680180;adc035cc5def4e5e8542501425cd84b090709f4ed69a60a0cb140e508cf7b42b;7;1632346680190;;0;0;0;TJPE;G1;;2021/TJPE/09/G1/TJPE30993202109221632346680180;False;2021-09-22 18:38:00.190;Erro no arquivo
12;650384108;TJPE53202202109221632346675305;b020f79777057849ff4cc17a800213a511b3ba8d00c0ba6c79f608f1adb2ea39;7;1632346675312;;0;0;0;TJPE;G1;;2021/TJPE/09/G1/TJPE53202202109221632346675305;False;2021-09-22 18:37:55.312;Erro no arquivo
13;650384091;TJPE40514202109221632346670760;6af6967f34ec9986df3be1ace87d5fd0e233f8fa8e258fe47167b71bdf52ab40;3;1632346670769;;100;100;0;TJPE;JE;1165645.0;2021/TJPE/09/JE/TJPE40514202109221632346670760;False;2021-09-22 18:37:50.769;Processado com sucesso
14;650384056;TJPE12609202109221632346661408;e1d68c0ff22ccf176979c5879a7cdf3245228646a376ac38a970d496fa30cd78;7;1632346661419;;0;0;0;TJPE;G1;;2021/TJPE/09/G1/TJPE12609202109221632346661408;False;2021-09-22 18:37:41.419;Erro no arquivo
15;650384040;TJPE17119202109221632346657003;a7b2562fdfe01f0ee03a203698c661bfecac9606ecad00c35b5cbfee8ba77c5b;7;1632346657011;;0;0;0;TJPE;G1;;2021/TJPE/09/G1/TJPE17119202109221632346657003;False;2021-09-22 18:37:37.011;Erro no arquivo
16;650384008;TJPE59002202109221632346650081;34c28a4bf29797029b1780125e3fe06d56d8cd3dad3f36a23e2fb49b453659e7;7;1632346650090;;0;0;0;TJPE;G1;;2021/TJPE/09/G1/TJPE59002202109221632346650081;False;2021-09-22 18:37:30.090;Erro no arquivo
17;650383972;TJPE65089202109221632346644067;67cd5c5bc7a368a8060f009aae4ccb85cf2cfb5a6596d123af471b7048a58df3;7;1632346644076;;0;0;0;TJPE;G1;;2021/TJPE/09/G1/TJPE65089202109221632346644067;False;2021-09-22 18:37:24.076;Erro no arquivo
18;650383940;TJPE33177202109221632346637291;5ad74317ff40740ecc42e46e9709d0c76c0f9b99976800dc2476c84720e9b348;7;1632346637299;;0;0;0;TJPE;G1;;2021/TJPE/09/G1/TJPE33177202109221632346637291;False;2021-09-22 18:37:17.299;Erro no arquivo
19;650383925;TJPE71679202109221632346632223;9c2dfad1971a81bdcfb1a72735b09065ab52e4c679f3bbb44ffe254eeacdb36f;3;1632346632238;;100;100;0;TJPE;G1;1891405.0;2021/TJPE/09/G1/TJPE71679202109221632346632223;False;2021-09-22 18:37:12.238;Processado com sucesso
20;650383884;TJPE46333202109221632346624119;61fb14a2bcc68fdf6efcd610f85d9e72855fb1762a5cf7f1b87307540c55546e;7;1632346624128;;0;0;0;TJPE;G1;;2021/TJPE/09/G1/TJPE46333202109221632346624119;False;2021-09-22 18:37:04.128;Erro no arquivo
21;650383853;TJPE72370202109221632346617940;177aa4cdf8f7c67ad63d01adfd79869cb467f61496d689a6902e42f642284a0c;7;1632346618020;;0;0;0;TJPE;G1;;2021/TJPE/09/G1/TJPE72370202109221632346617940;False;2021-09-22 18:36:58.020;Erro no arquivo
22;650383809;TJPE92834202109221632346608913;bdab1e821b4beb21ecfde2e8bc73d0571a41e2839c9ecb346233ad0ca82f9eba;7;1632346608939;;0;0;0;TJPE;G1;;2021/TJPE/09/G1/TJPE92834202109221632346608913;False;2021-09-22 18:36:48.939;Erro no arquivo
23;650383754;TJPE82310202109221632346598897;1060455c3d6fdab23c1896aedfe7e573fbd286c96b9d76e0a936ec1eaa08064d;3;1632346598904;;100;100;0;TJPE;JE;1004102.0;2021/TJPE/09/JE/TJPE82310202109221632346598897;False;2021-09-22 18:36:38.904;Processado com sucesso
24;650383714;TJPE48416202109221632346593113;6fad48203236ef85b9a42437d5833fd1af3e2e32e1b104f0fb3ff47370ebd81e;7;1632346593128;;0;0;0;TJPE;G1;;2021/TJPE/09/G1/TJPE48416202109221632346593113;False;2021-09-22 18:36:33.128;Erro no arquivo
25;650383676;TJPE30623202109221632346586048;c542c33f69d2fb09afd2d1f84a17a8ea817a85bbab764f688ba9f7625b670424;3;1632346586056;;96;96;0;TJPE;G1;1094754.0;2021/TJPE/09/G1/TJPE30623202109221632346586048;False;2021-09-22 18:36:26.056;Processado com sucesso
26;650383648;TJPE68681202109221632346579771;3708e07064e76a15a676b7b9c943c6bd48268bbbed232b31c117cae3aaec2e56;7;1632346579780;;0;0;0;TJPE;G1;;2021/TJPE/09/G1/TJPE68681202109221632346579771;False;2021-09-22 18:36:19.780;Erro no arquivo
27;650383609;TJPE86957202109221632346570279;3db1c1013e36292b8c8cab24e39fdd9a9ccf46afb591d7cb10da7e98150c211d;3;1632346570297;;100;100;0;TJPE;JE;957227.0;2021/TJPE/09/JE/TJPE86957202109221632346570279;False;2021-09-22 18:36:10.297;Processado com sucesso
28;650383578;TJPE53901202109221632346562330;892bb3a7091792a139090719f8e5c8a1a450c15dd3e29b6c2ed35fc8a3d0843b;7;1632346562339;;0;0;0;TJPE;G1;;2021/TJPE/09/G1/TJPE53901202109221632346562330;False;2021-09-22 18:36:02.339;Erro no arquivo
29;650383551;TJPE43538202109221632346553690;7df3f59e3d3bc670ab7e626b2349f8a4b6ae080cf31a0618663147e3dcf3e63a;7;1632346553701;;0;0;0;TJPE;G1;;2021/TJPE/09/G1/TJPE43538202109221632346553690;False;2021-09-22 18:35:53.701;Erro no arquivo
30;650383478;TJPE27545202109221632346535089;cc490cb53880e890bd4f843475477d6482ec23b3a923aaeb7168181662f9731b;7;1632346535096;;0;0;0;TJPE;G1;;2021/TJPE/09/G1/TJPE27545202109221632346535089;False;2021-09-22 18:35:35.096;Erro no arquivo
31;650383466;TJPE68848202109221632346533280;310ab840058be677b501125ce6349654703f9e64e510777412a4a89397be58ad;7;1632346533288;;0;0;0;TJPE;G1;;2021/TJPE/09/G1/TJPE68848202109221632346533280;False;2021-09-22 18:35:33.288;Erro no arquivo
32;650383458;TJPE98735202109221632346530760;7a65c210253f48bf90745767377a14bd136cc998b201c804a5f6c00168b7ad4a;7;1632346530786;;0;0;0;TJPE;G1;;2021/TJPE/09/G1/TJPE98735202109221632346530760;False;2021-09-22 18:35:30.786;Erro no arquivo
33;650383442;TJPE18481202109221632346527196;89977c58f053c69f682d49cce353ca4d88ded65ad1ba40e87809964d9684f1eb;7;1632346527204;;0;0;0;TJPE;G1;;2021/TJPE/09/G1/TJPE18481202109221632346527196;False;2021-09-22 18:35:27.204;Erro no arquivo
34;650383431;TJPE99598202109221632346524856;51bdda5f8d93d667461a66bfb1faa699da2e8d8491ddaf1d22cfb0869ac03560;7;1632346524862;;0;0;0;TJPE;G1;;2021/TJPE/09/G1/TJPE99598202109221632346524856;False;2021-09-22 18:35:24.862;Erro no arquivo
35;650383420;TJPE55980202109221632346522980;29552e561ee66f97a819503f688fee5fdb152e54df638a0b17702726f3029f05;7;1632346522988;;0;0;0;TJPE;G1;;2021/TJPE/09/G1/TJPE55980202109221632346522980;False;2021-09-22 18:35:22.988;Erro no arquivo
36;650383411;TJPE26480202109221632346519956;8b08ddadd94f45987e371ddfb24d180499142394f86ce114c3dcba9d6820e5be;7;1632346519971;;0;0;0;TJPE;G1;;2021/TJPE/09/G1/TJPE26480202109221632346519956;False;2021-09-22 18:35:19.971;Erro no arquivo
37;650383396;TJPE35364202109221632346516950;fe84db30f33aed71906ed55a6fa446e77f24a324543cb74acf4b0d8003604b51;7;1632346516958;;0;0;0;TJPE;G1;;2021/TJPE/09/G1/TJPE35364202109221632346516950;False;2021-09-22 18:35:16.958;Erro no arquivo
38;650383379;TJPE44128202109221632346514351;70b8a543ddf518a9353ac25900020f31c602e83808a2627c79ce54d1110f128c;7;1632346514360;;0;0;0;TJPE;G1;;2021/TJPE/09/G1/TJPE44128202109221632346514351;False;2021-09-22 18:35:14.360;Erro no arquivo
39;650383363;TJPE20608202109221632346511382;8cee66f76d81eb2c6c06af907d0df4cc8f4d280b884b23eea74f4a60bb9d7b10;7;1632346511396;;0;0;0;TJPE;G1;;2021/TJPE/09/G1/TJPE20608202109221632346511382;False;2021-09-22 18:35:11.396;Erro no arquivo
0;650383343;TJPE15219202109221632346507031;439b6c2dc4bade8401b81904d0cfe957c3630071b49c93a72196a2faf0021fba;7;1632346507039;;0;0;0;TJPE;G1;;2021/TJPE/09/G1/TJPE15219202109221632346507031;False;2021-09-22 18:35:07.039;Erro no arquivo
1;650383338;TJPE32882202109221632346504460;3f9e92df84d361843a40968b9db79143ab95d61ac7fdbaec9a0be1d346227f80;7;1632346504468;;0;0;0;TJPE;G1;;2021/TJPE/09/G1/TJPE32882202109221632346504460;False;2021-09-22 18:35:04.468;Erro no arquivo
2;650383330;TJPE75367202109221632346501467;d48d4bd30bc063266659633cc7359737d0427cd0f84323ef89c9a9570fb12840;7;1632346501493;;0;0;0;TJPE;G1;;2021/TJPE/09/G1/TJPE75367202109221632346501467;False;2021-09-22 18:35:01.493;Erro no arquivo
3;650383323;TJPE67998202109221632346499314;0f6ff03935d8f8414a09692e1a9e2f3d7265a771056efbf01383b6ebe0727c1a;7;1632346499325;;0;0;0;TJPE;G1;;2021/TJPE/09/G1/TJPE67998202109221632346499314;False;2021-09-22 18:34:59.325;Erro no arquivo
4;650383317;TJPE84276202109221632346497087;f1d41f0be0c2a76f8487bc932da61f5fa47d0565d803ad089c26a78a9f22a47d;7;1632346497095;;0;0;0;TJPE;G1;;2021/TJPE/09/G1/TJPE84276202109221632346497087;False;2021-09-22 18:34:57.095;Erro no arquivo
5;650383291;TJPE70328202109221632346490280;7df3f59e3d3bc670ab7e626b2349f8a4b6ae080cf31a0618663147e3dcf3e63a;7;1632346490289;;0;0;0;TJPE;G1;;2021/TJPE/09/G1/TJPE70328202109221632346490280;False;2021-09-22 18:34:50.289;Erro no arquivo
6;650383281;TJPE78809202109221632346487333;8518719386a6f7f1e7bdb51cb3300338a67b9aa4a05a28c6d8eecff9b98a2285;7;1632346487343;;0;0;0;TJPE;G1;;2021/TJPE/09/G1/TJPE78809202109221632346487333;False;2021-09-22 18:34:47.343;Erro no arquivo
7;650383268;TJPE34209202109221632346484965;50cd58d2a5b71ea8e018581cd7d4435eaa574596b2ec8e3640992af9b8e13305;7;1632346484987;;0;0;0;TJPE;G1;;2021/TJPE/09/G1/TJPE34209202109221632346484965;False;2021-09-22 18:34:44.987;Erro no arquivo
8;650383259;TJPE92741202109221632346482687;6a1a8b58da5ba3fb6e849deab8f03765096eb01b6a6a37e85df5ad521a14a513;3;1632346482696;;100;100;0;TJPE;JE;1218620.0;2021/TJPE/09/JE/TJPE92741202109221632346482687;False;2021-09-22 18:34:42.696;Processado com sucesso
9;650383254;TJPE39252202109221632346480175;7c8fe4264330d2b7201a98bb2dda9798bee0f6005dfea40aff8f7ed38570378c;7;1632346480196;;0;0;0;TJPE;G1;;2021/TJPE/09/G1/TJPE39252202109221632346480175;False;2021-09-22 18:34:40.196;Erro no arquivo
10;650383244;TJPE11209202109221632346477754;9acd0ea9ff2ca1315900374fb6ebc8c0ed95abe72456c62a13574314cc66156f;7;1632346477760;;0;0;0;TJPE;G1;;2021/TJPE/09/G1/TJPE11209202109221632346477754;False;2021-09-22 18:34:37.760;Erro no arquivo
11;650383237;TJPE85048202109221632346475632;ab2b8b2ff2ff28d415bb088c3c3ee6a77261bcfdeb1a40c00c4cdec7138a4d53;7;1632346475644;;0;0;0;TJPE;G1;;2021/TJPE/09/G1/TJPE85048202109221632346475632;False;2021-09-22 18:34:35.644;Erro no arquivo
12;650383207;TJPE43692202109221632346467731;ecaa18b21a9a05e9b324e57180caf9a2dd25a4f2e71ef011d04d47f71ae69d4b;7;1632346467742;;0;0;0;TJPE;G1;;2021/TJPE/09/G1/TJPE43692202109221632346467731;False;2021-09-22 18:34:27.742;Erro no arquivo
13;650383185;TJPE58505202109221632346461684;1025b99e98ad9f7a02286d6db652d8b6c384823cc40aefbf9d9cd4bebfe7b76f;7;1632346461705;;0;0;0;TJPE;G1;;2021/TJPE/09/G1/TJPE58505202109221632346461684;False;2021-09-22 18:34:21.705;Erro no arquivo
14;650383154;TJPE18372202109221632346453886;70ff7c80072dc1e66a1852cdd5aca0d694a859b835d4f85affc56ec205b76efa;7;1632346453896;;0;0;0;TJPE;G1;;2021/TJPE/09/G1/TJPE18372202109221632346453886;False;2021-09-22 18:34:13.896;Erro no arquivo
15;650383129;TJPE70087202109221632346446954;2a6f749624dfde4ec812b85e989ea03300e704d24e27140f25bc8f1d2c8e912e;7;1632346446977;;0;0;0;TJPE;G1;;2021/TJPE/09/G1/TJPE70087202109221632346446954;False;2021-09-22 18:34:06.977;Erro no arquivo
16;650383113;TJPE17060202109221632346442062;a9235d2d6cb7b725395b7aa7e195e5b20f09e09a2fc2f05b4303e248a9fddd0a;7;1632346442070;;0;0;0;TJPE;G1;;2021/TJPE/09/G1/TJPE17060202109221632346442062;False;2021-09-22 18:34:02.070;Erro no arquivo
17;650383077;TJPE70204202109221632346437590;3cae509abf26625e43201c128713b7bc1b26dc89d944cbb8e1ac4f6897672ee2;7;1632346437598;;0;0;0;TJPE;G1;;2021/TJPE/09/G1/TJPE70204202109221632346437590;False;2021-09-22 18:33:57.598;Erro no arquivo
18;650383066;TJPE38683202109221632346434514;15891894bb5ff5a5348a6855785d2feb16fe2ee63ed28a802247852dc9981329;7;1632346434520;;0;0;0;TJPE;G1;;2021/TJPE/09/G1/TJPE38683202109221632346434514;False;2021-09-22 18:33:54.520;Erro no arquivo
19;650383039;TJPE24748202109221632346428227;1cc0c61c274ad3ad9115458fdcc96124e87b6d91ef92a493b1f878f3e08d1c52;7;1632346428251;;0;0;0;TJPE;G1;;2021/TJPE/09/G1/TJPE24748202109221632346428227;False;2021-09-22 18:33:48.251;Erro no arquivo
20;650383014;TJPE68467202109221632346423714;880df917efc5c2361ddd13e9be5138a72a36bb2740102bff14d635b3259e3cfc;7;1632346423721;;0;0;0;TJPE;G1;;2021/TJPE/09/G1/TJPE68467202109221632346423714;False;2021-09-22 18:33:43.721;Erro no arquivo
21;650382995;TJPE63010202109221632346418028;3e35306b2bcd089b093ec9fa3acd94bafa0656c96405892ec6fe8a03a09d4c56;7;1632346418035;;0;0;0;TJPE;G1;;2021/TJPE/09/G1/TJPE63010202109221632346418028;False;2021-09-22 18:33:38.035;Erro no arquivo
22;650382971;TJPE39246202109221632346412901;5335e34e394a92bbc4e6823dea58baf09e116d578483b7fb69b18ca74a7e4535;7;1632346412910;;0;0;0;TJPE;G1;;2021/TJPE/09/G1/TJPE39246202109221632346412901;False;2021-09-22 18:33:32.910;Erro no arquivo
23;650382955;TJPE31596202109221632346409135;595e031fffaaaa344111febfd7b4805e007348a2412b94a62a44e482b17f36c5;7;1632346409146;;0;0;0;TJPE;G1;;2021/TJPE/09/G1/TJPE31596202109221632346409135;False;2021-09-22 18:33:29.146;Erro no arquivo
24;650382950;TJPE24168202109221632346407371;7def3d7b1fca8a96984cfaff77d0331dd28c56f6edb61b6b520c7a4a59a4e6aa;7;1632346407380;;0;0;0;TJPE;G1;;2021/TJPE/09/G1/TJPE24168202109221632346407371;False;2021-09-22 18:33:27.380;Erro no arquivo
25;650382939;TJPE20019202109221632346405030;677501f193b6630ff5b6d0609aa993dc090a773dd0f7b75e3417799b2e88987f;7;1632346405040;;0;0;0;TJPE;G1;;2021/TJPE/09/G1/TJPE20019202109221632346405030;False;2021-09-22 18:33:25.040;Erro no arquivo
26;650382929;TJPE27520202109221632346402602;9c2511449eb535c4a3887481d536636d1ba1b04c682c14baab3813ce6b98ec71;3;1632346402618;;97;97;0;TJPE;G1;820387.0;2021/TJPE/09/G1/TJPE27520202109221632346402602;False;2021-09-22 18:33:22.618;Processado com sucesso
27;650382913;TJPE77036202109221632346400034;f51a9dddeb6e9c117b73231b9a35e42d947ffad5cf27de91ad5a0c5e8c403d95;7;1632346400048;;0;0;0;TJPE;G1;;2021/TJPE/09/G1/TJPE77036202109221632346400034;False;2021-09-22 18:33:20.048;Erro no arquivo
28;650382902;TJPE91875202109221632346397929;c8df1dc7000a766e786118b37b28520b3993db1bf48cd83c2222c6c8f68eefcc;3;1632346397942;;100;100;0;TJPE;JE;1414288.0;2021/TJPE/09/JE/TJPE91875202109221632346397929;False;2021-09-22 18:33:17.942;Processado com sucesso
29;650382890;TJPE31396202109221632346394451;54a1c2343e689ae0ae0581f83ae1ec97054e9b5e92902c02587701f7dfa35528;7;1632346394461;;0;0;0;TJPE;G1;;2021/TJPE/09/G1/TJPE31396202109221632346394451;False;2021-09-22 18:33:14.461;Erro no arquivo
30;650382878;TJPE37470202109221632346391516;52e68a381b8b6f13a0033b357c24c474882274c6174d43b563bf4c250500dad2;7;1632346391522;;0;0;0;TJPE;G1;;2021/TJPE/09/G1/TJPE37470202109221632346391516;False;2021-09-22 18:33:11.522;Erro no arquivo
31;650382868;TJPE73916202109221632346388565;fe424b54d89dd09b6f31a067d20ed3fd66aa6f6fbb388bc8a317cd5dd9b596a6;7;1632346388578;;0;0;0;TJPE;G1;;2021/TJPE/09/G1/TJPE73916202109221632346388565;False;2021-09-22 18:33:08.578;Erro no arquivo
32;650382862;TJPE96701202109221632346385151;11ce7581a478839ec983039ed2b3d70d76cfa700835e6905c00f5666543003dd;7;1632346385162;;0;0;0;TJPE;G1;;2021/TJPE/09/G1/TJPE96701202109221632346385151;False;2021-09-22 18:33:05.162;Erro no arquivo
33;650382841;TJPE46585202109221632346379553;99b5e589fe4b11e02bda624ad1214a80943da2eda052b89d5c5cda9e376b64c6;7;1632346379560;;0;0;0;TJPE;G1;;2021/TJPE/09/G1/TJPE46585202109221632346379553;False;2021-09-22 18:32:59.560;Erro no arquivo
34;650382830;TJPE99998202109221632346377054;ee38ee86e2816aecc561ebc6ae73bee0f4d2fb74c8520b8bf2d3e253900a7875;7;1632346377064;;0;0;0;TJPE;G1;;2021/TJPE/09/G1/TJPE99998202109221632346377054;False;2021-09-22 18:32:57.064;Erro no arquivo
35;650382824;TJPE79380202109221632346374438;347df6584fb7762176b35c8fcdbfd4df330a40f580d11a24dde328ad3a77edcb;7;1632346374448;;0;0;0;TJPE;G1;;2021/TJPE/09/G1/TJPE79380202109221632346374438;False;2021-09-22 18:32:54.448;Erro no arquivo
36;650382812;TJPE11291202109221632346370932;0057cbf9b5a0149019f33eea6d09e923f355d2460a50b7b0ca2ef627ba30784b;7;1632346370941;;0;0;0;TJPE;G1;;2021/TJPE/09/G1/TJPE11291202109221632346370932;False;2021-09-22 18:32:50.941;Erro no arquivo
37;650382805;TJPE18302202109221632346368567;a263769283805853a4e53e470fea393e1a46ac620e1f22a2b1f262c1c4b08af8;7;1632346368576;;0;0;0;TJPE;G1;;2021/TJPE/09/G1/TJPE18302202109221632346368567;False;2021-09-22 18:32:48.576;Erro no arquivo
38;650382792;TJPE69682202109221632346365125;dd6959ff2e44834a36e23ca42f6673b2c8811e4604456309cfe4c42f1adf0d7f;7;1632346365134;;0;0;0;TJPE;G1;;2021/TJPE/09/G1/TJPE69682202109221632346365125;False;2021-09-22 18:32:45.134;Erro no arquivo
39;650382779;TJPE43200202109221632346362062;37618813181c5c0ea22bfc4fcc5cb1dcc04649e476415bbbe06e95866343a1bd;7;1632346362071;;0;0;0;TJPE;G1;;2021/TJPE/09/G1/TJPE43200202109221632346362062;False;2021-09-22 18:32:42.071;Erro no arquivo
0;650382762;TJPE34024202109221632346358748;fd3cdcd1ac31396eb08300f3d3d98dff77d26ea9bab0c7b840656dc74c30d553;7;1632346358755;;0;0;0;TJPE;JE;;2021/TJPE/09/JE/TJPE34024202109221632346358748;False;2021-09-22 18:32:38.755;Erro no arquivo
1;650382753;TJPE45851202109221632346356385;6e3fdefe367226cd3c6c963e427ede48acdb5c15067f2e79bf6d965fe4ec9652;7;1632346356393;;0;0;0;TJPE;G1;;2021/TJPE/09/G1/TJPE45851202109221632346356385;False;2021-09-22 18:32:36.393;Erro no arquivo
2;650382744;TJPE94800202109221632346354211;fe102aa0b8827f419486af82eb598685894c1894d6a3fb706972d78f442d9b64;7;1632346354217;;0;0;0;TJPE;G1;;2021/TJPE/09/G1/TJPE94800202109221632346354211;False;2021-09-22 18:32:34.217;Erro no arquivo
3;650382735;TJPE28865202109221632346352270;39d233a87b209107dce61579580d6244bab5b1bfe93f07b49a1409d89c552071;7;1632346352278;;0;0;0;TJPE;G1;;2021/TJPE/09/G1/TJPE28865202109221632346352270;False;2021-09-22 18:32:32.278;Erro no arquivo
4;650382716;TJPE99291202109221632346347929;a8ecfcd4d3a0b0a758e68722adf1ab8dd29d9ed7bec28ab1083c03c12afb4406;7;1632346347954;;0;0;0;TJPE;G1;;2021/TJPE/09/G1/TJPE99291202109221632346347929;False;2021-09-22 18:32:27.954;Erro no arquivo
5;650382705;TJPE27619202109221632346344923;50599707f04ab28266c20d4bb14edb595d0ba812d91eef050a37ed5174eeeb19;7;1632346344929;;0;0;0;TJPE;G1;;2021/TJPE/09/G1/TJPE27619202109221632346344923;False;2021-09-22 18:32:24.929;Erro no arquivo
6;650382690;TJPE69478202109221632346341522;1e677c76c672ba23c5705b383c1ac200c4d34361976c80a7f6f82fd70b53c275;7;1632346341531;;0;0;0;TJPE;G1;;2021/TJPE/09/G1/TJPE69478202109221632346341522;False;2021-09-22 18:32:21.531;Erro no arquivo
7;650382673;TJPE82411202109221632346337515;e2291c85eda045f77b3543a2985565b69d3577858238f3171178f85981f006ba;3;1632346337524;;100;100;0;TJPE;JE;1193556.0;2021/TJPE/09/JE/TJPE82411202109221632346337515;False;2021-09-22 18:32:17.524;Processado com sucesso
8;650382658;TJPE86738202109221632346333340;296c363ea17bc765d3c7dda3f653f6642195d592e3b688b303f2aa02f494d405;7;1632346333347;;0;0;0;TJPE;G1;;2021/TJPE/09/G1/TJPE86738202109221632346333340;False;2021-09-22 18:32:13.347;Erro no arquivo
9;650382646;TJPE67024202109221632346330466;07b641efd79021f3ff763d8e254da68001bd6198563aa57c3f64b0cc75596004;3;1632346330473;;100;100;0;TJPE;JE;1018443.0;2021/TJPE/09/JE/TJPE67024202109221632346330466;False;2021-09-22 18:32:10.473;Processado com sucesso
10;650382630;TJPE91392202109221632346327155;f91d6ab613e444eb662d67bd74864f812baee9d756cd8c4d2f7249d4618a9e58;7;1632346327161;;0;0;0;TJPE;G1;;2021/TJPE/09/G1/TJPE91392202109221632346327155;False;2021-09-22 18:32:07.161;Erro no arquivo
11;650382623;TJPE31905202109221632346325358;94a02a6f41104f2012f8110a438c292855d5e2facb35887bb4ace5e5595b022c;7;1632346325370;;0;0;0;TJPE;G1;;2021/TJPE/09/G1/TJPE31905202109221632346325358;False;2021-09-22 18:32:05.370;Erro no arquivo
12;650382609;TJPE37023202109221632346322435;32a86fda8cb351b6b512ba772272da3436163e4e40543fc2d96e0c703e0251eb;7;1632346322440;;0;0;0;TJPE;G1;;2021/TJPE/09/G1/TJPE37023202109221632346322435;False;2021-09-22 18:32:02.440;Erro no arquivo
13;650382595;TJPE25502202109221632346319591;9b1fe868ef027e8f986bf1f61a32e8bd693ff5874735b065b215fd306d64c6d0;7;1632346319604;;0;0;0;TJPE;G1;;2021/TJPE/09/G1/TJPE25502202109221632346319591;False;2021-09-22 18:31:59.604;Erro no arquivo
14;650382586;TJPE75336202109221632346317004;9fbe400db986dcbf24e7873076500fd7e0cbdc215d73722de49bcf443356fec5;7;1632346317013;;0;0;0;TJPE;G1;;2021/TJPE/09/G1/TJPE75336202109221632346317004;False;2021-09-22 18:31:57.013;Erro no arquivo
15;650382572;TJPE35066202109221632346312855;afd8d0d2f767629907e63cc688836a2479e68cb5d850ef00850afc17911cc7d4;7;1632346312865;;0;0;0;TJPE;G1;;2021/TJPE/09/G1/TJPE35066202109221632346312855;False;2021-09-22 18:31:52.865;Erro no arquivo
16;650382562;TJPE40383202109221632346310027;033440a0f4f523b9146cdb94a800240c8e0c8d7ec87bc0e8888beed6fbb5a4e1;7;1632346310036;;0;0;0;TJPE;G1;;2021/TJPE/09/G1/TJPE40383202109221632346310027;False;2021-09-22 18:31:50.036;Erro no arquivo
17;650382554;TJPE45801202109221632346307706;41323ac6a0a47eaec2089aee9bf50a3c09c586918cc502bf04c104813c3b89da;7;1632346307722;;0;0;0;TJPE;G1;;2021/TJPE/09/G1/TJPE45801202109221632346307706;False;2021-09-22 18:31:47.722;Erro no arquivo
18;650382539;TJPE58011202109221632346305004;3058aca8774fbb5aa9599024bc33cb4b3ba50a9ace04481eb2d09d4982a529fe;7;1632346305014;;0;0;0;TJPE;G1;;2021/TJPE/09/G1/TJPE58011202109221632346305004;False;2021-09-22 18:31:45.014;Erro no arquivo
19;650382526;TJPE23167202109221632346302803;6ea5c4bbf83827c33903f4c8f73431ff3f6ede6240a0f7e4df3bd7b1885ac090;7;1632346302824;;0;0;0;TJPE;G1;;2021/TJPE/09/G1/TJPE23167202109221632346302803;False;2021-09-22 18:31:42.824;Erro no arquivo
20;650382505;TJPE77823202109221632346297479;e14e303cbb8f443981db31de1ed8df38d565b120dc5bd494254ad0fdd88f2de8;3;1632346297489;;100;100;0;TJPE;JE;1324878.0;2021/TJPE/09/JE/TJPE77823202109221632346297479;False;2021-09-22 18:31:37.489;Processado com sucesso
21;650382494;TJPE94542202109221632346294341;d9b7409bf3010e719df1b377d54e5933deab1a3a40e5f2a9752ccf5f80961217;7;1632346294350;;0;0;0;TJPE;G1;;2021/TJPE/09/G1/TJPE94542202109221632346294341;False;2021-09-22 18:31:34.350;Erro no arquivo
22;650382481;TJPE42536202109221632346291019;5bd56d7c2d3f3e7af3b922893d00f0914242faa6c7e3c6bcba8187e441adf702;7;1632346291028;;0;0;0;TJPE;G1;;2021/TJPE/09/G1/TJPE42536202109221632346291019;False;2021-09-22 18:31:31.028;Erro no arquivo
23;650382473;TJPE88981202109221632346288850;9221b5c913075541dee218b2e1d40cfffaed714a8a61fbb8b33063b7ed59b4c8;7;1632346288863;;0;0;0;TJPE;G1;;2021/TJPE/09/G1/TJPE88981202109221632346288850;False;2021-09-22 18:31:28.863;Erro no arquivo
24;650382457;TJPE48503202109221632346286674;176bac640a791bad48e0e738f64e320012713ac09de238de41efdde17be63c71;7;1632346286685;;0;0;0;TJPE;G1;;2021/TJPE/09/G1/TJPE48503202109221632346286674;False;2021-09-22 18:31:26.685;Erro no arquivo
25;650382446;TJPE62874202109221632346283923;6be5103778cf8164387187f8e1bcfc424cb11e3e814acde8c11c79664d2ce447;7;1632346283939;;0;0;0;TJPE;G1;;2021/TJPE/09/G1/TJPE62874202109221632346283923;False;2021-09-22 18:31:23.939;Erro no arquivo
26;650382434;TJPE65328202109221632346280526;6f4797d223fbbcdfc5f2b826d2f981bc4eb6b3d61252b59a89f52984bd8d4c80;7;1632346280541;;0;0;0;TJPE;G1;;2021/TJPE/09/G1/TJPE65328202109221632346280526;False;2021-09-22 18:31:20.541;Erro no arquivo
27;650382384;TJPE41004202109221632346260403;6fe845074fc86057b84f5610122e45a8a2853329bce3842c737d7d48540cb65a;7;1632346260413;;0;0;0;TJPE;G1;;2021/TJPE/09/G1/TJPE41004202109221632346260403;False;2021-09-22 18:31:00.413;Erro no arquivo
28;650382357;TJPE93242202109221632346254701;d48e8095a6d1b1a5d54898f40bf7ca049df57cb67c9e7ba94460d038d8358f64;7;1632346254713;;0;0;0;TJPE;G1;;2021/TJPE/09/G1/TJPE93242202109221632346254701;False;2021-09-22 18:30:54.713;Erro no arquivo
29;650382317;TJPE86617202109221632346248445;a214c93f1f2d21fff216079b83be9c2818e1339cf88370fefdae213c95799232;7;1632346248455;;0;0;0;TJPE;G1;;2021/TJPE/09/G1/TJPE86617202109221632346248445;False;2021-09-22 18:30:48.455;Erro no arquivo
30;650382293;TJPE77226202109221632346241999;a1ad68bef8161f76512a8bb40217b3f06b0e84cc7194be52e62dbf11f64f5528;7;1632346242026;;0;0;0;TJPE;G1;;2021/TJPE/09/G1/TJPE77226202109221632346241999;False;2021-09-22 18:30:42.026;Erro no arquivo
31;650382273;TJPE62485202109221632346237513;b0cc9d3e3bf95f0f4377091d68cccb2f8ee2a9bd8acfd0167dd721bac2fef68f;7;1632346237539;;0;0;0;TJPE;G1;;2021/TJPE/09/G1/TJPE62485202109221632346237513;False;2021-09-22 18:30:37.539;Erro no arquivo
32;650382257;TJPE84246202109221632346234918;c95ce30e2559a7a6d2ff3c1b693a8bef064c2b9181594402aa232d16f22bbf45;7;1632346234927;;0;0;0;TJPE;G1;;2021/TJPE/09/G1/TJPE84246202109221632346234918;False;2021-09-22 18:30:34.927;Erro no arquivo
33;650382244;TJPE90256202109221632346233165;7561128b8a159c38c4c66a33fdce506abf1375396495066e36a7b9651468f7c6;7;1632346233174;;0;0;0;TJPE;G1;;2021/TJPE/09/G1/TJPE90256202109221632346233165;False;2021-09-22 18:30:33.174;Erro no arquivo
34;650382238;TJPE28345202109221632346231402;7129e983d3c3da76d934e64a4850fe07ae0ece424ac82bdca9aaf65b1742f8f6;7;1632346231411;;0;0;0;TJPE;G1;;2021/TJPE/09/G1/TJPE28345202109221632346231402;False;2021-09-22 18:30:31.411;Erro no arquivo
35;650382224;TJPE55640202109221632346228433;39e578e9aa3bbc343d524c2295a69ff520f4580a9936bd3e5b9dee00b1af0982;7;1632346228442;;0;0;0;TJPE;G1;;2021/TJPE/09/G1/TJPE55640202109221632346228433;False;2021-09-22 18:30:28.442;Erro no arquivo
36;650382212;TJPE75684202109221632346225972;779a352690b190dc3749c1665509c01450070a97e4c47dacc453e87420b01cd8;7;1632346225986;;0;0;0;TJPE;G1;;2021/TJPE/09/G1/TJPE75684202109221632346225972;False;2021-09-22 18:30:25.986;Erro no arquivo
37;650382204;TJPE82134202109221632346223967;58628b654a4e9a2901aebcb07b09b7e2042febcd0a037240efe24e2867a3f204;7;1632346223973;;0;0;0;TJPE;G1;;2021/TJPE/09/G1/TJPE82134202109221632346223967;False;2021-09-22 18:30:23.973;Erro no arquivo
38;650382192;TJPE24240202109221632346222308;eaa58f08ce1c7398a44cda9c81c8ff0d0ccb84a1423b6396de95839e8cac7fd5;7;1632346222315;;0;0;0;TJPE;G1;;2021/TJPE/09/G1/TJPE24240202109221632346222308;False;2021-09-22 18:30:22.315;Erro no arquivo
39;650382176;TJPE85305202109221632346219663;d38af5d1bfed5e588b88db0ec6790751981f90e84a03892a3e96a24c65ab7979;7;1632346219672;;0;0;0;TJPE;G1;;2021/TJPE/09/G1/TJPE85305202109221632346219663;False;2021-09-22 18:30:19.672;Erro no arquivo
0;650382165;TJPE89635202109221632346217541;cd7e2664916e48cd84940829d4be467bcc7c107843d1253660954ead20e80f21;7;1632346217604;;0;0;0;TJPE;G1;;2021/TJPE/09/G1/TJPE89635202109221632346217541;False;2021-09-22 18:30:17.604;Erro no arquivo
1;650382153;TJPE33104202109221632346215523;d3c35deae6176dfba4eda725eee7bcf3220ac8f66361c6db0e39501b81530fcd;7;1632346215532;;0;0;0;TJPE;G1;;2021/TJPE/09/G1/TJPE33104202109221632346215523;False;2021-09-22 18:30:15.532;Erro no arquivo
2;650382130;TJPE76158202109221632346211019;61131d92ae76a305aaf57b9c26d44e672558ba60ccca72e01e1aa89879fe4103;7;1632346211036;;0;0;0;TJPE;G1;;2021/TJPE/09/G1/TJPE76158202109221632346211019;False;2021-09-22 18:30:11.036;Erro no arquivo
3;650382105;TJPE96727202109221632346207307;6da3f99a13793d6b7932a4e2b1aba7f4296905a3f3606f5f33c997ebe1a7cca4;7;1632346207322;;0;0;0;TJPE;G1;;2021/TJPE/09/G1/TJPE96727202109221632346207307;False;2021-09-22 18:30:07.322;Erro no arquivo
4;650382096;TJPE29692202109221632346205391;57c4801a01b2b0f0ceaaffd5ad18e8d99ef0ecc5334366e03b14b68e93851aff;7;1632346205402;;0;0;0;TJPE;G1;;2021/TJPE/09/G1/TJPE29692202109221632346205391;False;2021-09-22 18:30:05.402;Erro no arquivo
5;650382041;TJPE67034202109221632346196592;e3ce3a0263010302f6e062663735375a482920719d2c0465524eee3134633151;7;1632346196613;;0;0;0;TJPE;G1;;2021/TJPE/09/G1/TJPE67034202109221632346196592;False;2021-09-22 18:29:56.613;Erro no arquivo
6;650382019;TJPE43489202109221632346192084;44f195b6728beb6e8070936e3c90bc6300e4e7a36b98251f766f022d8b5c188a;7;1632346192098;;0;0;0;TJPE;G1;;2021/TJPE/09/G1/TJPE43489202109221632346192084;False;2021-09-22 18:29:52.098;Erro no arquivo
7;650381985;TJPE28813202109221632346185472;8fe50232edbe62f0319e0117c226902dfd3d0e1854fbe1e2188aa24e15d7181b;7;1632346185496;;0;0;0;TJPE;G1;;2021/TJPE/09/G1/TJPE28813202109221632346185472;False;2021-09-22 18:29:45.496;Erro no arquivo
8;650381963;TJPE16048202109221632346181043;230e743e3712e150ff971e5b24a5b13348447baf2336b09a68dfb2e9075413e7;7;1632346181055;;0;0;0;TJPE;G1;;2021/TJPE/09/G1/TJPE16048202109221632346181043;False;2021-09-22 18:29:41.055;Erro no arquivo
9;650381934;TJPE73168202109221632346175748;24686f825aaf8fdcc89521aa68ffecc7a3f28034cb5d387161d9e807d913831b;7;1632346175768;;0;0;0;TJPE;G1;;2021/TJPE/09/G1/TJPE73168202109221632346175748;False;2021-09-22 18:29:35.768;Erro no arquivo
10;650381848;TJPE42751202109221632346157171;d76d912649594ff76fabe237fa68962f30367f00e008f74236041fa6f3ffefdb;7;1632346157192;;0;0;0;TJPE;G1;;2021/TJPE/09/G1/TJPE42751202109221632346157171;False;2021-09-22 18:29:17.192;Erro no arquivo
11;650381825;TJPE48552202109221632346152431;2b9fc15c706dfc7af04cf62b70f4d041071fe75d087b4b8527ad6663269cca5c;7;1632346152440;;0;0;0;TJPE;G1;;2021/TJPE/09/G1/TJPE48552202109221632346152431;False;2021-09-22 18:29:12.440;Erro no arquivo
12;650381799;TJPE51616202109221632346146930;7e8b23f3365e3b4140eacbef4aadcb8a94afa1b7f079fe138e3f73cf598ff681;7;1632346146937;;0;0;0;TJPE;G1;;2021/TJPE/09/G1/TJPE51616202109221632346146930;False;2021-09-22 18:29:06.937;Erro no arquivo
13;650381782;TJPE39524202109221632346143172;04426a64840214732679b6901066e0c25e0e18461953ce55aa3ff1415fc4051b;7;1632346143179;;0;0;0;TJPE;G1;;2021/TJPE/09/G1/TJPE39524202109221632346143172;False;2021-09-22 18:29:03.179;Erro no arquivo
14;650381743;TJPE14649202109221632346134247;9a7b978f516c8371f4e330730a9d032d1ef0a53eeeb3bc51d37f0cfdb944d913;7;1632346134254;;0;0;0;TJPE;G1;;2021/TJPE/09/G1/TJPE14649202109221632346134247;False;2021-09-22 18:28:54.254;Erro no arquivo
15;650381724;TJPE14858202109221632346129886;5a4be9702eb0c95e8ef261ed8bec892bec284c7620bfb09f59c0f8bdae24ffae;7;1632346129899;;0;0;0;TJPE;G1;;2021/TJPE/09/G1/TJPE14858202109221632346129886;False;2021-09-22 18:28:49.899;Erro no arquivo
16;650381682;TJPE38777202109221632346121724;a7d2c4eb85e45b84d092373729ebf997c56d04e796880b52f34b2097ee18dd48;7;1632346121733;;0;0;0;TJPE;G1;;2021/TJPE/09/G1/TJPE38777202109221632346121724;False;2021-09-22 18:28:41.733;Erro no arquivo
17;650381665;TJPE53775202109221632346118419;85aef1dd3f2487ad8a8bbd9b881a1ffda0f540931f55070d079fb81a4f403bf9;3;1632346118440;;100;100;0;TJPE;JE;1134455.0;2021/TJPE/09/JE/TJPE53775202109221632346118419;False;2021-09-22 18:28:38.440;Processado com sucesso
18;650381639;TJPE29983202109221632346112919;3fc12059c116fe3ee7d306307461a79c49f209f60685e9ce5c2fcffb7fba21ef;7;1632346112936;;0;0;0;TJPE;G1;;2021/TJPE/09/G1/TJPE29983202109221632346112919;False;2021-09-22 18:28:32.936;Erro no arquivo
19;650381593;TJPE12461202109221632346105001;25511b5ca1a0b25c12b330381e7dcc607f2dd61656fd866611e39e108dd6b220;7;1632346105011;;0;0;0;TJPE;G1;;2021/TJPE/09/G1/TJPE12461202109221632346105001;False;2021-09-22 18:28:25.011;Erro no arquivo
20;650381319;TJPE31366202109221632346100993;2c9cb62ee2b910c9b85eaace727fa6bc18199ba5421ca3fb3665880854ef530a;7;1632346101007;;0;0;0;TJPE;G1;;2021/TJPE/09/G1/TJPE31366202109221632346100993;False;2021-09-22 18:28:21.007;Erro no arquivo
21;650380951;TJPE13649202109221632346097217;9424dc35c7f01bba6e40d98d6b0dee5a274ea1def8e0fa9b21825122f0f79562;7;1632346097225;;0;0;0;TJPE;G1;;2021/TJPE/09/G1/TJPE13649202109221632346097217;False;2021-09-22 18:28:17.225;Erro no arquivo
22;650380522;TJPE47233202109221632346091768;586265bfc4f6ec83163ce68013aca596f2f9354440550f8749739b1532bd70da;7;1632346091780;;0;0;0;TJPE;G1;;2021/TJPE/09/G1/TJPE47233202109221632346091768;False;2021-09-22 18:28:11.780;Erro no arquivo
23;650380095;TJPE74595202109221632346085255;dcbfdd0a445889888dd62e8d30c4afab5bace85b5151b11425d60da14cf00f1a;7;1632346085262;;0;0;0;TJPE;G1;;2021/TJPE/09/G1/TJPE74595202109221632346085255;False;2021-09-22 18:28:05.262;Erro no arquivo
24;650379626;TJPE92698202109221632346079594;98a427c4e209506f86723f6fb3e42f60a29807d2c46ad2e7fe526cb78adf13eb;7;1632346079601;;0;0;0;TJPE;G1;;2021/TJPE/09/G1/TJPE92698202109221632346079594;False;2021-09-22 18:27:59.601;Erro no arquivo
25;650378969;TJPE43041202109221632346072641;512aee64a86b2edf3cbfcff576c89f6cf20d2df3c4645ef1f93db57a51de85b8;7;1632346072647;;0;0;0;TJPE;G1;;2021/TJPE/09/G1/TJPE43041202109221632346072641;False;2021-09-22 18:27:52.647;Erro no arquivo
26;650378795;TJPE69058202109221632346071124;266409c0039051742bd6a408c86be22488b76079e6aa294d092500faae28d60a;7;1632346071145;;0;0;0;TJPE;G1;;2021/TJPE/09/G1/TJPE69058202109221632346071124;False;2021-09-22 18:27:51.145;Erro no arquivo
27;650378621;TJPE36640202109221632346069244;d4fcbef465801886352c8c3a1dd83e4c9a7c2104efef6839b1850d6967bca9b8;7;1632346069254;;0;0;0;TJPE;G1;;2021/TJPE/09/G1/TJPE36640202109221632346069244;False;2021-09-22 18:27:49.254;Erro no arquivo
28;650378450;TJPE79752202109221632346067149;be11172abcbdbc1bdc5eba25320476517f8d9f5a9b755b55b30681c331f7abac;3;1632346067159;;100;100;0;TJPE;JE;1172958.0;2021/TJPE/09/JE/TJPE79752202109221632346067149;False;2021-09-22 18:27:47.159;Processado com sucesso
29;650378245;TJPE89670202109221632346065231;782a562bc2a7102c9241ac6c73d8b12d198cec0dcb5fdbeb9fe8b97176722870;7;1632346065240;;0;0;0;TJPE;G1;;2021/TJPE/09/G1/TJPE89670202109221632346065231;False;2021-09-22 18:27:45.240;Erro no arquivo
30;650377254;TJPE59148202109221632346054581;ec3d2beded34687169db201181abd4a593ca2199bf2c9ffd645da42d98cafaf6;7;1632346054587;;0;0;0;TJPE;G1;;2021/TJPE/09/G1/TJPE59148202109221632346054581;False;2021-09-22 18:27:34.587;Erro no arquivo
31;650377020;TJPE22034202109221632346051664;d79262f86a237f70a33d4cc1b6d9157462a346c937e3d4168b4088a7dc6452b0;7;1632346051681;;0;0;0;TJPE;G1;;2021/TJPE/09/G1/TJPE22034202109221632346051664;False;2021-09-22 18:27:31.681;Erro no arquivo
32;650376421;TJPE94051202109221632346044399;3f1c574d38fb9f157a97e9c8f5be4069e83429478537e97ae787a6c274b9f109;7;1632346044405;;0;0;0;TJPE;G1;;2021/TJPE/09/G1/TJPE94051202109221632346044399;False;2021-09-22 18:27:24.405;Erro no arquivo
33;650376390;TJPE58646202109221632346039221;a9c461dbcf4b8e160bef8f0877d76b5c97b0d2f0490a3cfa024526cfdef7f1bf;7;1632346039230;;0;0;0;TJPE;G1;;2021/TJPE/09/G1/TJPE58646202109221632346039221;False;2021-09-22 18:27:19.230;Erro no arquivo
34;650376354;TJPE98497202109221632346032867;195bb1dc3772f88a500c79d02c30780f45cebb60eef31ded867063fd2b123c0c;7;1632346032875;;0;0;0;TJPE;G1;;2021/TJPE/09/G1/TJPE98497202109221632346032867;False;2021-09-22 18:27:12.875;Erro no arquivo
35;650376335;TJPE17451202109221632346029717;31bd110f9dfd7aff1779b78ad7d60c9d78f43cdaec01d99ea97260de8b6f4487;7;1632346029729;;0;0;0;TJPE;G1;;2021/TJPE/09/G1/TJPE17451202109221632346029717;False;2021-09-22 18:27:09.729;Erro no arquivo
36;650376325;TJPE23636202109221632346027745;711d7bdd58ff4e183d2c1c41c4fe65bec57d1a59e0b59aadb499fe7212143531;7;1632346027769;;0;0;0;TJPE;G1;;2021/TJPE/09/G1/TJPE23636202109221632346027745;False;2021-09-22 18:27:07.769;Erro no arquivo
37;650376311;TJPE59744202109221632346024913;c2396bc55cac7373a3ff14a7dd789b3b3e3f2592565e8154d5a28f2f554a6b0c;7;1632346024930;;0;0;0;TJPE;G1;;2021/TJPE/09/G1/TJPE59744202109221632346024913;False;2021-09-22 18:27:04.930;Erro no arquivo
38;650376296;TJPE64407202109221632346022800;eb936d544c42cdf1631b716a9204042cb598b0813935f0dbc6b515b29238aa9e;7;1632346022817;;0;0;0;TJPE;G1;;2021/TJPE/09/G1/TJPE64407202109221632346022800;False;2021-09-22 18:27:02.817;Erro no arquivo
39;650376285;TJPE23570202109221632346021087;9223b93e9633857aab9dc42d0148f85e503008615a7024f3f5430fe9aa515bfa;7;1632346021097;;0;0;0;TJPE;G1;;2021/TJPE/09/G1/TJPE23570202109221632346021087;False;2021-09-22 18:27:01.097;Erro no arquivo
0;650376274;TJPE41532202109221632346018978;f9a397e8e85d0759b6e499d839baccd4a4b68a1b033f117ba31b0d1dc9d40d08;7;1632346018987;;0;0;0;TJPE;G1;;2021/TJPE/09/G1/TJPE41532202109221632346018978;False;2021-09-22 18:26:58.987;Erro no arquivo
1;650376257;TJPE44352202109221632346016718;58d809c3348a5c4177c26ea9f3e1ddd69bd28f7e261a32e56c835b67440b2c34;7;1632346016725;;0;0;0;TJPE;G1;;2021/TJPE/09/G1/TJPE44352202109221632346016718;False;2021-09-22 18:26:56.725;Erro no arquivo
2;650376248;TJPE76605202109221632346015128;4b411c1ec0fa3c562a0f7c90e94f631b494799e44d77b8d59429a0e70617de30;7;1632346015137;;0;0;0;TJPE;G1;;2021/TJPE/09/G1/TJPE76605202109221632346015128;False;2021-09-22 18:26:55.137;Erro no arquivo
3;650376235;TJPE48370202109221632346012762;9c479e0ee50f752f4754fbd65603db40bd6cfb10f0826d70fffec3bc3ba9f6da;7;1632346012771;;0;0;0;TJPE;G1;;2021/TJPE/09/G1/TJPE48370202109221632346012762;False;2021-09-22 18:26:52.771;Erro no arquivo
4;650376212;TJPE62266202109221632346009127;f9716e1eac488c1d7a7498148126459cedf827e6b00872af3531222dadab43b3;7;1632346009140;;0;0;0;TJPE;G1;;2021/TJPE/09/G1/TJPE62266202109221632346009127;False;2021-09-22 18:26:49.140;Erro no arquivo
5;650376198;TJPE99604202109221632346005533;21d95a25e6391bdade44a071ac96706aca6db0d14a26a4cf6afd84f41b7a3918;7;1632346005555;;0;0;0;TJPE;G1;;2021/TJPE/09/G1/TJPE99604202109221632346005533;False;2021-09-22 18:26:45.555;Erro no arquivo
6;650376095;TJPE11302202109221632346003558;ae79e8efbd562813e4a86aad77c78dca5a6a5bd6a3d7e34cdd4b1ae97e27f6f4;7;1632346003577;;0;0;0;TJPE;G1;;2021/TJPE/09/G1/TJPE11302202109221632346003558;False;2021-09-22 18:26:43.577;Erro no arquivo
7;650375942;TJPE51689202109221632346001794;b9b0d50f1c8ed022d8e8334cdb9750e622ac3ccaac11b870808e7fcc13c01b5e;7;1632346001803;;0;0;0;TJPE;G1;;2021/TJPE/09/G1/TJPE51689202109221632346001794;False;2021-09-22 18:26:41.803;Erro no arquivo
8;650375760;TJPE14818202109221632345999839;ef113ceb68452b5132c9630ffb338655b6ef053d84b84c6898fe501701b8f480;7;1632345999849;;0;0;0;TJPE;G1;;2021/TJPE/09/G1/TJPE14818202109221632345999839;False;2021-09-22 18:26:39.849;Erro no arquivo
9;650375541;TJPE51179202109221632345996991;3c06c357bab7b84cc4d4f765e854e89f27c23c49255685a9a0dd143ff72f3383;7;1632345997001;;0;0;0;TJPE;G1;;2021/TJPE/09/G1/TJPE51179202109221632345996991;False;2021-09-22 18:26:37.001;Erro no arquivo
10;650375324;TJPE26157202109221632345994825;a001c3bd0646dc322739063ef336ae242604a7f6406d080248ae4e54447108ab;7;1632345994835;;0;0;0;TJPE;G1;;2021/TJPE/09/G1/TJPE26157202109221632345994825;False;2021-09-22 18:26:34.835;Erro no arquivo
11;650375115;TJPE80319202109221632345991879;761fb43bc936fd01769105bbfa10b186450c920cc1e4e98e950bf0f4b069b543;7;1632345991892;;0;0;0;TJPE;G1;;2021/TJPE/09/G1/TJPE80319202109221632345991879;False;2021-09-22 18:26:31.892;Erro no arquivo
12;650374898;TJPE50814202109221632345990082;976c19c28e50ed9d9d26b4237de425f3fafa2a29324373ac28e7fc01d1bd53cc;7;1632345990088;;0;0;0;TJPE;G1;;2021/TJPE/09/G1/TJPE50814202109221632345990082;False;2021-09-22 18:26:30.088;Erro no arquivo
13;650374762;TJPE61139202109221632345988693;3d07870e3cb4775c58726adb612a6769f0bef5bb59bcead7b259ec36a17e203c;3;1632345988704;;100;100;0;TJPE;G1;1226453.0;2021/TJPE/09/G1/TJPE61139202109221632345988693;False;2021-09-22 18:26:28.704;Processado com sucesso
14;650374549;TJPE47824202109221632345986471;080b3410ae2831d9b3da08f40deee66f3e4a723c7c1e0b5faaf267a65f0447d6;7;1632345986495;;0;0;0;TJPE;G1;;2021/TJPE/09/G1/TJPE47824202109221632345986471;False;2021-09-22 18:26:26.495;Erro no arquivo
15;650374337;TJPE15263202109221632345984251;0879a1577bf30f2eba9f2b7e8d930b4231c87ed8fad6b09047c318e1729292d3;7;1632345984259;;0;0;0;TJPE;G1;;2021/TJPE/09/G1/TJPE15263202109221632345984251;False;2021-09-22 18:26:24.259;Erro no arquivo
16;650373839;TJPE81359202109221632345978396;899c3d6ea9173d7bf5307a58e71da0c034672af9a5e7ee91db16fa99784d00d2;7;1632345978402;;0;0;0;TJPE;G1;;2021/TJPE/09/G1/TJPE81359202109221632345978396;False;2021-09-22 18:26:18.402;Erro no arquivo
17;650373527;TJPE43169202109221632345975498;cd390259567d60fff7378ce27b82039de03a70bab6cafab2eea83f1b4f668b6c;7;1632345975504;;0;0;0;TJPE;G1;;2021/TJPE/09/G1/TJPE43169202109221632345975498;False;2021-09-22 18:26:15.504;Erro no arquivo
18;650373261;TJPE82426202109221632345972673;ff6f09ef28cb214ba5fd3a6649505ab403c8096eae7739542ca2fce3a8f81cce;7;1632345972683;;0;0;0;TJPE;G1;;2021/TJPE/09/G1/TJPE82426202109221632345972673;False;2021-09-22 18:26:12.683;Erro no arquivo
19;650372980;TJPE14021202109221632345969682;de8c6e0dbcf061f5cde9e0f0f0cda91ae5c0ef42ae6bac61aa02fa6d48c35eb5;7;1632345969690;;0;0;0;TJPE;G1;;2021/TJPE/09/G1/TJPE14021202109221632345969682;False;2021-09-22 18:26:09.690;Erro no arquivo
20;650372549;TJPE98862202109221632345964837;81d7c8d7cbf09c81bd85849632db5be4daab105638bcfc08ce88264a69f98d07;7;1632345964845;;0;0;0;TJPE;G1;;2021/TJPE/09/G1/TJPE98862202109221632345964837;False;2021-09-22 18:26:04.845;Erro no arquivo
21;650372369;TJPE45211202109221632345962378;f3aded1639666e9e3065d8902309d02f93c50e45544ca7a855cdaca9a7368aaf;7;1632345962385;;0;0;0;TJPE;G1;;2021/TJPE/09/G1/TJPE45211202109221632345962378;False;2021-09-22 18:26:02.385;Erro no arquivo
22;650372158;TJPE90882202109221632345960799;130353a6312762f47207bd62fe30ea37994d2968908e48fdbff56f6ea06c39b7;7;1632345960808;;0;0;0;TJPE;G1;;2021/TJPE/09/G1/TJPE90882202109221632345960799;False;2021-09-22 18:26:00.808;Erro no arquivo
23;650371952;TJPE31632202109221632345958632;d21546a1dab8ca6e9d61665e6f7b32ae1cec19ca733684352110d14e69697201;7;1632345958638;;0;0;0;TJPE;G1;;2021/TJPE/09/G1/TJPE31632202109221632345958632;False;2021-09-22 18:25:58.638;Erro no arquivo
24;650371758;TJPE65212202109221632345956109;575ddb1546fb165c69dc2a72a97aeb580206b9cffa1b56e5375ced126f768cad;7;1632345956117;;0;0;0;TJPE;G1;;2021/TJPE/09/G1/TJPE65212202109221632345956109;False;2021-09-22 18:25:56.117;Erro no arquivo
25;650371558;TJPE50956202109221632345953945;0bc5258c940dc441686998d22e34efe141ce892bcbbcdc53a25a37fb8950d3c1;7;1632345953958;;0;0;0;TJPE;G1;;2021/TJPE/09/G1/TJPE50956202109221632345953945;False;2021-09-22 18:25:53.958;Erro no arquivo
26;650371345;TJPE81434202109221632345951674;a9d4ec5bfa3aeccd75b0d79bac96c6f2e478ef3f82a2fc258d86bc82e4ed90e0;3;1632345951683;;99;99;0;TJPE;G1;1082918.0;2021/TJPE/09/G1/TJPE81434202109221632345951674;False;2021-09-22 18:25:51.683;Processado com sucesso
27;650371130;TJPE88943202109221632345948966;06aa56ab700c1cee7875f1ab784d28cc68a65ac33f5bdbd961c1af86410ec1f0;7;1632345948976;;0;0;0;TJPE;G1;;2021/TJPE/09/G1/TJPE88943202109221632345948966;False;2021-09-22 18:25:48.976;Erro no arquivo
28;650370872;TJPE66029202109221632345946513;d3268a2faf7297a0ce8c9c1f75e0597ed19d84747b99cfed8a1ea623948c66e4;7;1632345946652;;0;0;0;TJPE;G1;;2021/TJPE/09/G1/TJPE66029202109221632345946513;False;2021-09-22 18:25:46.652;Erro no arquivo
29;650370676;TJPE73879202109221632345943751;0a0213defcf5d204a9ceddf68cd6dbc8ca1e7b5e04e28119c453c4ecd8b7fc63;7;1632345943762;;0;0;0;TJPE;G1;;2021/TJPE/09/G1/TJPE73879202109221632345943751;False;2021-09-22 18:25:43.762;Erro no arquivo
30;650370427;TJPE20749202109221632345941407;1928e6da8437e3793d649e5c4140e28f498f02d49bb02201f7e98745b9557ca3;7;1632345941414;;0;0;0;TJPE;G1;;2021/TJPE/09/G1/TJPE20749202109221632345941407;False;2021-09-22 18:25:41.414;Erro no arquivo
31;650370228;TJPE70588202109221632345939550;9ec8fdd9246d8fb083cf99c8dc36035ec158c364c9c0983bf0cd112b1ea07cb8;7;1632345939559;;0;0;0;TJPE;G1;;2021/TJPE/09/G1/TJPE70588202109221632345939550;False;2021-09-22 18:25:39.559;Erro no arquivo
32;650370044;TJPE79692202109221632345937695;4d4b7daa371a3b7fa050f952794e570d15a6af19b482424e68ff269c543eddab;7;1632345937707;;0;0;0;TJPE;G1;;2021/TJPE/09/G1/TJPE79692202109221632345937695;False;2021-09-22 18:25:37.707;Erro no arquivo
33;650369851;TJPE77660202109221632345935695;3abfe8cf70c065ed3a7957d0f370b03bddc9f50aa4c6ba126bdd4953df461e89;3;1632345935708;;100;100;0;TJPE;G1;1740519.0;2021/TJPE/09/G1/TJPE77660202109221632345935695;False;2021-09-22 18:25:35.708;Processado com sucesso
34;650366975;TJPE23995202109221632345902735;7b9dc8b848b285ee570d3dcf2d3e262873f4aa17e5f1d3cd76bafd84ec51297c;7;1632345902748;;0;0;0;TJPE;G1;;2021/TJPE/09/G1/TJPE23995202109221632345902735;False;2021-09-22 18:25:02.748;Erro no arquivo
35;650366782;TJPE54138202109221632345900827;3e27254741610c75f0a23b7cd0d9706696492efa62d21b087cc20fbb35caac42;7;1632345900836;;0;0;0;TJPE;G1;;2021/TJPE/09/G1/TJPE54138202109221632345900827;False;2021-09-22 18:25:00.836;Erro no arquivo
36;650366606;TJPE79550202109221632345898767;0402cf356544cf8bedea79fe8cf70c0f70495aaa224bd2a79e2420253de65057;7;1632345898779;;0;0;0;TJPE;G1;;2021/TJPE/09/G1/TJPE79550202109221632345898767;False;2021-09-22 18:24:58.779;Erro no arquivo
37;650366216;TJPE87608202109221632345894045;7d14151781fa8e10bca76301f6554a566a3a825ce6b6dc1d9bc89b6209f100e1;7;1632345894054;;0;0;0;TJPE;G1;;2021/TJPE/09/G1/TJPE87608202109221632345894045;False;2021-09-22 18:24:54.054;Erro no arquivo
38;650365823;TJPE25114202109221632345889914;089d9cf9ef3c47e62377495887b684f7e46021d2510e029576c4dffd16f2105c;7;1632345889922;;0;0;0;TJPE;G1;;2021/TJPE/09/G1/TJPE25114202109221632345889914;False;2021-09-22 18:24:49.922;Erro no arquivo
39;650365460;TJPE64857202109221632345885264;dbbb32777b5bb8a8b3755afbbcad4cf0a1e8f0e67ffeaa89939df6e917056195;7;1632345885282;;0;0;0;TJPE;G1;;2021/TJPE/09/G1/TJPE64857202109221632345885264;False;2021-09-22 18:24:45.282;Erro no arquivo
0;650365080;TJPE39484202109221632345881733;b021dc560d7887164570eedb5dd826d4193045a1e3dbfdf96d02ae380d4c510c;7;1632345881744;;0;0;0;TJPE;G1;;2021/TJPE/09/G1/TJPE39484202109221632345881733;False;2021-09-22 18:24:41.744;Erro no arquivo
1;650364508;TJPE94016202109221632345874466;7033de7101e52b26d7f2bb9c87244d18fc47bdc661f328378f2a6215b81fce47;7;1632345874475;;0;0;0;TJPE;G1;;2021/TJPE/09/G1/TJPE94016202109221632345874466;False;2021-09-22 18:24:34.475;Erro no arquivo
2;650364259;TJPE46137202109221632345870734;0706fd91ab9da8b5949e980a953baa77e0092c2c1c694a8893c1f76041338759;3;1632345870749;;100;100;0;TJPE;JE;1255332.0;2021/TJPE/09/JE/TJPE46137202109221632345870734;False;2021-09-22 18:24:30.749;Processado com sucesso
3;650363839;TJPE62523202109221632345866023;c263cf430912d15d09be7e17dbe814a9f6c5081062913be9700c23c5ae178d48;3;1632345866031;;100;100;0;TJPE;JE;1154320.0;2021/TJPE/09/JE/TJPE62523202109221632345866023;False;2021-09-22 18:24:26.031;Processado com sucesso
4;650363053;TJPE51016202109221632345856949;c5b7cf57d09e5ad33159cad8c6ea452f068291a7fa5d588a6a591dda3ec2d59f;7;1632345856957;;0;0;0;TJPE;G1;;2021/TJPE/09/G1/TJPE51016202109221632345856949;False;2021-09-22 18:24:16.957;Erro no arquivo
5;650362386;TJPE15364202109221632345849724;2f6af779de43e5555e64d350af8149be3c88ab9287a4aa8365535901ad19eee2;7;1632345849732;;0;0;0;TJPE;G1;;2021/TJPE/09/G1/TJPE15364202109221632345849724;False;2021-09-22 18:24:09.732;Erro no arquivo
6;650362090;TJPE60335202109221632345845686;4cce75476ecda265dab57c996de90445a9d09fa55050bebb4e296c729131e3d2;7;1632345845695;;0;0;0;TJPE;G1;;2021/TJPE/09/G1/TJPE60335202109221632345845686;False;2021-09-22 18:24:05.695;Erro no arquivo
7;650361374;TJPE95059202109221632345837450;d4eb94ee98229c4f7b5581c6d10257289d620247997e9954198003178d48d4ef;7;1632345837459;;0;0;0;TJPE;G1;;2021/TJPE/09/G1/TJPE95059202109221632345837450;False;2021-09-22 18:23:57.459;Erro no arquivo
8;650361052;TJPE49493202109221632345833243;55e4163ae175425a86acfe122f486f2a73cd116c176fec649f003f5b29f7a5ea;7;1632345833257;;0;0;0;TJPE;G1;;2021/TJPE/09/G1/TJPE49493202109221632345833243;False;2021-09-22 18:23:53.257;Erro no arquivo
9;650360620;TJPE96060202109221632345829172;eb5a254c5609778338fa8732925bb472dd528fe2e34dca3c395fbcda573b3605;7;1632345829180;;0;0;0;TJPE;G1;;2021/TJPE/09/G1/TJPE96060202109221632345829172;False;2021-09-22 18:23:49.180;Erro no arquivo
10;650360484;TJPE35319202109221632345827708;2db7d5c4b1d0338b5c317ba05a505f6388ce7d5bf71d7b61ffc5968d270e55b6;7;1632345827720;;0;0;0;TJPE;G1;;2021/TJPE/09/G1/TJPE35319202109221632345827708;False;2021-09-22 18:23:47.720;Erro no arquivo
11;650360298;TJPE18086202109221632345825143;1110355201eeacb9f79352d76295a794de2ba93be226b6907edefbb3b53967c3;7;1632345825151;;0;0;0;TJPE;G1;;2021/TJPE/09/G1/TJPE18086202109221632345825143;False;2021-09-22 18:23:45.151;Erro no arquivo
12;650360128;TJPE28420202109221632345823069;c107aaed70d80adffa7cd05279f13ddc2b6e308df906600f2b7ba27e5fcfbb4b;7;1632345823090;;0;0;0;TJPE;G1;;2021/TJPE/09/G1/TJPE28420202109221632345823069;False;2021-09-22 18:23:43.090;Erro no arquivo
13;650359937;TJPE37204202109221632345821240;03361fce365ff327ba2a23856298adaedec244a0681235e580af2f278cea2139;7;1632345821249;;0;0;0;TJPE;G1;;2021/TJPE/09/G1/TJPE37204202109221632345821240;False;2021-09-22 18:23:41.249;Erro no arquivo
14;650359763;TJPE11178202109221632345819367;f6dbcad6b12178ee9698a6e5cea952b543927899cf22737ef077e9ec0a58c4e2;7;1632345819375;;0;0;0;TJPE;JE;;2021/TJPE/09/JE/TJPE11178202109221632345819367;False;2021-09-22 18:23:39.375;Erro no arquivo
15;650359465;TJPE96140202109221632345815352;63b8b9f6df44fbb52daaea5b6fbfd1e61cb2c449330d9100e11189e8fd3d6b6c;3;1632345815371;;100;100;0;TJPE;JE;972918.0;2021/TJPE/09/JE/TJPE96140202109221632345815352;False;2021-09-22 18:23:35.371;Processado com sucesso
16;650359335;TJPE87882202109221632345813494;0149c251c709f5951d72a3c2802a5a3fae6f3db05b7c0965e765c8b8550bb81c;7;1632345813502;;0;0;0;TJPE;G1;;2021/TJPE/09/G1/TJPE87882202109221632345813494;False;2021-09-22 18:23:33.502;Erro no arquivo
17;650359204;TJPE96173202109221632345811317;9d0700cb011afc89da2bb0dc091234895f6d0a5bcbd925aab07854b6fff0370c;7;1632345811331;;0;0;0;TJPE;G1;;2021/TJPE/09/G1/TJPE96173202109221632345811317;False;2021-09-22 18:23:31.331;Erro no arquivo
18;650359071;TJPE33990202109221632345809031;bfcc3588410eea52a34ebb2db3efc9d29ba4332d99b943368473016f17066497;7;1632345809045;;0;0;0;TJPE;G1;;2021/TJPE/09/G1/TJPE33990202109221632345809031;False;2021-09-22 18:23:29.045;Erro no arquivo
19;650358973;TJPE11639202109221632345807338;1eabe21029597dfeee9e49caa26ed379c700291a31869ca0af09a9b801800740;7;1632345807346;;0;0;0;TJPE;G1;;2021/TJPE/09/G1/TJPE11639202109221632345807338;False;2021-09-22 18:23:27.346;Erro no arquivo
20;650358831;TJPE95098202109221632345805516;093fb090282f71e93bb029701411423574998500bc19f15e43db40e1baaf0e71;7;1632345805536;;0;0;0;TJPE;G1;;2021/TJPE/09/G1/TJPE95098202109221632345805516;False;2021-09-22 18:23:25.536;Erro no arquivo
21;650358625;TJPE78720202109221632345802758;5aab4b4cb0f168d95c444636d72fcd855032492976770703278d8c4d89fef539;7;1632345802767;;0;0;0;TJPE;G1;;2021/TJPE/09/G1/TJPE78720202109221632345802758;False;2021-09-22 18:23:22.767;Erro no arquivo
22;650358489;TJPE10951202109221632345800729;3aced6bc458d95e7a6f2b97328319688c8c8c712e5b85ced1974880453fb9357;7;1632345800741;;0;0;0;TJPE;G1;;2021/TJPE/09/G1/TJPE10951202109221632345800729;False;2021-09-22 18:23:20.741;Erro no arquivo
23;650358350;TJPE15709202109221632345798561;09757cfcb15b8de548e49ab5ec4a5c027f6fc764f09d8177ce9bbd005b2e814c;7;1632345798575;;0;0;0;TJPE;G1;;2021/TJPE/09/G1/TJPE15709202109221632345798561;False;2021-09-22 18:23:18.575;Erro no arquivo
24;650357981;TJPE47371202109221632345792862;76c3c8a675c785d2ba381877973917dda49ffe32484444a12487e62872582c56;7;1632345792872;;0;0;0;TJPE;G1;;2021/TJPE/09/G1/TJPE47371202109221632345792862;False;2021-09-22 18:23:12.872;Erro no arquivo
25;650357649;TJPE98773202109221632345787569;51c4ff008960531c7ce6c3b002da5506acf847356946d747e0087c26152e4cfc;7;1632345787582;;0;0;0;TJPE;G1;;2021/TJPE/09/G1/TJPE98773202109221632345787569;False;2021-09-22 18:23:07.582;Erro no arquivo
26;650357083;TJPE47008202109221632345779752;ad2a75d44e386cede17dbde8cde36672c7ee2e64d5bce59336871f50fad4923a;7;1632345779760;;0;0;0;TJPE;G1;;2021/TJPE/09/G1/TJPE47008202109221632345779752;False;2021-09-22 18:22:59.760;Erro no arquivo
27;650356695;TJPE69932202109221632345773607;9755d156f366d574f6491e88cf3a8def44ef80e63b94db071a381f627070acb6;3;1632345773631;;100;100;0;TJPE;JE;1276921.0;2021/TJPE/09/JE/TJPE69932202109221632345773607;False;2021-09-22 18:22:53.631;Processado com sucesso
28;650356443;TJPE39650202109221632345770452;a937806e431bea51d176fda438b5c8a7aae342770515cd6063dde6dced3cd7f5;7;1632345770458;;0;0;0;TJPE;G1;;2021/TJPE/09/G1/TJPE39650202109221632345770452;False;2021-09-22 18:22:50.458;Erro no arquivo
29;650354987;TJPE88531202109221632345749103;d27f16c6ba078b4984fdf751455b17c792bf750a5040917aaf036b9c4ad6765d;7;1632345749116;;0;0;0;TJPE;G1;;2021/TJPE/09/G1/TJPE88531202109221632345749103;False;2021-09-22 18:22:29.116;Erro no arquivo
30;650354839;TJPE93501202109221632345747070;8ce48d408e3861744d5e9855c62e4c75fabe76998870454375bad82507b413ab;7;1632345747076;;0;0;0;TJPE;G1;;2021/TJPE/09/G1/TJPE93501202109221632345747070;False;2021-09-22 18:22:27.076;Erro no arquivo
31;650354720;TJPE16994202109221632345745586;60039bc93b666a4b3f9ce6646b1b351d38937a23d7ee8521d1a4471424ae88b9;7;1632345745592;;0;0;0;TJPE;G1;;2021/TJPE/09/G1/TJPE16994202109221632345745586;False;2021-09-22 18:22:25.592;Erro no arquivo
32;650354674;TJPE43998202109221632345743632;43e3ddd5c5d915439afd909cf7693e0548e523f19a3eb73eec443c665da29942;7;1632345743640;;0;0;0;TJPE;G1;;2021/TJPE/09/G1/TJPE43998202109221632345743632;False;2021-09-22 18:22:23.640;Erro no arquivo
33;650354508;TJPE42495202109221632345741521;537cd8f71bb4e633c72ab8820e760fe23709f980e0986537d7422b92d9b2b487;7;1632345741528;;0;0;0;TJPE;G1;;2021/TJPE/09/G1/TJPE42495202109221632345741521;False;2021-09-22 18:22:21.528;Erro no arquivo
34;650354372;TJPE75479202109221632345739829;57eb4adada77ffe09b85961a32730801d33a61b8bc2e3487abc6fb5ab460b653;7;1632345739835;;0;0;0;TJPE;G1;;2021/TJPE/09/G1/TJPE75479202109221632345739829;False;2021-09-22 18:22:19.835;Erro no arquivo
35;650354272;TJPE84389202109221632345737992;e46f8cdf8ef9f233bad2ab95cfed3ced7dd1a2d3aa011a91af0a07fa61c79a5d;7;1632345738002;;0;0;0;TJPE;G1;;2021/TJPE/09/G1/TJPE84389202109221632345737992;False;2021-09-22 18:22:18.002;Erro no arquivo
36;650354108;TJPE14153202109221632345735933;91383cc18dab9c3c8d4e7d8731034f0a2dc2e14bc1cc29fcf5b662cf0a41421b;7;1632345735946;;0;0;0;TJPE;G1;;2021/TJPE/09/G1/TJPE14153202109221632345735933;False;2021-09-22 18:22:15.946;Erro no arquivo
37;650353920;TJPE86372202109221632345732871;e130a0d4e9fa39b431d8064bb15e877ae30315c145f7dd2d5e8839abbeaf62ca;7;1632345732899;;0;0;0;TJPE;G1;;2021/TJPE/09/G1/TJPE86372202109221632345732871;False;2021-09-22 18:22:12.899;Erro no arquivo
38;650353594;TJPE70605202109221632345728312;a59be34caa66dce366e34cc7e214f51cfe4fec6ddfb9de75e60429c60213d110;7;1632345728317;;0;0;0;TJPE;G1;;2021/TJPE/09/G1/TJPE70605202109221632345728312;False;2021-09-22 18:22:08.317;Erro no arquivo
39;650353289;TJPE26976202109221632345722586;c7671de8fc8041fdcddc03cba07d64ab9807678f030f1e0a99ccb09da8bf4e44;7;1632345722595;;0;0;0;TJPE;G1;;2021/TJPE/09/G1/TJPE26976202109221632345722586;False;2021-09-22 18:22:02.595;Erro no arquivo
0;650353111;TJPE17787202109221632345720529;6b473fbb9ff56947448789f6eaac188bc3eaa0f9edfd0c283a4b7cb244dc0050;7;1632345720542;;0;0;0;TJPE;G1;;2021/TJPE/09/G1/TJPE17787202109221632345720529;False;2021-09-22 18:22:00.542;Erro no arquivo
1;650352920;TJPE75354202109221632345717963;10aaa72385171f2bbedffe21571aacc9a9aed04f523da98337693b154be5ecfb;7;1632345717974;;0;0;0;TJPE;G1;;2021/TJPE/09/G1/TJPE75354202109221632345717963;False;2021-09-22 18:21:57.974;Erro no arquivo
2;650352750;TJPE54051202109221632345715863;6fde2bc5306d776a4cd11fb37f6576dcf28bd136054bf326d12cabf6a59883b7;7;1632345715871;;0;0;0;TJPE;G1;;2021/TJPE/09/G1/TJPE54051202109221632345715863;False;2021-09-22 18:21:55.871;Erro no arquivo
3;650352615;TJPE15072202109221632345713492;e589b346de93282d79db1fb0797209a62021d6f1158f189bc49684573dab59c2;7;1632345713511;;0;0;0;TJPE;G1;;2021/TJPE/09/G1/TJPE15072202109221632345713492;False;2021-09-22 18:21:53.511;Erro no arquivo
4;650352476;TJPE38013202109221632345711765;c5b468be27730bbb9730eb862a5176bc1fd9f4ce869858045a399f661743ed95;3;1632345711775;;98;98;0;TJPE;G1;1195647.0;2021/TJPE/09/G1/TJPE38013202109221632345711765;False;2021-09-22 18:21:51.775;Processado com sucesso
5;650352407;TJPE19410202109221632345709816;a73693670b1541d13f1a5fb069bcdb0812e76dd1810133570909b37eb2fbe12f;7;1632345709826;;0;0;0;TJPE;G1;;2021/TJPE/09/G1/TJPE19410202109221632345709816;False;2021-09-22 18:21:49.826;Erro no arquivo
6;650352220;TJPE31046202109221632345706898;7204837843e2ecad192d1365ba0a94910a4dfbae5a2fac790f544298680394d4;7;1632345706909;;0;0;0;TJPE;G1;;2021/TJPE/09/G1/TJPE31046202109221632345706898;False;2021-09-22 18:21:46.909;Erro no arquivo
7;650352017;TJPE76371202109221632345703772;1a67a487e37df2d165ede026487c9a1bd54a2469678c4da94d07bcd06f7dc528;7;1632345703780;;0;0;0;TJPE;G1;;2021/TJPE/09/G1/TJPE76371202109221632345703772;False;2021-09-22 18:21:43.780;Erro no arquivo
8;650351871;TJPE74963202109221632345701917;c4c1f57f1ad6a8ab1496e1dab08fc572657dedb25b1cc18dfe45ef0f63019220;7;1632345701927;;0;0;0;TJPE;G1;;2021/TJPE/09/G1/TJPE74963202109221632345701917;False;2021-09-22 18:21:41.927;Erro no arquivo
9;650351685;TJPE30267202109221632345699064;b36c8ced4ece06c4c4cd04cd5797995f7c1f45505ab0973fbd0cc922886c2521;7;1632345699071;;0;0;0;TJPE;G1;;2021/TJPE/09/G1/TJPE30267202109221632345699064;False;2021-09-22 18:21:39.071;Erro no arquivo
10;650351498;TJPE64985202109221632345696507;10f18d8e86983cf2547e9cc010a70b95031357303ffd267ea8ce43b4090b1d2a;3;1632345696516;;100;100;0;TJPE;JE;1140109.0;2021/TJPE/09/JE/TJPE64985202109221632345696507;False;2021-09-22 18:21:36.516;Processado com sucesso
11;650351350;TJPE34493202109221632345693971;959d6807418b77a94db226ba3131a907090a2ab0655f16b8762e619a6d679a1a;7;1632345693982;;0;0;0;TJPE;G1;;2021/TJPE/09/G1/TJPE34493202109221632345693971;False;2021-09-22 18:21:33.982;Erro no arquivo
12;650351252;TJPE24391202109221632345692208;7615833f4ab3169b805edaca62ea2216090a676cd1d1df4780ed61f4b1e06050;7;1632345692231;;0;0;0;TJPE;G1;;2021/TJPE/09/G1/TJPE24391202109221632345692208;False;2021-09-22 18:21:32.231;Erro no arquivo
13;650351036;TJPE52949202109221632345689379;6aef09da1b54c4ac90a71d7b2473048624ae75fc014a275cf5c5da9d4cabf708;7;1632345689385;;0;0;0;TJPE;G1;;2021/TJPE/09/G1/TJPE52949202109221632345689379;False;2021-09-22 18:21:29.385;Erro no arquivo
14;650350918;TJPE37210202109221632345687330;9ee99fa9f39692b48843ce5babda609f724570f8242bce0aa0af9153dbc2b82f;3;1632345687342;;100;100;0;TJPE;JE;1208326.0;2021/TJPE/09/JE/TJPE37210202109221632345687330;False;2021-09-22 18:21:27.342;Processado com sucesso
15;650350733;TJPE93575202109221632345685401;8fcec4e42e6ff4b4149386617f9dbef74124fb7023a601de2e27dc260c0f218a;7;1632345685407;;0;0;0;TJPE;G1;;2021/TJPE/09/G1/TJPE93575202109221632345685401;False;2021-09-22 18:21:25.407;Erro no arquivo
16;650350624;TJPE19688202109221632345683701;f94f08524a89713f94df56efd70a1402b806165739e550c1abc1d17dae74981a;7;1632345683715;;0;0;0;TJPE;G1;;2021/TJPE/09/G1/TJPE19688202109221632345683701;False;2021-09-22 18:21:23.715;Erro no arquivo
17;650350438;TJPE47748202109221632345680898;4da3cba70f6223a9750691364907fde4d01e9fb549aa5f40e149d9d2c7d682f9;7;1632345680906;;0;0;0;TJPE;G1;;2021/TJPE/09/G1/TJPE47748202109221632345680898;False;2021-09-22 18:21:20.906;Erro no arquivo
18;650350321;TJPE52829202109221632345679136;6cff06a676f86a833ae74a505a58653d2c832e9845405a129daadc9e7dd46749;3;1632345679150;;97;97;0;TJPE;G1;721377.0;2021/TJPE/09/G1/TJPE52829202109221632345679136;False;2021-09-22 18:21:19.150;Processado com sucesso
19;650350218;TJPE46541202109221632345677410;d927888180519cc2e26b9dc7921cb1cb864c946f4a25c0bc965a3df52ce1580f;7;1632345677416;;0;0;0;TJPE;G1;;2021/TJPE/09/G1/TJPE46541202109221632345677410;False;2021-09-22 18:21:17.416;Erro no arquivo
20;650350115;TJPE36809202109221632345675965;7ce8768300370218730f1d3a9669f6fb2568bd98a37e195f80034bd0af48f782;7;1632345675974;;0;0;0;TJPE;G1;;2021/TJPE/09/G1/TJPE36809202109221632345675965;False;2021-09-22 18:21:15.974;Erro no arquivo
21;650349973;TJPE20497202109221632345673503;bcb6d97be13878bcec0d6c3b7e20b017c4d69cc302c9f0d6361bd177de776ffc;7;1632345673514;;0;0;0;TJPE;G1;;2021/TJPE/09/G1/TJPE20497202109221632345673503;False;2021-09-22 18:21:13.514;Erro no arquivo
22;650349789;TJPE95998202109221632345671341;39baa9283bccf7c8ef5cc8608f256f18441f2545f551ef69a195ee809084185c;7;1632345671348;;0;0;0;TJPE;G1;;2021/TJPE/09/G1/TJPE95998202109221632345671341;False;2021-09-22 18:21:11.348;Erro no arquivo
23;650349662;TJPE87304202109221632345668676;2ad51644b9f368e5cdc6af0d3b8de607b73c52cc4163f3fe15d35c1bb57dd293;7;1632345668687;;0;0;0;TJPE;G1;;2021/TJPE/09/G1/TJPE87304202109221632345668676;False;2021-09-22 18:21:08.687;Erro no arquivo
24;650349452;TJPE54738202109221632345666462;a7ea151fbf67043dcc6a6cc403010721d927008f41ca784ba76f643fc7beaa01;7;1632345666468;;0;0;0;TJPE;G1;;2021/TJPE/09/G1/TJPE54738202109221632345666462;False;2021-09-22 18:21:06.468;Erro no arquivo
25;650349309;TJPE69098202109221632345664543;b2f3b176f766b3c4e99c50330026847886cbf16d696d49e6005f3e9c45b29032;7;1632345664554;;0;0;0;TJPE;G1;;2021/TJPE/09/G1/TJPE69098202109221632345664543;False;2021-09-22 18:21:04.554;Erro no arquivo
26;650349104;TJPE53441202109221632345661605;ba62a33886c76db3100f1c4268bb5df010b26cf61635dd79645e58276cf04cc1;7;1632345661614;;0;0;0;TJPE;G1;;2021/TJPE/09/G1/TJPE53441202109221632345661605;False;2021-09-22 18:21:01.614;Erro no arquivo
27;650348996;TJPE32179202109221632345659692;3a889271924cee2e6c3cfc1386559f6fc4c12438a7971ef76fa12679b5684293;7;1632345659702;;0;0;0;TJPE;G1;;2021/TJPE/09/G1/TJPE32179202109221632345659692;False;2021-09-22 18:20:59.702;Erro no arquivo
28;650348876;TJPE80762202109221632345657644;42b856e2ba791958e13e6a9f0f35964fd2b5e0d48db85829ff04fd8221016e4d;7;1632345657659;;0;0;0;TJPE;G1;;2021/TJPE/09/G1/TJPE80762202109221632345657644;False;2021-09-22 18:20:57.659;Erro no arquivo
29;650348665;TJPE59028202109221632345655155;36059f8346392f268dd34712077ee6493abe71d71904696fa57de07030f050c3;7;1632345655170;;0;0;0;TJPE;G1;;2021/TJPE/09/G1/TJPE59028202109221632345655155;False;2021-09-22 18:20:55.170;Erro no arquivo
30;650348457;TJPE19285202109221632345652084;0d5aebcad2142be68468d0f56deaeee62767f3b306d85f7f93ef5d49eafb2f06;7;1632345652098;;0;0;0;TJPE;G1;;2021/TJPE/09/G1/TJPE19285202109221632345652084;False;2021-09-22 18:20:52.098;Erro no arquivo
31;650348105;TJPE13207202109221632345647556;45f865aa3c87c5382bd40747ebfbcabd3c04413b1829148691c864ecac02ab70;7;1632345647568;;0;0;0;TJPE;G1;;2021/TJPE/09/G1/TJPE13207202109221632345647556;False;2021-09-22 18:20:47.568;Erro no arquivo
32;650347994;TJPE37630202109221632345645207;0f12c73b8f5637e737f9f68b7cabd2f3e0946caf2cea95ae6ad89f58cb2f9777;7;1632345645217;;0;0;0;TJPE;G1;;2021/TJPE/09/G1/TJPE37630202109221632345645207;False;2021-09-22 18:20:45.217;Erro no arquivo
33;650347824;TJPE51914202109221632345642771;beee9186bd8c75d56ced5c886c3504937cb09df279bd9511ef84fe2c0291d13c;7;1632345642778;;0;0;0;TJPE;G1;;2021/TJPE/09/G1/TJPE51914202109221632345642771;False;2021-09-22 18:20:42.778;Erro no arquivo
34;650347673;TJPE12754202109221632345640991;c16cdb2399c32cfbcf01c0a5a631592fd01617a526d09e3b7c213d6208ff1e08;7;1632345641001;;0;0;0;TJPE;G1;;2021/TJPE/09/G1/TJPE12754202109221632345640991;False;2021-09-22 18:20:41.001;Erro no arquivo
35;650347556;TJPE85934202109221632345638812;d7fae541a4df3ac93744c7d0e2eca8819c6a727ed26cbc88a71948e05bf07aa0;7;1632345638821;;0;0;0;TJPE;G1;;2021/TJPE/09/G1/TJPE85934202109221632345638812;False;2021-09-22 18:20:38.821;Erro no arquivo
36;650347393;TJPE13435202109221632345636476;058e1a5c3ef825fdf752279d7e83e9c73703f3173cbca70520435e9eb79c2cbf;7;1632345636503;;0;0;0;TJPE;G1;;2021/TJPE/09/G1/TJPE13435202109221632345636476;False;2021-09-22 18:20:36.503;Erro no arquivo
37;650347174;TJPE34718202109221632345633724;17f1489d6a0daa70a106097c20b921983c5618ff7bc8dfe699c82bef981d68b9;7;1632345633733;;0;0;0;TJPE;G1;;2021/TJPE/09/G1/TJPE34718202109221632345633724;False;2021-09-22 18:20:33.733;Erro no arquivo
38;650346988;TJPE84508202109221632345630653;9eb5a03fb6ae4c4bdde40343ac4aeef59d939ddaac7dbfc1d1cd8b9aa0db5e6c;7;1632345630663;;0;0;0;TJPE;G1;;2021/TJPE/09/G1/TJPE84508202109221632345630653;False;2021-09-22 18:20:30.663;Erro no arquivo
39;650346358;TJPE38150202109221632345621093;82cf8844d4171e792d478ec814d59956b00191cc953360516d91433200526a6d;7;1632345621102;;0;0;0;TJPE;G1;;2021/TJPE/09/G1/TJPE38150202109221632345621093;False;2021-09-22 18:20:21.102;Erro no arquivo
0;650346134;TJPE20745202109221632345617526;63e5607106773a6b55287d21d71e93a894ebcd9e8553e50030684fa7cd03a27a;7;1632345617535;;0;0;0;TJPE;G1;;2021/TJPE/09/G1/TJPE20745202109221632345617526;False;2021-09-22 18:20:17.535;Erro no arquivo
1;650345798;TJPE65336202109221632345612278;2f2ac3b3343ba0be2ab08cc5d5fe185c8497e30c495190fae8b013707803c93d;7;1632345612287;;0;0;0;TJPE;G1;;2021/TJPE/09/G1/TJPE65336202109221632345612278;False;2021-09-22 18:20:12.287;Erro no arquivo
2;650345250;TJPE69205202109221632345607201;b8b9fc2be52f025dff4e02f6e1e862f84be39968662309a2b710696a15d027c8;7;1632345607211;;0;0;0;TJPE;G1;;2021/TJPE/09/G1/TJPE69205202109221632345607201;False;2021-09-22 18:20:07.211;Erro no arquivo
3;650344615;TJPE14162202109221632345602130;ce25086cc300377fdf69f744cd060dad9eb6a79ade32d76558c0db70d632cc93;7;1632345602137;;0;0;0;TJPE;G1;;2021/TJPE/09/G1/TJPE14162202109221632345602130;False;2021-09-22 18:20:02.137;Erro no arquivo
4;650344209;TJPE52359202109221632345597692;4b15a2d734fb50eab3a3f1f1be71c51167569de7f9aa2b31558c287297347718;3;1632345597700;;100;100;0;TJPE;JE;1054023.0;2021/TJPE/09/JE/TJPE52359202109221632345597692;False;2021-09-22 18:19:57.700;Processado com sucesso
5;650343451;TJPE62254202109221632345592492;f21aaec4229ce611dacc6e9f2c75551a3abb79bca97c1ac80d03be68f103a3dd;7;1632345592566;;0;0;0;TJPE;G1;;2021/TJPE/09/G1/TJPE62254202109221632345592492;False;2021-09-22 18:19:52.566;Erro no arquivo
6;650342618;TJPE34927202109221632345585838;9476cdc0e35aa696e2e7a80bd816fa566efe4e0c6438a0e38cebf5dde42ae621;7;1632345585852;;0;0;0;TJPE;G1;;2021/TJPE/09/G1/TJPE34927202109221632345585838;False;2021-09-22 18:19:45.852;Erro no arquivo
7;650341614;TJPE50199202109221632345578219;c44435a26dc352175010fd515db501f50196e16288b47099e4bf06cda2017a4a;7;1632345578231;;0;0;0;TJPE;G1;;2021/TJPE/09/G1/TJPE50199202109221632345578219;False;2021-09-22 18:19:38.231;Erro no arquivo
8;650340766;TJPE85509202109221632345571698;c5d7d8e21ff2d22c7be35736e166629e1ebf58c92b7078b942490f5c82804ff8;7;1632345571708;;0;0;0;TJPE;G1;;2021/TJPE/09/G1/TJPE85509202109221632345571698;False;2021-09-22 18:19:31.708;Erro no arquivo
9;650340213;TJPE35935202109221632345567046;16583fe3aec003308f8c0dba43d098d516dadfda37cc941fc39199fe06620c54;7;1632345567057;;0;0;0;TJPE;JE;;2021/TJPE/09/JE/TJPE35935202109221632345567046;False;2021-09-22 18:19:27.057;Erro no arquivo
10;650339615;TJPE82147202109221632345562923;4a9af34b04633fe9e4c6f44c710b5a2919ad9cb51b6158dc1fd9c01bf1173336;3;1632345562938;;100;100;0;TJPE;JE;1328908.0;2021/TJPE/09/JE/TJPE82147202109221632345562923;False;2021-09-22 18:19:22.938;Processado com sucesso
11;650339141;TJPE16326202109221632345559139;54dd02c6742086d0bcacafaad221632cb728cd3117564aa67e865292438669cb;7;1632345559157;;0;0;0;TJPE;G1;;2021/TJPE/09/G1/TJPE16326202109221632345559139;False;2021-09-22 18:19:19.157;Erro no arquivo
12;650338894;TJPE22823202109221632345557103;774fc83b329151ed33dee29983fe8e5076347889b9cfec9ec9a2a3c4c190e43e;7;1632345557115;;0;0;0;TJPE;G1;;2021/TJPE/09/G1/TJPE22823202109221632345557103;False;2021-09-22 18:19:17.115;Erro no arquivo
13;650338588;TJPE21583202109221632345554502;3285c850ed5db1d5bdb2b9c03c4031c4e07f138cbb1a034ed3e7a3782e73a9ff;7;1632345554514;;0;0;0;TJPE;G1;;2021/TJPE/09/G1/TJPE21583202109221632345554502;False;2021-09-22 18:19:14.514;Erro no arquivo
14;650338225;TJPE54052202109221632345551611;1dbf131724c7c325edf38c6ce307c58f940078f649626c2906d74991a87bb70e;7;1632345551618;;0;0;0;TJPE;G1;;2021/TJPE/09/G1/TJPE54052202109221632345551611;False;2021-09-22 18:19:11.618;Erro no arquivo
15;650337948;TJPE56693202109221632345550003;86a46f1aa286f7b1e0cf272b18d7700a128a86263cccefcf442750e44a4cd9f2;3;1632345550018;;100;100;0;TJPE;JE;1276361.0;2021/TJPE/09/JE/TJPE56693202109221632345550003;False;2021-09-22 18:19:10.018;Processado com sucesso
16;650337625;TJPE31058202109221632345547797;9c565b3887d6e85d3e6d7cae236ea25c92476dbf8e622fde0f4df308f9dc1751;7;1632345547805;;0;0;0;TJPE;G1;;2021/TJPE/09/G1/TJPE31058202109221632345547797;False;2021-09-22 18:19:07.805;Erro no arquivo
17;650337370;TJPE23068202109221632345545610;c456314d7b19191fb0a84a318ecfeacc587ffbe44ebffd9734522f86f6668123;7;1632345545623;;0;0;0;TJPE;G1;;2021/TJPE/09/G1/TJPE23068202109221632345545610;False;2021-09-22 18:19:05.623;Erro no arquivo
18;650336964;TJPE96734202109221632345543132;6217bc93c55c50d23cff1aa0d7083269f112df43841b0e34106411e03cb1a0dc;7;1632345543151;;0;0;0;TJPE;G1;;2021/TJPE/09/G1/TJPE96734202109221632345543132;False;2021-09-22 18:19:03.151;Erro no arquivo
19;650336711;TJPE87162202109221632345540710;3d4b93a6f6948735b41d70facd7d8fba94125bb49231e9f58e0f18accbe14e2c;7;1632345540718;;0;0;0;TJPE;G1;;2021/TJPE/09/G1/TJPE87162202109221632345540710;False;2021-09-22 18:19:00.718;Erro no arquivo
20;650336451;TJPE38281202109221632345537903;703ae7bd9c80a4b2d555d8f0594dfd50257bbcd968ac9a969102b49c808d09d2;7;1632345537919;;0;0;0;TJPE;G1;;2021/TJPE/09/G1/TJPE38281202109221632345537903;False;2021-09-22 18:18:57.919;Erro no arquivo
21;650336076;TJPE60118202109221632345535701;4cfba34f30637c5b75cfb1d987eea9b6d01f1323ff7b1a425c901eb80fbafbbf;7;1632345535708;;0;0;0;TJPE;G1;;2021/TJPE/09/G1/TJPE60118202109221632345535701;False;2021-09-22 18:18:55.708;Erro no arquivo
22;650335841;TJPE34416202109221632345534059;02757e72ad3e3f668801a647d0c30c35793fbfcfdfb93bef63070f421c7a3c88;7;1632345534067;;0;0;0;TJPE;G1;;2021/TJPE/09/G1/TJPE34416202109221632345534059;False;2021-09-22 18:18:54.067;Erro no arquivo
23;650335575;TJPE33729202109221632345531881;8fe20d6851d46d03051b8ba4e97614f2a9ba78ee76abcaebe710f8b8dc02e849;7;1632345531904;;0;0;0;TJPE;G1;;2021/TJPE/09/G1/TJPE33729202109221632345531881;False;2021-09-22 18:18:51.904;Erro no arquivo
24;650335163;TJPE76101202109221632345528884;6489360b3608103d9eeacb4e8f5114ed6bf1eb3a56439a97dc2edbd6d433a29f;7;1632345528897;;0;0;0;TJPE;G1;;2021/TJPE/09/G1/TJPE76101202109221632345528884;False;2021-09-22 18:18:48.897;Erro no arquivo
25;650334401;TJPE16125202109221632345522498;77dc1fc3f00baf39eac9563efe8a13d7b00c42fff2318e1ed38e6b405b9c5b69;7;1632345522517;;0;0;0;TJPE;G1;;2021/TJPE/09/G1/TJPE16125202109221632345522498;False;2021-09-22 18:18:42.517;Erro no arquivo
26;650333450;TJPE73837202109221632345515755;8203c2c8cafa183530eada002da2214b1ec293c1d84717ca4d80fe2dc76ae535;7;1632345515838;;0;0;0;TJPE;G1;;2021/TJPE/09/G1/TJPE73837202109221632345515755;False;2021-09-22 18:18:35.838;Erro no arquivo
27;650332565;TJPE47134202109221632345508659;5719ed4d8bf1df7619542354f3deda791cdff5d50f9cadd6840a777d758da185;7;1632345508668;;0;0;0;TJPE;G1;;2021/TJPE/09/G1/TJPE47134202109221632345508659;False;2021-09-22 18:18:28.668;Erro no arquivo
28;650331132;TJPE53722202109221632345498322;b150c0ede3564cc56cdb4c743b1c3c8788b017a5fded5f29c1cace88ba1599a7;7;1632345498330;;0;0;0;TJPE;G1;;2021/TJPE/09/G1/TJPE53722202109221632345498322;False;2021-09-22 18:18:18.330;Erro no arquivo
29;650330509;TJPE16700202109221632345493217;8670469b397e1c82244b53733fbe8b81ab75b2c6d96d10a6accc0dc7c835b3c5;7;1632345493229;;0;0;0;TJPE;G1;;2021/TJPE/09/G1/TJPE16700202109221632345493217;False;2021-09-22 18:18:13.229;Erro no arquivo
30;650329964;TJPE79311202109221632345488177;4115e21a2f6c492082c2edf85bf370d683686950b2bda8e7a22aed3b24104bda;3;1632345488268;;95;95;0;TJPE;G1;1161313.0;2021/TJPE/09/G1/TJPE79311202109221632345488177;False;2021-09-22 18:18:08.268;Processado com sucesso
31;650328637;TJPE65960202109221632345479175;0c7d2eda5c9efe9870f276ad1453594740bebb255ec60eeddd7261bfe358608d;7;1632345479183;;0;0;0;TJPE;G1;;2021/TJPE/09/G1/TJPE65960202109221632345479175;False;2021-09-22 18:17:59.183;Erro no arquivo
32;650328134;TJPE57133202109221632345474170;13b4e43276de8337b6bb4e5f5037e39f1a657dd72dff73fdc423bf2e25341dc6;7;1632345474180;;0;0;0;TJPE;G1;;2021/TJPE/09/G1/TJPE57133202109221632345474170;False;2021-09-22 18:17:54.180;Erro no arquivo
33;650327601;TJPE32608202109221632345471026;b2d48bb069f8ea80131ee8c5a6b83004f4c7d47479c724b9133a4b37d7053665;7;1632345471040;;0;0;0;TJPE;G1;;2021/TJPE/09/G1/TJPE32608202109221632345471026;False;2021-09-22 18:17:51.040;Erro no arquivo
34;650326704;TJPE88394202109221632345465002;bb17388a91e1f73c708be764bfb5bf00788b7b9c0e37cd8d6882beb1417bd3e8;7;1632345465009;;0;0;0;TJPE;G1;;2021/TJPE/09/G1/TJPE88394202109221632345465002;False;2021-09-22 18:17:45.009;Erro no arquivo
35;650326121;TJPE11137202109221632345460491;4365661cd33a3a1751e3877f6e610b220a2a115503bae47182844a4446f89c8b;7;1632345460516;;0;0;0;TJPE;G1;;2021/TJPE/09/G1/TJPE11137202109221632345460491;False;2021-09-22 18:17:40.516;Erro no arquivo
36;650325504;TJPE54930202109221632345455857;dd6b74d6a9dffad217edd90efd2b346f6455c84e00b9de974d63d7d813a4f287;7;1632345455875;;0;0;0;TJPE;G1;;2021/TJPE/09/G1/TJPE54930202109221632345455857;False;2021-09-22 18:17:35.875;Erro no arquivo
37;650324717;TJPE27426202109221632345450983;b83b2bd462dc9e5fd6c17900a48b658da99a643394c9fce0b9f1528a827f6ef4;7;1632345450991;;0;0;0;TJPE;G1;;2021/TJPE/09/G1/TJPE27426202109221632345450983;False;2021-09-22 18:17:30.991;Erro no arquivo
38;650324011;TJPE47695202109221632345444671;2bbcf63122471336807ebb09be9c64fe36f72243431a972921b2cf5c83aa31f7;7;1632345444679;;0;0;0;TJPE;G1;;2021/TJPE/09/G1/TJPE47695202109221632345444671;False;2021-09-22 18:17:24.679;Erro no arquivo
39;650323213;TJPE52499202109221632345438372;49cf705d6be673d3042a6cc562b5da270db29257b43e5b1e55c3884aaa860e9e;7;1632345438381;;0;0;0;TJPE;G1;;2021/TJPE/09/G1/TJPE52499202109221632345438372;False;2021-09-22 18:17:18.381;Erro no arquivo
0;650322478;TJPE83705202109221632345431998;96959e5ec7498884eefbaa9fa26490001c3b2b0b41b635dfc7fd2b3248351ece;7;1632345432004;;0;0;0;TJPE;G1;;2021/TJPE/09/G1/TJPE83705202109221632345431998;False;2021-09-22 18:17:12.004;Erro no arquivo
1;650321818;TJPE61762202109221632345426713;7adeda43106e85a3bd1982b2a8f7589ab2c53fa67f4c54c7cab1da21d671021c;7;1632345426734;;0;0;0;TJPE;G1;;2021/TJPE/09/G1/TJPE61762202109221632345426713;False;2021-09-22 18:17:06.734;Erro no arquivo
2;650321519;TJPE89138202109221632345424259;e0488f23a9e095092165c7612a9690d2a81c4db1ebd3c5cee5eb2b6288798f9a;3;1632345424268;;100;100;0;TJPE;JE;1217829.0;2021/TJPE/09/JE/TJPE89138202109221632345424259;False;2021-09-22 18:17:04.268;Processado com sucesso
3;650320618;TJPE47327202109221632345416985;fd82497897fe5e2e7ab7a6a78296b66d507114b83bb0f7e3110eba76ae8587f8;3;1632345416997;;100;100;0;TJPE;JE;1035014.0;2021/TJPE/09/JE/TJPE47327202109221632345416985;False;2021-09-22 18:16:56.997;Processado com sucesso
4;650320354;TJPE21071202109221632345414855;7d0996b64b954c71a5431fb804861f1425fc42ad25fc1f3258103cd324de54c2;3;1632345414936;;100;100;0;TJPE;G1;864237.0;2021/TJPE/09/G1/TJPE21071202109221632345414855;False;2021-09-22 18:16:54.936;Processado com sucesso
5;650320129;TJPE87178202109221632345412958;8d64756b6daf8f023e7fa47b19f454b4ab5119ba8e2d288c00b58735815325a8;7;1632345412969;;0;0;0;TJPE;G1;;2021/TJPE/09/G1/TJPE87178202109221632345412958;False;2021-09-22 18:16:52.969;Erro no arquivo
6;650319666;TJPE73990202109221632345409597;3fd7db05d0dcc9ecad881a193c1b68f946f92e1b2598b6487a3454eadec62a82;3;1632345409607;;97;97;0;TJPE;G1;1284359.0;2021/TJPE/09/G1/TJPE73990202109221632345409597;False;2021-09-22 18:16:49.607;Processado com sucesso
7;650319338;TJPE80855202109221632345406605;d1756f773715755983d547735b2eb782ad1d4cbb17093640b892aaeee556c30d;7;1632345406619;;0;0;0;TJPE;G1;;2021/TJPE/09/G1/TJPE80855202109221632345406605;False;2021-09-22 18:16:46.619;Erro no arquivo
8;650318773;TJPE38698202109221632345402993;77b6c5ca752c0890075379e20ab57428aed2f5277653fb008d54a808ae499d1c;7;1632345403001;;0;0;0;TJPE;G1;;2021/TJPE/09/G1/TJPE38698202109221632345402993;False;2021-09-22 18:16:43.001;Erro no arquivo
9;650316875;TJPE14582202109221632345387432;6d295693e1953bf2d99451df042f0b8b6a1302592469b4a495be3d7b486ba0e4;3;1632345387447;;100;100;0;TJPE;JE;1264690.0;2021/TJPE/09/JE/TJPE14582202109221632345387432;False;2021-09-22 18:16:27.447;Processado com sucesso
10;650316599;TJPE81641202109221632345385232;68c913236c79a17a5986cede999d76fe3029151eabadca7ddd477f57e50b4100;3;1632345385240;;100;100;0;TJPE;JE;1039116.0;2021/TJPE/09/JE/TJPE81641202109221632345385232;False;2021-09-22 18:16:25.240;Processado com sucesso
11;650316408;TJPE21261202109221632345382818;ee27f751168621d1596e460b1dad8346e0e94fe0da6d09292c43c9b14e8a45b8;7;1632345382830;;0;0;0;TJPE;G1;;2021/TJPE/09/G1/TJPE21261202109221632345382818;False;2021-09-22 18:16:22.830;Erro no arquivo
12;650315994;TJPE44356202109221632345380425;6e72b7b87fec0a3e0a7f857bf142087f2ea69199000e5d5814f51ff262bb113e;3;1632345380436;;100;100;0;TJPE;JE;1316078.0;2021/TJPE/09/JE/TJPE44356202109221632345380425;False;2021-09-22 18:16:20.436;Processado com sucesso
13;650315663;TJPE59144202109221632345378289;d8fa7c1d7051d7692692205e70216d0e78d2a014246ac28dcb949db7656e094c;7;1632345378299;;0;0;0;TJPE;G1;;2021/TJPE/09/G1/TJPE59144202109221632345378289;False;2021-09-22 18:16:18.299;Erro no arquivo
14;650315360;TJPE22801202109221632345376049;80e4cac4654dbb303381da206f5f78658853b51f860fa978834db8088f7e4650;7;1632345376057;;0;0;0;TJPE;JE;;2021/TJPE/09/JE/TJPE22801202109221632345376049;False;2021-09-22 18:16:16.057;Erro no arquivo
15;650314819;TJPE88011202109221632345371719;0636e5141d6e2834713791d102744db008e50665cca3bfe06574f2e5f53fef17;7;1632345371729;;0;0;0;TJPE;G1;;2021/TJPE/09/G1/TJPE88011202109221632345371719;False;2021-09-22 18:16:11.729;Erro no arquivo
16;650314508;TJPE79164202109221632345369108;9393a76f3b04c22a9b573a3227ad06947df8c434dc5fe442105900e109d00d3c;7;1632345369120;;0;0;0;TJPE;G1;;2021/TJPE/09/G1/TJPE79164202109221632345369108;False;2021-09-22 18:16:09.120;Erro no arquivo
17;650314090;TJPE21724202109221632345366193;d8d53e93f3e6a8488095587bb3d0a4ee9876ba161a9e92c201fe75684cb12439;7;1632345366207;;0;0;0;TJPE;G1;;2021/TJPE/09/G1/TJPE21724202109221632345366193;False;2021-09-22 18:16:06.207;Erro no arquivo
18;650313767;TJPE28097202109221632345364186;779d20c2c7982af685f27bd4e436c4d1856549e9a86ccebbc39c232dad7f6ad5;7;1632345364195;;0;0;0;TJPE;G1;;2021/TJPE/09/G1/TJPE28097202109221632345364186;False;2021-09-22 18:16:04.195;Erro no arquivo
19;650313473;TJPE53297202109221632345361829;d50351bf9e98b1bb7fe8d86369cc106644940983ba2468e1ce44d7efef95a6bc;7;1632345361847;;0;0;0;TJPE;G1;;2021/TJPE/09/G1/TJPE53297202109221632345361829;False;2021-09-22 18:16:01.847;Erro no arquivo
20;650313132;TJPE35503202109221632345359410;c79f8f1679b06607377a08eca528714ef190614af2f8db1965b10ae21fb69764;7;1632345359419;;0;0;0;TJPE;G1;;2021/TJPE/09/G1/TJPE35503202109221632345359410;False;2021-09-22 18:15:59.419;Erro no arquivo
21;650312816;TJPE47727202109221632345357123;a41fea003533d0a972dc79dffcddcef96365f7f44d5f746715824c5c65d9b628;7;1632345357135;;0;0;0;TJPE;G1;;2021/TJPE/09/G1/TJPE47727202109221632345357123;False;2021-09-22 18:15:57.135;Erro no arquivo
22;650312640;TJPE37214202109221632345355346;387cfa94c54874bae39adc4ff50d7cac7508bbc4cb678aedc1dba0919e3115f4;7;1632345355358;;0;0;0;TJPE;G1;;2021/TJPE/09/G1/TJPE37214202109221632345355346;False;2021-09-22 18:15:55.358;Erro no arquivo
23;650311963;TJPE12658202109221632345348361;c48ee730233d21830acd007a655096690ccdf27a01a7a5a8e9c2a5c27b41906d;3;1632345348370;;100;100;0;TJPE;JE;1207952.0;2021/TJPE/09/JE/TJPE12658202109221632345348361;False;2021-09-22 18:15:48.370;Processado com sucesso
24;650311251;TJPE66682202109221632345343591;0f1e51fda0ca1c6aa2d8c2d399547a46679eab68c7e6b3722176327a1d0fe815;7;1632345343603;;0;0;0;TJPE;G1;;2021/TJPE/09/G1/TJPE66682202109221632345343591;False;2021-09-22 18:15:43.603;Erro no arquivo
25;650310649;TJPE98954202109221632345339429;c9113db52aaa6f0207b12fee61124cd157a9a1e40b4ed028a2eb5cb6fbd5ccf4;7;1632345339448;;0;0;0;TJPE;G1;;2021/TJPE/09/G1/TJPE98954202109221632345339429;False;2021-09-22 18:15:39.448;Erro no arquivo
26;650309981;TJPE92917202109221632345333795;ee8722751144f97d320768eef0e523c32f8468d541d0018069414ec7722c4d52;7;1632345333805;;0;0;0;TJPE;G1;;2021/TJPE/09/G1/TJPE92917202109221632345333795;False;2021-09-22 18:15:33.805;Erro no arquivo
27;650309594;TJPE20594202109221632345331098;73d782ee38e0e045b4ccd125b92d7146e4657972e12293fd33eb02b6696ec2cf;7;1632345331106;;0;0;0;TJPE;G1;;2021/TJPE/09/G1/TJPE20594202109221632345331098;False;2021-09-22 18:15:31.106;Erro no arquivo
28;650309369;TJPE57421202109221632345329094;a7d6077dc43f2695e69fa3d304542c3b8763048614e34d36cb58d4325d69cadf;7;1632345329103;;0;0;0;TJPE;G1;;2021/TJPE/09/G1/TJPE57421202109221632345329094;False;2021-09-22 18:15:29.103;Erro no arquivo
29;650308970;TJPE46576202109221632345326532;28b77f235e7b94bd5e2519fa9b9479c7fa3560b1a334779930c057c01bf2eb55;7;1632345326540;;0;0;0;TJPE;G1;;2021/TJPE/09/G1/TJPE46576202109221632345326532;False;2021-09-22 18:15:26.540;Erro no arquivo
30;650308707;TJPE60276202109221632345324330;ee504426d1c472e5a52b42249756e9436d02fd21a20ccd3b542140fa33f3d655;7;1632345324348;;0;0;0;TJPE;G1;;2021/TJPE/09/G1/TJPE60276202109221632345324330;False;2021-09-22 18:15:24.348;Erro no arquivo
31;650308498;TJPE17833202109221632345321779;9fb565ce5e4fd83b9f9d8e0e2bf0551c2612ca838c3c16a39458359faafbdc81;7;1632345321791;;0;0;0;TJPE;G1;;2021/TJPE/09/G1/TJPE17833202109221632345321779;False;2021-09-22 18:15:21.791;Erro no arquivo
32;650308320;TJPE53406202109221632345319638;5739279536b8b0f69fcfae3d2f9edf09106d7c01a3d5af816a09cf1ab7cef901;7;1632345319648;;0;0;0;TJPE;G1;;2021/TJPE/09/G1/TJPE53406202109221632345319638;False;2021-09-22 18:15:19.648;Erro no arquivo
33;650308127;TJPE57608202109221632345317292;b0afd97eb010ff811dc761eaf091da1478f6c5ba143575b63475745654130086;7;1632345317317;;0;0;0;TJPE;G1;;2021/TJPE/09/G1/TJPE57608202109221632345317292;False;2021-09-22 18:15:17.317;Erro no arquivo
34;650307897;TJPE86835202109221632345314577;56ae5c4391dfeb96c48e20649e948d304ece8df6313ddedee428af0065df5a00;7;1632345314585;;0;0;0;TJPE;G1;;2021/TJPE/09/G1/TJPE86835202109221632345314577;False;2021-09-22 18:15:14.585;Erro no arquivo
35;650307727;TJPE72680202109221632345312501;b6f80600a528db5db7ef2c498ab904f43c9af8910195fa04f1ba2c17f8b88992;7;1632345312509;;0;0;0;TJPE;G1;;2021/TJPE/09/G1/TJPE72680202109221632345312501;False;2021-09-22 18:15:12.509;Erro no arquivo
36;650307557;TJPE70368202109221632345310483;53fdfdc12f95866366dde7cd5c7c38c5940fda0e763ae3ebaa6e5cbcc8a8ef9b;7;1632345310488;;0;0;0;TJPE;G1;;2021/TJPE/09/G1/TJPE70368202109221632345310483;False;2021-09-22 18:15:10.488;Erro no arquivo
37;650307424;TJPE90504202109221632345308290;d1ade08f9c1cf22fbcf5d44ce9fefb8f1bcaf0d1b6e14a45b448528ef71f6e29;7;1632345308299;;0;0;0;TJPE;G1;;2021/TJPE/09/G1/TJPE90504202109221632345308290;False;2021-09-22 18:15:08.299;Erro no arquivo
38;650307319;TJPE48736202109221632345305824;fb35b57b23c0b86f2afacda850d6f279cd53bf8240a8a9b1e9ee801a2787b474;7;1632345305844;;0;0;0;TJPE;G1;;2021/TJPE/09/G1/TJPE48736202109221632345305824;False;2021-09-22 18:15:05.844;Erro no arquivo
39;650307012;TJPE20338202109221632345302268;425df942da6a8bdf6dc0accf9ec4fb75b160bcb7ad42f3f63c52f6e2a28c7d18;7;1632345302277;;0;0;0;TJPE;G1;;2021/TJPE/09/G1/TJPE20338202109221632345302268;False;2021-09-22 18:15:02.277;Erro no arquivo
0;650306831;TJPE49144202109221632345300504;8ab40b687859502996bbb613149f91207a098b1e1ee6be838bb4c204832ae4cb;7;1632345300514;;0;0;0;TJPE;G1;;2021/TJPE/09/G1/TJPE49144202109221632345300504;False;2021-09-22 18:15:00.514;Erro no arquivo
1;650306410;TJPE77023202109221632345294965;6597f4c678d507039336931ed827b6a950890e3eafe647e4567fc9d943de5a9c;7;1632345294974;;0;0;0;TJPE;G1;;2021/TJPE/09/G1/TJPE77023202109221632345294965;False;2021-09-22 18:14:54.974;Erro no arquivo
2;650306152;TJPE28803202109221632345289862;6c1c4eadf143f350aacaf692008ff914cf53e915a6e814340ff92db2b9857ef3;7;1632345289870;;0;0;0;TJPE;G1;;2021/TJPE/09/G1/TJPE28803202109221632345289862;False;2021-09-22 18:14:49.870;Erro no arquivo
3;650305876;TJPE12722202109221632345286710;755aea3aba61e415df6ba69876540db58c78d6aeddcb3b49cf69cc725af6a84d;7;1632345286719;;0;0;0;TJPE;G1;;2021/TJPE/09/G1/TJPE12722202109221632345286710;False;2021-09-22 18:14:46.719;Erro no arquivo
4;650305447;TJPE24787202109221632345281162;f8943a1f737cb5812dde783d16b8b8ecd9e48deb1ae263a28a06186bba1076aa;3;1632345281170;;97;97;0;TJPE;G1;1037134.0;2021/TJPE/09/G1/TJPE24787202109221632345281162;False;2021-09-22 18:14:41.170;Processado com sucesso
5;650305231;TJPE40895202109221632345276241;27ed3b6f7e730898fb2fd245422c6abb0500e3d3a1aefbfe8b41395610ff739d;7;1632345276256;;0;0;0;TJPE;G1;;2021/TJPE/09/G1/TJPE40895202109221632345276241;False;2021-09-22 18:14:36.256;Erro no arquivo
6;650304748;TJPE82024202109221632345269694;0283d6c5d7e1a5da44d699ef215f49dd1c60ba44090d9f4b1dd21244e20b0dda;7;1632345269705;;0;0;0;TJPE;G1;;2021/TJPE/09/G1/TJPE82024202109221632345269694;False;2021-09-22 18:14:29.705;Erro no arquivo
7;650304192;TJPE41981202109221632345260960;f379c23afde502df83be06194570d93212af57445fd1ef8616afcefb7f7fc4f8;7;1632345260968;;0;0;0;TJPE;G1;;2021/TJPE/09/G1/TJPE41981202109221632345260960;False;2021-09-22 18:14:20.968;Erro no arquivo
8;650304005;TJPE21892202109221632345257028;20c8497a00fed395b7114f4a5a8ff618de4800f49d19313088cbf2b5eb1ec6b1;7;1632345257044;;0;0;0;TJPE;G1;;2021/TJPE/09/G1/TJPE21892202109221632345257028;False;2021-09-22 18:14:17.044;Erro no arquivo
9;650303724;TJPE23954202109221632345252870;239f796aa6f5fd7a3aaabe8c84e023a1edb34b014c00abaedfb446ed98dc4c9b;7;1632345252896;;0;0;0;TJPE;G1;;2021/TJPE/09/G1/TJPE23954202109221632345252870;False;2021-09-22 18:14:12.896;Erro no arquivo
10;650303282;TJPE11389202109221632345248148;8e982df5585417fa8060e7a858ce70afbc634275e7001ff15e0d8d67c6e5cb78;7;1632345248162;;0;0;0;TJPE;G1;;2021/TJPE/09/G1/TJPE11389202109221632345248148;False;2021-09-22 18:14:08.162;Erro no arquivo
11;650303109;TJPE35006202109221632345243983;ae259a6a092ace2a4db30bdd447bfbec1d6ceee164d281cb7c5d52a39550a9e8;7;1632345243997;;0;0;0;TJPE;G1;;2021/TJPE/09/G1/TJPE35006202109221632345243983;False;2021-09-22 18:14:03.997;Erro no arquivo
12;650302569;TJPE98548202109221632345235410;28e591e7f1c7ef1930206529f322711e6b53214e87583a6957f6ad1b6d6f2c26;7;1632345235417;;0;0;0;TJPE;G1;;2021/TJPE/09/G1/TJPE98548202109221632345235410;False;2021-09-22 18:13:55.417;Erro no arquivo
13;650302033;TJPE74799202109221632345227639;bbaabf6a67f276785ab1815f8696883ab278e79dbcd50081b64a21b0f4a25a47;7;1632345227647;;0;0;0;TJPE;G1;;2021/TJPE/09/G1/TJPE74799202109221632345227639;False;2021-09-22 18:13:47.647;Erro no arquivo
14;650301818;TJPE27912202109221632345222168;85511ab9d371ebfabe10610fe339df61c74745d22b0eaecb2a1c657c8b6fe5d0;7;1632345222180;;0;0;0;TJPE;G1;;2021/TJPE/09/G1/TJPE27912202109221632345222168;False;2021-09-22 18:13:42.180;Erro no arquivo
15;650301396;TJPE49210202109221632345216371;1caad597098713f233ac470fb9b3834fa24c4bef0ff3e60228890b669e7fe499;7;1632345216382;;0;0;0;TJPE;G1;;2021/TJPE/09/G1/TJPE49210202109221632345216371;False;2021-09-22 18:13:36.382;Erro no arquivo
16;650301011;TJPE25013202109221632345211654;38a03e8d0a8fa9455f2e952f2a98f96858c465ba867e2a49a8e5fab504e4dd00;3;1632345211666;;92;92;0;TJPE;G1;1034446.0;2021/TJPE/09/G1/TJPE25013202109221632345211654;False;2021-09-22 18:13:31.666;Processado com sucesso
17;650300908;TJPE23749202109221632345206012;19ac5fa8865e193880ac07d30e07aa778f0bb95b70512d40b7943f1cb6239456;3;1632345206023;;100;100;0;TJPE;G1;1474241.0;2021/TJPE/09/G1/TJPE23749202109221632345206012;False;2021-09-22 18:13:26.023;Processado com sucesso
18;650300235;TJPE38433202109221632345198333;355b7226ce1fc39107bd208c136b91d2a46f1fb66b851558b5c43eb066c05cbb;7;1632345198342;;0;0;0;TJPE;G1;;2021/TJPE/09/G1/TJPE38433202109221632345198333;False;2021-09-22 18:13:18.342;Erro no arquivo
19;650300087;TJPE18137202109221632345196435;1549659dc6e17c44995dff5d81899e2f5f39f2741e851fbbadfd1294cf7d1b6d;7;1632345196444;;0;0;0;TJPE;G1;;2021/TJPE/09/G1/TJPE18137202109221632345196435;False;2021-09-22 18:13:16.444;Erro no arquivo
20;650299926;TJPE49496202109221632345193567;d310798ca7cd7de0e94a134c642cefabeeea4cdb91ce53aef7c592559c18cb6d;7;1632345193574;;0;0;0;TJPE;G1;;2021/TJPE/09/G1/TJPE49496202109221632345193567;False;2021-09-22 18:13:13.574;Erro no arquivo
21;650299853;TJPE69095202109221632345191981;b1f4eba407a8d8a54dec301797aef9a1509c544e034baf17f6db5c842a04decb;7;1632345191991;;0;0;0;TJPE;G1;;2021/TJPE/09/G1/TJPE69095202109221632345191981;False;2021-09-22 18:13:11.991;Erro no arquivo
22;650299843;TJPE13781202109221632345189696;a0500d638843842d9d1460c9b0b62bb41e2114c929a2fb34561caf36bb926359;7;1632345189708;;0;0;0;TJPE;G1;;2021/TJPE/09/G1/TJPE13781202109221632345189696;False;2021-09-22 18:13:09.708;Erro no arquivo
23;650299678;TJPE87973202109221632345187680;f166b6561f4a30ef94bdede111150d6dba308baf04e98b64b8e952330f704888;7;1632345187687;;0;0;0;TJPE;G1;;2021/TJPE/09/G1/TJPE87973202109221632345187680;False;2021-09-22 18:13:07.687;Erro no arquivo
24;650299554;TJPE63083202109221632345185495;894e6bae85a73f97d229b3e76ce06a5b9efd88a57b8786bcec69df69c37776cc;7;1632345185517;;0;0;0;TJPE;G1;;2021/TJPE/09/G1/TJPE63083202109221632345185495;False;2021-09-22 18:13:05.517;Erro no arquivo
25;650299340;TJPE50643202109221632345182934;8c13f439a9e27a40a26817aea7d095c8f26a17e12b3ad795040fa09cbe1c80bc;7;1632345182954;;0;0;0;TJPE;G1;;2021/TJPE/09/G1/TJPE50643202109221632345182934;False;2021-09-22 18:13:02.954;Erro no arquivo
26;650299125;TJPE17299202109221632345180872;2f58bbefc888a78a39afd7057f210348e5296544fd50759b7f0e3ebfba5d1bbd;3;1632345180877;;91;91;0;TJPE;G1;704638.0;2021/TJPE/09/G1/TJPE17299202109221632345180872;False;2021-09-22 18:13:00.877;Processado com sucesso
27;650298997;TJPE76784202109221632345179478;d35909bfe4c864541dda3624c4291e9d1914f66b21b2daf02001ebd0ab075a54;7;1632345179485;;0;0;0;TJPE;G1;;2021/TJPE/09/G1/TJPE76784202109221632345179478;False;2021-09-22 18:12:59.485;Erro no arquivo
28;650298866;TJPE14227202109221632345177745;deb3dcce1262da98dd96b2e59d87384f3995f355322bef5b4d3ef31cfdf52028;7;1632345177752;;0;0;0;TJPE;G1;;2021/TJPE/09/G1/TJPE14227202109221632345177745;False;2021-09-22 18:12:57.752;Erro no arquivo
29;650298766;TJPE20350202109221632345176126;d77a24f467e424446a9d9571ee60e36caa0cbc5f59d6110b9db22f8c08eec6b7;7;1632345176136;;0;0;0;TJPE;G1;;2021/TJPE/09/G1/TJPE20350202109221632345176126;False;2021-09-22 18:12:56.136;Erro no arquivo
30;650298757;TJPE94809202109221632345173759;a3020571e461054d63aed973a51c2ef724e6e618593a4fa601287a32dea5ba3f;3;1632345173767;;100;100;0;TJPE;JE;986398.0;2021/TJPE/09/JE/TJPE94809202109221632345173759;False;2021-09-22 18:12:53.767;Processado com sucesso
31;650298659;TJPE36868202109221632345171673;afaf41ff79b4ad648649cc596ecf716d45562eab479b6fc50caa4ac45a542867;7;1632345171683;;0;0;0;TJPE;G1;;2021/TJPE/09/G1/TJPE36868202109221632345171673;False;2021-09-22 18:12:51.683;Erro no arquivo
32;650298520;TJPE98220202109221632345169654;1fd5c0d2e2a6dc73ea96030816d41ab9ee7eabcea6bcdc7b7f7994a438cb1fde;7;1632345169670;;0;0;0;TJPE;G1;;2021/TJPE/09/G1/TJPE98220202109221632345169654;False;2021-09-22 18:12:49.670;Erro no arquivo
33;650298310;TJPE35324202109221632345167215;17810167b88292966be158044ac0c463a072e0dcf37c89a9b810918129196181;7;1632345167226;;0;0;0;TJPE;G1;;2021/TJPE/09/G1/TJPE35324202109221632345167215;False;2021-09-22 18:12:47.226;Erro no arquivo
34;650297754;TJPE54542202109221632345160176;c3912e51241b09ed6e5c112feb6c3701c50da1f1378c6e573cb93b56f1566e0e;7;1632345160188;;0;0;0;TJPE;G1;;2021/TJPE/09/G1/TJPE54542202109221632345160176;False;2021-09-22 18:12:40.188;Erro no arquivo
35;650297676;TJPE71817202109221632345158097;d71192df35b2c62389d232d87c71502cd0b3103075781936e5b1b0c2fca8e170;7;1632345158106;;0;0;0;TJPE;G1;;2021/TJPE/09/G1/TJPE71817202109221632345158097;False;2021-09-22 18:12:38.106;Erro no arquivo
36;650297663;TJPE15819202109221632345155640;6d3ef468c6c1503f436d78acdd6190f2f3151dbdb8a0759b1d5cdcdefe2f5dfc;3;1632345155648;;100;100;0;TJPE;JE;1038954.0;2021/TJPE/09/JE/TJPE15819202109221632345155640;False;2021-09-22 18:12:35.648;Processado com sucesso
37;650297502;TJPE79175202109221632345153425;f8c379016f2f21b498938877b690bc6263fc91bee1fcab84e7df66495fb9c98e;7;1632345153435;;0;0;0;TJPE;G1;;2021/TJPE/09/G1/TJPE79175202109221632345153425;False;2021-09-22 18:12:33.435;Erro no arquivo
38;650297318;TJPE14420202109221632345151198;6de2cea708a3b31c5d3c0de721f36e31c77686170bc3916b38625be270a5b3c1;3;1632345151209;;100;100;0;TJPE;G1;1333899.0;2021/TJPE/09/G1/TJPE14420202109221632345151198;False;2021-09-22 18:12:31.209;Processado com sucesso
39;650297074;TJPE41379202109221632345148203;980cfa8d5ed747af5cc197a162bf3f909df4ae5a73ac147d879df88216acc390;3;1632345148211;;100;100;0;TJPE;JE;975006.0;2021/TJPE/09/JE/TJPE41379202109221632345148203;False;2021-09-22 18:12:28.211;Processado com sucesso
0;650296912;TJPE83061202109221632345145720;3fa32fbe6c91e3b5d604ba961daa44c95355ec542a740f6baa9d4dfdb5a037b0;7;1632345145729;;0;0;0;TJPE;G1;;2021/TJPE/09/G1/TJPE83061202109221632345145720;False;2021-09-22 18:12:25.729;Erro no arquivo
1;650296634;TJPE50405202109221632345142554;717c593db34e46dad3cd48a6426a9866238cda02bbfe730650b4e2d3f80bb8c4;7;1632345142560;;0;0;0;TJPE;G1;;2021/TJPE/09/G1/TJPE50405202109221632345142554;False;2021-09-22 18:12:22.560;Erro no arquivo
2;650296581;TJPE94095202109221632345140379;652657507ac2ea82cbf9c649cdb4d0c59ac393691d926fe2ddfa2f5992bbd70d;3;1632345140388;;100;100;0;TJPE;JE;1099083.0;2021/TJPE/09/JE/TJPE94095202109221632345140379;False;2021-09-22 18:12:20.388;Processado com sucesso
3;650296565;TJPE68985202109221632345138071;a594b15b45ae66332e07c1d3ea4a057f6e789091a68d69b9b41e99e02a83b59f;7;1632345138080;;0;0;0;TJPE;G1;;2021/TJPE/09/G1/TJPE68985202109221632345138071;False;2021-09-22 18:12:18.080;Erro no arquivo
4;650296310;TJPE79228202109221632345134629;9f80f24a04719ccd67f78aed5cf0ccc219cbe26c606d32c13141464e39068dcb;7;1632345134637;;0;0;0;TJPE;G1;;2021/TJPE/09/G1/TJPE79228202109221632345134629;False;2021-09-22 18:12:14.637;Erro no arquivo
5;650296108;TJPE34672202109221632345131787;dd09c52e7a3073e6c7981bc338f37c15e4dc4939bdcdc6d58103855be5948f4d;7;1632345131802;;0;0;0;TJPE;G1;;2021/TJPE/09/G1/TJPE34672202109221632345131787;False;2021-09-22 18:12:11.802;Erro no arquivo
6;650295900;TJPE35093202109221632345129532;fea8f98efbdb6cdfa5a9902f9cb2c6ec0f753dab0b52e10bd0ec9691bf5d7637;7;1632345129540;;0;0;0;TJPE;G1;;2021/TJPE/09/G1/TJPE35093202109221632345129532;False;2021-09-22 18:12:09.540;Erro no arquivo
7;650295739;TJPE86778202109221632345127524;f38359530f154371131b3a025a8274b1ce64ce5e1e9c5e6dc64031245764c199;7;1632345127532;;0;0;0;TJPE;G1;;2021/TJPE/09/G1/TJPE86778202109221632345127524;False;2021-09-22 18:12:07.532;Erro no arquivo
8;650295608;TJPE43406202109221632345125189;1ef90bb5d424c1f590be96f06c5534d00c15ac656a3601d4276cea7c7bbffc7b;3;1632345125197;;100;100;0;TJPE;JE;1131099.0;2021/TJPE/09/JE/TJPE43406202109221632345125189;False;2021-09-22 18:12:05.197;Processado com sucesso
9;650295487;TJPE70512202109221632345122770;83fbf1fe7797ead06318128e89f13e8293589ffd2c5a5c4415f31f80c29eb759;7;1632345122784;;0;0;0;TJPE;G1;;2021/TJPE/09/G1/TJPE70512202109221632345122770;False;2021-09-22 18:12:02.784;Erro no arquivo
10;650295473;TJPE74292202109221632345120357;5d1057ca813c1fc950dfba5c3c75fb7ff774887c0c86633466573f21f6894a76;7;1632345120368;;0;0;0;TJPE;G1;;2021/TJPE/09/G1/TJPE74292202109221632345120357;False;2021-09-22 18:12:00.368;Erro no arquivo
11;650295236;TJPE82173202109221632345116969;a6dfe820634c404f3d87e67f8b44a9b4d5b4cfbaa9f89da5e3dc8d5404d26124;7;1632345116977;;0;0;0;TJPE;G1;;2021/TJPE/09/G1/TJPE82173202109221632345116969;False;2021-09-22 18:11:56.977;Erro no arquivo
12;650295076;TJPE73925202109221632345114900;87f7adf314efc067d7d565611ce5b02f0157abbd5aebd14de240be99d488a446;7;1632345114905;;0;0;0;TJPE;G1;;2021/TJPE/09/G1/TJPE73925202109221632345114900;False;2021-09-22 18:11:54.905;Erro no arquivo
13;650294928;TJPE62535202109221632345112958;ad923d118dd875151f929791a5ffef7d8b26bd49a8f2a6c49136531ac17405ff;7;1632345112980;;0;0;0;TJPE;G1;;2021/TJPE/09/G1/TJPE62535202109221632345112958;False;2021-09-22 18:11:52.980;Erro no arquivo
14;650294644;TJPE98397202109221632345109274;22cd16fcdeb654dbd77571fbbaea751618b7ef5c37c25a76ad5eab399d379af0;7;1632345109282;;0;0;0;TJPE;G1;;2021/TJPE/09/G1/TJPE98397202109221632345109274;False;2021-09-22 18:11:49.282;Erro no arquivo
15;650294469;TJPE49882202109221632345106485;ab9386e576725bc44b0bd4a67e98de0b93b4a88a02a7e051d1793ca3474977cd;7;1632345106495;;0;0;0;TJPE;G1;;2021/TJPE/09/G1/TJPE49882202109221632345106485;False;2021-09-22 18:11:46.495;Erro no arquivo
16;650294302;TJPE13964202109221632345100492;5f0477e01c6d72cfb25419645fa96a1aecbf25a34a282ca5d81a8b7d8e599afe;7;1632345100501;;0;0;0;TJPE;G1;;2021/TJPE/09/G1/TJPE13964202109221632345100492;False;2021-09-22 18:11:40.501;Erro no arquivo
17;650293847;TJPE22362202109221632345093173;8bf975e09a38ef36cb0f8bc092291a3d38d2efe3675c35de2a3478aa316e434b;7;1632345093211;;0;0;0;TJPE;G1;;2021/TJPE/09/G1/TJPE22362202109221632345093173;False;2021-09-22 18:11:33.211;Erro no arquivo
18;650293393;TJPE88633202109221632345088255;1352395019ac4a9e815cc4cfd3c3fa8b8209f5d27d677dd08ccac85a71349367;7;1632345088262;;0;0;0;TJPE;G1;;2021/TJPE/09/G1/TJPE88633202109221632345088255;False;2021-09-22 18:11:28.262;Erro no arquivo
19;650293267;TJPE55569202109221632345083285;bcc7d840b368215122076930e25c02d611a7f8aa5fb94d52148ff33cabd51888;7;1632345083294;;0;0;0;TJPE;G1;;2021/TJPE/09/G1/TJPE55569202109221632345083285;False;2021-09-22 18:11:23.294;Erro no arquivo
20;650292990;TJPE70178202109221632345079334;dd53de173710c754654dc519d4c53e1993997b4c259e9d8b91819ad63e7f1171;7;1632345079345;;0;0;0;TJPE;G1;;2021/TJPE/09/G1/TJPE70178202109221632345079334;False;2021-09-22 18:11:19.345;Erro no arquivo
21;650292507;TJPE10469202109221632345073583;495c3ecad23cdb5a3973e25c4e4b3e6036d7fae5a6f6e90aedeae6665c5ff2b5;7;1632345073595;;0;0;0;TJPE;G1;;2021/TJPE/09/G1/TJPE10469202109221632345073583;False;2021-09-22 18:11:13.595;Erro no arquivo
22;650292206;TJPE52993202109221632345069258;1c739e79a01558cee45fc1abc7b8e9d8aae0b4cd6cc158e6a5b9a59dbde22ce1;7;1632345069265;;0;0;0;TJPE;G1;;2021/TJPE/09/G1/TJPE52993202109221632345069258;False;2021-09-22 18:11:09.265;Erro no arquivo
23;650292181;TJPE68814202109221632345065860;171494a3c675821ed520b883ea1defe25fbfd13cb1a4eaed4582e6a10788ca38;7;1632345065867;;0;0;0;TJPE;G1;;2021/TJPE/09/G1/TJPE68814202109221632345065860;False;2021-09-22 18:11:05.867;Erro no arquivo
24;650291710;TJPE44667202109221632345059544;fe4ff42895c3af7edcf22036a95d3226acdd19f40de19975e7e8d78725423c55;7;1632345059557;;0;0;0;TJPE;G1;;2021/TJPE/09/G1/TJPE44667202109221632345059544;False;2021-09-22 18:10:59.557;Erro no arquivo
25;650291107;TJPE75250202109221632345051133;cb36fc8c8f537d51631e6750d496a6c399c59055e26fb23268a40f99e73a6283;7;1632345051145;;0;0;0;TJPE;G1;;2021/TJPE/09/G1/TJPE75250202109221632345051133;False;2021-09-22 18:10:51.145;Erro no arquivo
26;650291072;TJPE42116202109221632345046492;2db18422d1b8c96f190bcf2e54a3bc23af922bbad5105dfd33b4ef7d08a2a25e;7;1632345046500;;0;0;0;TJPE;G1;;2021/TJPE/09/G1/TJPE42116202109221632345046492;False;2021-09-22 18:10:46.500;Erro no arquivo
27;650290434;TJPE78174202109221632345037993;e87f3126679548ab004ce14ce592f33048e4a66aee668dd1e0a4b11c4b4b28db;7;1632345038003;;0;0;0;TJPE;G1;;2021/TJPE/09/G1/TJPE78174202109221632345037993;False;2021-09-22 18:10:38.003;Erro no arquivo
28;650289999;TJPE75821202109221632345030678;7bdc8d59307e54cf8b68952a9028881f0d0166a78baacc9d1ff93064ccb12ffd;7;1632345030697;;0;0;0;TJPE;G1;;2021/TJPE/09/G1/TJPE75821202109221632345030678;False;2021-09-22 18:10:30.697;Erro no arquivo
29;650288768;TJPE48145202109221632345010327;d331b53ecc0a77a794e80873e5b08f613172e76ce3d05630d6e8228a3f65415a;3;1632345010346;;100;100;0;TJPE;G1;1676394.0;2021/TJPE/09/G1/TJPE48145202109221632345010327;False;2021-09-22 18:10:10.346;Processado com sucesso
30;650288284;TJPE61717202109221632345003733;64ec3c78e30e53b241ddc72cfbf016c0ced71c49edb726733ad2352d3ec9aff4;7;1632345003741;;0;0;0;TJPE;G1;;2021/TJPE/09/G1/TJPE61717202109221632345003733;False;2021-09-22 18:10:03.741;Erro no arquivo
31;650287889;TJPE36669202109221632344997579;0ef8ca6654f060b1381d6cb9412c255013532783aa1656c07600f4cf3d0b950b;3;1632344997592;;100;100;0;TJPE;JE;1291551.0;2021/TJPE/09/JE/TJPE36669202109221632344997579;False;2021-09-22 18:09:57.592;Processado com sucesso
32;650287529;TJPE33012202109221632344989074;712e5a4f84929addf1f4dab2222ca708922707f7f5c8669bd01181cfa17b5189;7;1632344989084;;0;0;0;TJPE;G1;;2021/TJPE/09/G1/TJPE33012202109221632344989074;False;2021-09-22 18:09:49.084;Erro no arquivo
33;650287110;TJPE59442202109221632344983436;f3107bc6deedabb150de7c79ebc539f355a608ec50d9215506f15fa53700af18;7;1632344983444;;0;0;0;TJPE;G1;;2021/TJPE/09/G1/TJPE59442202109221632344983436;False;2021-09-22 18:09:43.444;Erro no arquivo
34;650286710;TJPE21222202109221632344977519;c8216bf9588234d74e32aaed7d68da2c0f5338ef8c481ee038fc87fe511d1ff6;7;1632344977528;;0;0;0;TJPE;G1;;2021/TJPE/09/G1/TJPE21222202109221632344977519;False;2021-09-22 18:09:37.528;Erro no arquivo
35;650286654;TJPE70913202109221632344972880;155d7b7e28835347f0a42c52876948b77d055b7c7c513589e387967bb576d8ee;7;1632344972890;;0;0;0;TJPE;G1;;2021/TJPE/09/G1/TJPE70913202109221632344972880;False;2021-09-22 18:09:32.890;Erro no arquivo
36;650286257;TJPE27624202109221632344967456;d07d9c66e57f4378415d1eceed2027bebfb59b9383a3e7d3e89c88e767bf46b9;7;1632344967479;;0;0;0;TJPE;G1;;2021/TJPE/09/G1/TJPE27624202109221632344967456;False;2021-09-22 18:09:27.479;Erro no arquivo
37;650285675;TJPE93159202109221632344959434;ceac36ae3c8e713d1c83d59922ad8d3e747c671cad540cd67cd55ff5b833d9c5;7;1632344959448;;0;0;0;TJPE;G1;;2021/TJPE/09/G1/TJPE93159202109221632344959434;False;2021-09-22 18:09:19.448;Erro no arquivo
38;650285477;TJPE50878202109221632344952793;09396b291d2fa532034bf477ec605fe27909e68b5b9e03735d862be068fa6f4d;7;1632344952803;;0;0;0;TJPE;G1;;2021/TJPE/09/G1/TJPE50878202109221632344952793;False;2021-09-22 18:09:12.803;Erro no arquivo
39;650284891;TJPE31815202109221632344944641;e8e71e109c3fc35ce44674288eb90de77bdc51c2c16b6447d0a9a1d47a21421f;7;1632344944650;;0;0;0;TJPE;G1;;2021/TJPE/09/G1/TJPE31815202109221632344944641;False;2021-09-22 18:09:04.650;Erro no arquivo
0;650284565;TJPE38028202109221632344941107;41cc489a560162511870f2c65365dfab35a109ebbcba75e5e20a5471e6e03421;3;1632344941118;;100;100;0;TJPE;JE;1151258.0;2021/TJPE/09/JE/TJPE38028202109221632344941107;False;2021-09-22 18:09:01.118;Processado com sucesso
1;650284479;TJPE26354202109221632344935659;59379548f1609e508cffc9ddf8dde7f4c1784ca816e17799cc141e588c2fa20a;7;1632344935680;;0;0;0;TJPE;G1;;2021/TJPE/09/G1/TJPE26354202109221632344935659;False;2021-09-22 18:08:55.680;Erro no arquivo
2;650283938;TJPE75036202109221632344929120;447943a039d244c6324e93a71679570f923c43415dd4ab674cf177f107f6426c;3;1632344929129;;100;100;0;TJPE;JE;1205626.0;2021/TJPE/09/JE/TJPE75036202109221632344929120;False;2021-09-22 18:08:49.129;Processado com sucesso
3;650283424;TJPE34295202109221632344921963;1a13197570150ccda5abfa553e2a892d61434ba78b49eb817ea491cd81593a91;7;1632344921973;;0;0;0;TJPE;G1;;2021/TJPE/09/G1/TJPE34295202109221632344921963;False;2021-09-22 18:08:41.973;Erro no arquivo
4;650283406;TJPE15871202109221632344918494;de625784ddfe835c5c05b171f0142a68c28ed7851181d3bd9acfe3f7d865576b;3;1632344918510;;95;95;0;TJPE;G1;1278937.0;2021/TJPE/09/G1/TJPE15871202109221632344918494;False;2021-09-22 18:08:38.510;Processado com sucesso
5;650283029;TJPE91064202109221632344913769;bde3cb733a834c12280be4bca54af5cec58a66b5fd2391ca87976d883dae7e1f;7;1632344913778;;0;0;0;TJPE;G1;;2021/TJPE/09/G1/TJPE91064202109221632344913769;False;2021-09-22 18:08:33.778;Erro no arquivo
6;650282423;TJPE76883202109221632344905237;c2d46bd36fa46d10c0ece0b32d631c7e829bd1ba044613959cd4d3979381ed73;7;1632344905249;;0;0;0;TJPE;G1;;2021/TJPE/09/G1/TJPE76883202109221632344905237;False;2021-09-22 18:08:25.249;Erro no arquivo
7;650282230;TJPE36580202109221632344899343;783a6ea7d5e136e0e6ddb29bbef026e671b74ebddc9e2d00f8f0c79239627bf7;7;1632344899349;;0;0;0;TJPE;G1;;2021/TJPE/09/G1/TJPE36580202109221632344899343;False;2021-09-22 18:08:19.349;Erro no arquivo
8;650281801;TJPE27259202109221632344894415;219f2abd1e1358cd6e14b0b91b9abed1d348dd8e964d81367162753d04f4aaf4;7;1632344894424;;0;0;0;TJPE;G1;;2021/TJPE/09/G1/TJPE27259202109221632344894415;False;2021-09-22 18:08:14.424;Erro no arquivo
9;650281402;TJPE28165202109221632344888891;f9924c3ac59a4091368e301336709eadd1efa32a582a035935ca08c4e414d973;7;1632344888903;;0;0;0;TJPE;G1;;2021/TJPE/09/G1/TJPE28165202109221632344888891;False;2021-09-22 18:08:08.903;Erro no arquivo
10;650281223;TJPE78345202109221632344882133;e1228bd443d1ed567b7f31747558d76948715d1f6706d608c6a01249bb57d3d8;7;1632344882141;;0;0;0;TJPE;G1;;2021/TJPE/09/G1/TJPE78345202109221632344882133;False;2021-09-22 18:08:02.141;Erro no arquivo
11;650280675;TJPE27865202109221632344874790;151a427537901be732907fb8a368fa673bf33fd0a5b0adb5f7d45986138f5c32;7;1632344874814;;0;0;0;TJPE;G1;;2021/TJPE/09/G1/TJPE27865202109221632344874790;False;2021-09-22 18:07:54.814;Erro no arquivo
12;650280302;TJPE25865202109221632344869896;2877a68f87dd125b0571b77b6f0d38f207b679d98d956f2fbecc23dbd00502ed;7;1632344869906;;0;0;0;TJPE;G1;;2021/TJPE/09/G1/TJPE25865202109221632344869896;False;2021-09-22 18:07:49.906;Erro no arquivo
13;650280146;TJPE53588202109221632344864628;b3c29355cbcd529865891055cda1a1e79ac9b8477d71e5de38b0d3189272850d;3;1632344864644;;100;100;0;TJPE;G1;1421835.0;2021/TJPE/09/G1/TJPE53588202109221632344864628;False;2021-09-22 18:07:44.644;Processado com sucesso
14;650279855;TJPE32062202109221632344859641;5ae6044caf1d19d9360c1c6a30fc0740e722cfc9b0ce23913c1f28145c34b3a2;7;1632344859650;;0;0;0;TJPE;G1;;2021/TJPE/09/G1/TJPE32062202109221632344859641;False;2021-09-22 18:07:39.650;Erro no arquivo
15;650279605;TJPE33467202109221632344856757;90de2d7627fe4aacaae198774ee9558a1c4a76f527ef82a2190f47cf688619a6;7;1632344856780;;0;0;0;TJPE;G1;;2021/TJPE/09/G1/TJPE33467202109221632344856757;False;2021-09-22 18:07:36.780;Erro no arquivo
16;650279423;TJPE30830202109221632344854194;3f2c03ed18c4152af2d239cf0bcfdc5a1f38d0eedc0d9acd41cd5fa7b72e9696;7;1632344854206;;0;0;0;TJPE;G1;;2021/TJPE/09/G1/TJPE30830202109221632344854194;False;2021-09-22 18:07:34.206;Erro no arquivo
17;650279254;TJPE36008202109221632344851520;b11edc0fe2d2d07eaf7b526bdc43034909b8bbcd2ac550a66984b9a6aec81788;7;1632344851527;;0;0;0;TJPE;G1;;2021/TJPE/09/G1/TJPE36008202109221632344851520;False;2021-09-22 18:07:31.527;Erro no arquivo
18;650279074;TJPE37457202109221632344849229;b1621606c6f836a2d8ed8077b740f1d5cb763260adf1223065dd06baf61cb2ab;7;1632344849252;;0;0;0;TJPE;G1;;2021/TJPE/09/G1/TJPE37457202109221632344849229;False;2021-09-22 18:07:29.252;Erro no arquivo
19;650278942;TJPE97001202109221632344844144;b60b15429f876007627dc83c7f500661bd94acba69f630d2269fd9356eab96d7;7;1632344844152;;0;0;0;TJPE;G1;;2021/TJPE/09/G1/TJPE97001202109221632344844144;False;2021-09-22 18:07:24.152;Erro no arquivo
20;650278775;TJPE64167202109221632344842163;a0a2d8309cc2d7f0574e096a31ff82db83f98fd79a09b4f390129407fa3a8dd6;7;1632344842181;;0;0;0;TJPE;G1;;2021/TJPE/09/G1/TJPE64167202109221632344842163;False;2021-09-22 18:07:22.181;Erro no arquivo
21;650278457;TJPE80042202109221632344838206;e008f3dd8965730bd4f9cc6c75d16a549135d08323fbaf16eda1a3442cecf74c;7;1632344838211;;0;0;0;TJPE;G1;;2021/TJPE/09/G1/TJPE80042202109221632344838206;False;2021-09-22 18:07:18.211;Erro no arquivo
22;650278346;TJPE49001202109221632344836537;e1ce7a18b734b804e695a601da7325792349389d87442329b137b96d80bf00ca;7;1632344836558;;0;0;0;TJPE;G1;;2021/TJPE/09/G1/TJPE49001202109221632344836537;False;2021-09-22 18:07:16.558;Erro no arquivo
23;650278062;TJPE68747202109221632344832701;43b0a9f2eb863ea276c0fda494c42bae01037945104ba21c56375ca8940a89b6;3;1632344832711;;100;100;0;TJPE;JE;1371677.0;2021/TJPE/09/JE/TJPE68747202109221632344832701;False;2021-09-22 18:07:12.711;Processado com sucesso
24;650277969;TJPE95617202109221632344830263;2e255933ceb8a519a6378a5c6b77151dcf783a83d02207de7129dd12dc73287e;7;1632344830268;;0;0;0;TJPE;G1;;2021/TJPE/09/G1/TJPE95617202109221632344830263;False;2021-09-22 18:07:10.268;Erro no arquivo
25;650277962;TJPE54632202109221632344828625;8fb7140324561552a017aa967dd5c28b787e945085a5f01276dc2110e6623a6a;7;1632344828633;;0;0;0;TJPE;G1;;2021/TJPE/09/G1/TJPE54632202109221632344828625;False;2021-09-22 18:07:08.633;Erro no arquivo
26;650277821;TJPE39272202109221632344825594;ee2ad5a9707d61cbb6e97be0e6fa0224d79141a2da755af2c6d8f0a0215ccab2;3;1632344825625;;100;100;0;TJPE;JE;1098603.0;2021/TJPE/09/JE/TJPE39272202109221632344825594;False;2021-09-22 18:07:05.625;Processado com sucesso
27;650277591;TJPE96259202109221632344823116;9f17762927b6bf01a1251955ec761353e6131bb72ace38c02c1f03dde1bf1ae4;7;1632344823122;;0;0;0;TJPE;G1;;2021/TJPE/09/G1/TJPE96259202109221632344823116;False;2021-09-22 18:07:03.122;Erro no arquivo
28;650277441;TJPE75354202109221632344820816;0a5aa84b8e05a98baa3e26fd53500ee72bc5965de0c2c2dea616664cbbfa8e6e;7;1632344820827;;0;0;0;TJPE;G1;;2021/TJPE/09/G1/TJPE75354202109221632344820816;False;2021-09-22 18:07:00.827;Erro no arquivo
29;650277258;TJPE70593202109221632344818469;95df83b6fd1eb453589d58c3cff5e3778ddd87bd8dc32ff4fd1d7f1925c98b4c;7;1632344818479;;0;0;0;TJPE;G1;;2021/TJPE/09/G1/TJPE70593202109221632344818469;False;2021-09-22 18:06:58.479;Erro no arquivo
30;650277060;TJPE58532202109221632344815798;99047d8215b417c6efc1cc04c64260facbeecba1a19c0360bdff8e0b7d8feba8;7;1632344815807;;0;0;0;TJPE;G1;;2021/TJPE/09/G1/TJPE58532202109221632344815798;False;2021-09-22 18:06:55.807;Erro no arquivo
31;650276888;TJPE72202202109221632344812278;8fe760dcbbfdcf73fbcb7901ae5d40a5624aafa6bb7131ce59ad8a26217e5721;3;1632344812286;;100;100;0;TJPE;JE;1079016.0;2021/TJPE/09/JE/TJPE72202202109221632344812278;False;2021-09-22 18:06:52.286;Processado com sucesso
32;650276878;TJPE79970202109221632344809586;20feffe0ff0688dd959f424274a564ca542af6e0ef218f8537bb4301442f4dc5;7;1632344809593;;0;0;0;TJPE;G1;;2021/TJPE/09/G1/TJPE79970202109221632344809586;False;2021-09-22 18:06:49.593;Erro no arquivo
33;650276866;TJPE16268202109221632344807713;3ee72492eff7ada391360833416bcfdd142779666ad814f195b23d7e469c6759;7;1632344807724;;0;0;0;TJPE;G1;;2021/TJPE/09/G1/TJPE16268202109221632344807713;False;2021-09-22 18:06:47.724;Erro no arquivo
34;650276716;TJPE25182202109221632344804994;9b3ac9bf68ab94632cb9ef30499ac392dbeb301c92322e955e2606a2fb8c5651;7;1632344805002;;0;0;0;TJPE;G1;;2021/TJPE/09/G1/TJPE25182202109221632344804994;False;2021-09-22 18:06:45.002;Erro no arquivo
35;650276506;TJPE40697202109221632344802364;b38810d28b8bb4895417fa788274006f95c4748d5b7728c96b206036fb94a062;7;1632344802373;;0;0;0;TJPE;G1;;2021/TJPE/09/G1/TJPE40697202109221632344802364;False;2021-09-22 18:06:42.373;Erro no arquivo
36;650276347;TJPE28699202109221632344800533;fd5d0f624f200d16a22104d88803bfeeb73ccd613ea2f0d04592100094131ad8;7;1632344800546;;0;0;0;TJPE;G1;;2021/TJPE/09/G1/TJPE28699202109221632344800533;False;2021-09-22 18:06:40.546;Erro no arquivo
37;650276108;TJPE12912202109221632344797336;867f4515cbbe1236f333b212c1cd7ace7cce9792a7b4716494472c7d9da06339;7;1632344797344;;0;0;0;TJPE;G1;;2021/TJPE/09/G1/TJPE12912202109221632344797336;False;2021-09-22 18:06:37.344;Erro no arquivo
38;650275754;TJPE86705202109221632344784420;22c65fa08039d00af822dc0894f416cbfe00e1e5a62da28082b1e8eeee5850f0;7;1632344784432;;0;0;0;TJPE;G1;;2021/TJPE/09/G1/TJPE86705202109221632344784420;False;2021-09-22 18:06:24.432;Erro no arquivo
39;650275732;TJPE11647202109221632344778798;4e5fe4177ce58d45ed1e4d70a9c8bd7698f24211a640db9ad471d90ae67c4d12;7;1632344778820;;0;0;0;TJPE;G1;;2021/TJPE/09/G1/TJPE11647202109221632344778798;False;2021-09-22 18:06:18.820;Erro no arquivo
0;650275712;TJPE48442202109221632344773007;db9091e6f2e88f31e0c050cb34d355e17372ac9eff50f46b46e136afab0a5f32;7;1632344773014;;0;0;0;TJPE;G1;;2021/TJPE/09/G1/TJPE48442202109221632344773007;False;2021-09-22 18:06:13.014;Erro no arquivo
1;650275700;TJPE46303202109221632344771142;fdb127504bc8883fa15bb09ce20afa91acef6f641b67d5ed48fe3f84d733a3dc;7;1632344771155;;0;0;0;TJPE;G1;;2021/TJPE/09/G1/TJPE46303202109221632344771142;False;2021-09-22 18:06:11.155;Erro no arquivo
2;650275691;TJPE55612202109221632344768579;93f78315031cca66f01ed2b2990b9e395634307ca583dfcc35c1b4da8f3cd666;7;1632344768602;;0;0;0;TJPE;G1;;2021/TJPE/09/G1/TJPE55612202109221632344768579;False;2021-09-22 18:06:08.602;Erro no arquivo
3;650275680;TJPE27651202109221632344765232;deedc158768e02240dff5ffa5beeaad7646ee73cd8fe80a67e10900f39254648;3;1632344765244;;100;100;0;TJPE;JE;1468724.0;2021/TJPE/09/JE/TJPE27651202109221632344765232;False;2021-09-22 18:06:05.244;Processado com sucesso
4;650275668;TJPE76576202109221632344762952;94312d0efade4d1942efeb598980b6edff85643f6f6c2ef23a7edce5e47a01f5;7;1632344762960;;0;0;0;TJPE;G1;;2021/TJPE/09/G1/TJPE76576202109221632344762952;False;2021-09-22 18:06:02.960;Erro no arquivo
5;650275662;TJPE82515202109221632344761002;df741de53f83b6973a449597593f138d88adddde6e70c62f25fa6dc9baf499d3;7;1632344761010;;0;0;0;TJPE;G1;;2021/TJPE/09/G1/TJPE82515202109221632344761002;False;2021-09-22 18:06:01.010;Erro no arquivo
6;650275656;TJPE78737202109221632344759412;e145cb4bc0cda423ea95c9027f507e5bf6408701d9deec26e9294aa889c48d01;7;1632344759419;;0;0;0;TJPE;G1;;2021/TJPE/09/G1/TJPE78737202109221632344759412;False;2021-09-22 18:05:59.419;Erro no arquivo
7;650275647;TJPE89050202109221632344757447;66a1b69e2066cdd4c628541f9f0d615187821ee349021fdbf34aad40f27f8c58;7;1632344757457;;0;0;0;TJPE;G1;;2021/TJPE/09/G1/TJPE89050202109221632344757447;False;2021-09-22 18:05:57.457;Erro no arquivo
8;650275634;TJPE35010202109221632344755018;0dd95e21865758ace8c77dfb6cfa9295a9513727ce285895a1ad5f1c86425908;7;1632344755028;;0;0;0;TJPE;G1;;2021/TJPE/09/G1/TJPE35010202109221632344755018;False;2021-09-22 18:05:55.028;Erro no arquivo
9;650275624;TJPE67264202109221632344752627;9c0b49a46af5a4a3fae244a01d0988de56710e575d62e5b09c8b4b4346ed13be;7;1632344752638;;0;0;0;TJPE;G1;;2021/TJPE/09/G1/TJPE67264202109221632344752627;False;2021-09-22 18:05:52.638;Erro no arquivo
10;650275614;TJPE79627202109221632344750440;6c7c726e3e9bd743d63c851c8518fb8305eecf99dbc5113a2d07dc6c1675baf4;7;1632344750459;;0;0;0;TJPE;G1;;2021/TJPE/09/G1/TJPE79627202109221632344750440;False;2021-09-22 18:05:50.459;Erro no arquivo
11;650275606;TJPE49574202109221632344748432;db53670c16be808599dd4ca86ffcc4f0ea92b18a0c8c4e18d4491665613a447e;7;1632344748440;;0;0;0;TJPE;G1;;2021/TJPE/09/G1/TJPE49574202109221632344748432;False;2021-09-22 18:05:48.440;Erro no arquivo
12;650275595;TJPE93563202109221632344746455;30a75c5ac6c390b3524719f98c3b2d182677dccac9832668e7887fe3b5ba0e3e;7;1632344746463;;0;0;0;TJPE;G1;;2021/TJPE/09/G1/TJPE93563202109221632344746455;False;2021-09-22 18:05:46.463;Erro no arquivo
13;650275583;TJPE21875202109221632344743206;4c383b995c79c3610a7d5d0c50918e291f6e9d1b5f09866b8ddbc0a21fd14384;7;1632344743216;;0;0;0;TJPE;G1;;2021/TJPE/09/G1/TJPE21875202109221632344743206;False;2021-09-22 18:05:43.216;Erro no arquivo
14;650275569;TJPE50517202109221632344739720;974d659ed45e4dc7a93c4c82dc45642ce54534920d8ba884986de332385ee3e3;3;1632344739730;;100;100;0;TJPE;JE;1277392.0;2021/TJPE/09/JE/TJPE50517202109221632344739720;False;2021-09-22 18:05:39.730;Processado com sucesso
15;650275558;TJPE49136202109221632344737287;d6b49805e25c5cca0986e8506231743348212603108fab3cf71ca5319f040c2e;7;1632344737296;;0;0;0;TJPE;G1;;2021/TJPE/09/G1/TJPE49136202109221632344737287;False;2021-09-22 18:05:37.296;Erro no arquivo
16;650275546;TJPE69239202109221632344735097;bb621b6e96c838f69762947f7a2db827afdd82dcd59cd1976f25d72e27baf7d8;7;1632344735107;;0;0;0;TJPE;G1;;2021/TJPE/09/G1/TJPE69239202109221632344735097;False;2021-09-22 18:05:35.107;Erro no arquivo
17;650275539;TJPE97795202109221632344732622;8867a296140ec29e73ff54217302548b904b59d5dd42e46a22b43e9e1b2f2e34;7;1632344732630;;0;0;0;TJPE;G1;;2021/TJPE/09/G1/TJPE97795202109221632344732622;False;2021-09-22 18:05:32.630;Erro no arquivo
18;650275533;TJPE20037202109221632344730691;623ce916e8f3e62cd66220985de9a557caff12e0dbf628dcfba5b83aa7e65584;7;1632344730699;;0;0;0;TJPE;G1;;2021/TJPE/09/G1/TJPE20037202109221632344730691;False;2021-09-22 18:05:30.699;Erro no arquivo
19;650275523;TJPE80850202109221632344728708;365183c65beb1a58d6626fe0651579b8ee9d2617038fbc18343e3a1575a7ba16;7;1632344728725;;0;0;0;TJPE;G1;;2021/TJPE/09/G1/TJPE80850202109221632344728708;False;2021-09-22 18:05:28.725;Erro no arquivo
20;650275514;TJPE29127202109221632344726866;147f79dfd138f9f6ed202c4f0a9fe37749c9978819966a44c5122980dc2e08fb;7;1632344726877;;0;0;0;TJPE;G1;;2021/TJPE/09/G1/TJPE29127202109221632344726866;False;2021-09-22 18:05:26.877;Erro no arquivo
21;650275500;TJPE78445202109221632344723749;f32b8b07a2587f64b00dd53aaca62004e3dd249bbe066553a3cb4e7ec3cf37f5;7;1632344723758;;0;0;0;TJPE;G1;;2021/TJPE/09/G1/TJPE78445202109221632344723749;False;2021-09-22 18:05:23.758;Erro no arquivo
22;650275486;TJPE40879202109221632344721327;54bbcef7dca459b30b2d5c844f5834e58a797e768583c023456d3d329bfbd38b;7;1632344721337;;0;0;0;TJPE;G1;;2021/TJPE/09/G1/TJPE40879202109221632344721327;False;2021-09-22 18:05:21.337;Erro no arquivo
23;650275474;TJPE65785202109221632344718158;70cd8833139fdc26507ae5f7e57c9c4e1c635ca8ae4de427c54ab15402258fd2;7;1632344718167;;0;0;0;TJPE;G1;;2021/TJPE/09/G1/TJPE65785202109221632344718158;False;2021-09-22 18:05:18.167;Erro no arquivo
24;650275464;TJPE22477202109221632344715826;bdd73e8d3d3f1cb634f3520241ff6e643069bb84035fbc40feafaac531d7bc17;7;1632344715836;;0;0;0;TJPE;G1;;2021/TJPE/09/G1/TJPE22477202109221632344715826;False;2021-09-22 18:05:15.836;Erro no arquivo
25;650275455;TJPE46963202109221632344713292;da93ac26c6e42c09699b5a1103f1fff7cae654a7c21b88316cea4cd6ae56bfbc;7;1632344713301;;0;0;0;TJPE;G1;;2021/TJPE/09/G1/TJPE46963202109221632344713292;False;2021-09-22 18:05:13.301;Erro no arquivo
26;650275447;TJPE22905202109221632344710800;84c5560081904a434bd71f195f28d57fc6cab3214bdfab87a508a2f2902feec3;7;1632344710808;;0;0;0;TJPE;G1;;2021/TJPE/09/G1/TJPE22905202109221632344710800;False;2021-09-22 18:05:10.808;Erro no arquivo
27;650275437;TJPE23325202109221632344708261;db4704f4fe7c50983fce786aad5c307893128a42a002540c412ff4bb062991fb;7;1632344708284;;0;0;0;TJPE;G1;;2021/TJPE/09/G1/TJPE23325202109221632344708261;False;2021-09-22 18:05:08.284;Erro no arquivo
28;650275428;TJPE63409202109221632344705970;f11f53e84e3f9ae6cad49f5ec0ce78a19fa93b3a369f24590b400247d75583e8;7;1632344705978;;0;0;0;TJPE;G1;;2021/TJPE/09/G1/TJPE63409202109221632344705970;False;2021-09-22 18:05:05.978;Erro no arquivo
29;650275419;TJPE40460202109221632344703292;0b804731cef78bc16bf77baf5b6fd9c845957eb081fc3f77c3c66738b5495dd3;3;1632344703297;;91;91;0;TJPE;G1;632188.0;2021/TJPE/09/G1/TJPE40460202109221632344703292;False;2021-09-22 18:05:03.297;Processado com sucesso
30;650275403;TJPE33200202109221632344699231;e4e4ff58fd2ab15a3a2824d8ae772ecc45b41f4fc41e2ac563827e4411795e29;7;1632344699240;;0;0;0;TJPE;JE;;2021/TJPE/09/JE/TJPE33200202109221632344699231;False;2021-09-22 18:04:59.240;Erro no arquivo
31;650275393;TJPE14045202109221632344696196;4957aa83db64ce79c5fd9884bbbcb0b2aff343313be9a27c0810a9804dd514d0;7;1632344696205;;0;0;0;TJPE;G1;;2021/TJPE/09/G1/TJPE14045202109221632344696196;False;2021-09-22 18:04:56.205;Erro no arquivo
32;650275377;TJPE92684202109221632344693962;4692f8fd3f38dca52b63bd6e9d14cb07ebe42f971b4e3377b7e8ace4737197d6;7;1632344693971;;0;0;0;TJPE;G1;;2021/TJPE/09/G1/TJPE92684202109221632344693962;False;2021-09-22 18:04:53.971;Erro no arquivo
33;650275371;TJPE35127202109221632344691777;c6705fbd706cebd88b453cf0f1f77b241db5a11870a002f69ccc3135c86a4e93;3;1632344691792;;100;100;0;TJPE;JE;1240677.0;2021/TJPE/09/JE/TJPE35127202109221632344691777;False;2021-09-22 18:04:51.792;Processado com sucesso
34;650275364;TJPE82477202109221632344689586;c7a9a61b0df3d6cc82cb54bf969904903f4a0fee7c8602e70d285c6a49707535;7;1632344689611;;0;0;0;TJPE;G1;;2021/TJPE/09/G1/TJPE82477202109221632344689586;False;2021-09-22 18:04:49.611;Erro no arquivo
35;650275346;TJPE48411202109221632344684797;8d8265277791a654f298da98b2ffcdfbfe091a6cddf522f3749090c96a616b34;7;1632344684805;;0;0;0;TJPE;G1;;2021/TJPE/09/G1/TJPE48411202109221632344684797;False;2021-09-22 18:04:44.805;Erro no arquivo
36;650275335;TJPE83074202109221632344681253;d8e4ca2425d2695ed69b09364976ed6e17beb2514d67a544badfa6ecf198321d;7;1632344681261;;0;0;0;TJPE;G1;;2021/TJPE/09/G1/TJPE83074202109221632344681253;False;2021-09-22 18:04:41.261;Erro no arquivo
37;650275325;TJPE75705202109221632344679336;51eaca56069d281070d4d611833db9875c105f895eb05cb3f6fbb274503788bd;7;1632344679400;;0;0;0;TJPE;G1;;2021/TJPE/09/G1/TJPE75705202109221632344679336;False;2021-09-22 18:04:39.400;Erro no arquivo
38;650275310;TJPE61757202109221632344676150;cb6575339dd906c5be0f4eb4067988d64ecab9d54d156e46af8ad1b232caf331;7;1632344676173;;0;0;0;TJPE;G1;;2021/TJPE/09/G1/TJPE61757202109221632344676150;False;2021-09-22 18:04:36.173;Erro no arquivo
39;650275301;TJPE22684202109221632344673477;b26c3bff872c608571a8b6a4e8ee2ed2458dee68548fe123031f21af276bcc54;7;1632344673492;;0;0;0;TJPE;G1;;2021/TJPE/09/G1/TJPE22684202109221632344673477;False;2021-09-22 18:04:33.492;Erro no arquivo
0;650275277;TJPE36558202109221632344666920;168eabb7db8aad544a40512a02ee902659587c8602df756e0c4089c63c2d48c9;7;1632344666929;;0;0;0;TJPE;G1;;2021/TJPE/09/G1/TJPE36558202109221632344666920;False;2021-09-22 18:04:26.929;Erro no arquivo
1;650275269;TJPE88764202109221632344665053;5d2854a4e697bcab64aec0f4a019646ec46f4418aa2589b0f26a234289138c2d;7;1632344665065;;0;0;0;TJPE;G1;;2021/TJPE/09/G1/TJPE88764202109221632344665053;False;2021-09-22 18:04:25.065;Erro no arquivo
2;650275257;TJPE49577202109221632344661792;3b73017b6e83ca8ac0133702b51d2f37696744f4c353ec5e968b5e89154f2956;7;1632344661800;;0;0;0;TJPE;G1;;2021/TJPE/09/G1/TJPE49577202109221632344661792;False;2021-09-22 18:04:21.800;Erro no arquivo
3;650275248;TJPE95648202109221632344659540;13a658fedea5c4a24718ea201d263b6b0f0af9aebb65e4e141150e87c9aab3f0;7;1632344659555;;0;0;0;TJPE;G1;;2021/TJPE/09/G1/TJPE95648202109221632344659540;False;2021-09-22 18:04:19.555;Erro no arquivo
4;650275236;TJPE93469202109221632344656555;2b158335d438f151e1b5eb9b5e9fe1f47278ec2fd9ddc2904ee5bf0d1bda750e;7;1632344656568;;0;0;0;TJPE;G1;;2021/TJPE/09/G1/TJPE93469202109221632344656555;False;2021-09-22 18:04:16.568;Erro no arquivo
5;650275227;TJPE49309202109221632344654074;eb489ed2140332e53585005249d136404130ee8316e53c50882116dd4b3a3b93;7;1632344654090;;0;0;0;TJPE;G1;;2021/TJPE/09/G1/TJPE49309202109221632344654074;False;2021-09-22 18:04:14.090;Erro no arquivo
6;650275214;TJPE87308202109221632344650988;ebb04881250b908339e4b69147e7b1dffe9e616368a6c48ec1712a09dbdecb4b;7;1632344650995;;0;0;0;TJPE;G1;;2021/TJPE/09/G1/TJPE87308202109221632344650988;False;2021-09-22 18:04:10.995;Erro no arquivo
7;650275208;TJPE85233202109221632344649182;615210a8ddce25615fd9f61f9074b05bc1f513cbb630d0b345d886f4fd430af2;7;1632344649196;;0;0;0;TJPE;G1;;2021/TJPE/09/G1/TJPE85233202109221632344649182;False;2021-09-22 18:04:09.196;Erro no arquivo
8;650275195;TJPE47280202109221632344645731;a5d22e6c5a204880bb785296810dec6f77784783e6c761e6117156bb0fb359ec;7;1632344645744;;0;0;0;TJPE;G1;;2021/TJPE/09/G1/TJPE47280202109221632344645731;False;2021-09-22 18:04:05.744;Erro no arquivo
